#!ascii label  , from subject sub.01.bl.02 vox2ras=TkReg
979
57146  -37.502  -21.982  53.934 0.0000000000
56100  -20.026  -23.389  49.413 0.0000000000
54860  -28.170  -25.112  51.907 0.0000000000
85086  -39.993  -0.240  37.626 0.0000000000
87463  -46.683  2.411  34.660 0.0000000000
56015  -12.315  -22.993  53.772 0.0000000000
81463  -37.589  -2.841  40.140 0.0000000000
61942  -38.873  -17.633  52.489 0.0000000000
54864  -32.726  -24.348  52.757 0.0000000000
54879  -16.039  -24.353  50.974 0.0000000000
52308  -15.120  -27.059  54.693 0.0000000000
58405  -33.770  -21.516  49.233 0.0000000000
62013  -34.802  -19.041  48.448 0.0000000000
58374  -23.448  -21.643  50.225 0.0000000000
57213  -30.182  -22.329  48.983 0.0000000000
71790  -34.126  -10.697  40.811 0.0000000000
75680  -38.424  -7.819  40.416 0.0000000000
78175  -42.193  -5.210  39.780 0.0000000000
49927  -6.875  -28.566  54.276 0.0000000000
46589  -4.664  -31.349  56.077 0.0000000000
64307  -32.681  -16.798  46.773 0.0000000000
66568  -29.707  -14.241  44.711 0.0000000000
70465  -30.878  -11.740  42.358 0.0000000000
51084  -11.453  -27.996  55.057 0.0000000000
53646  -20.311  -25.529  52.623 0.0000000000
57157  -21.291  -23.321  52.454 0.0000000000
56028  -36.054  -23.635  53.424 0.0000000000
58354  -17.462  -20.932  51.152 0.0000000000
54903  -17.859  -24.149  50.416 0.0000000000
52347  -17.681  -26.323  52.374 0.0000000000
59546  -32.810  -20.535  50.572 0.0000000000
57215  -32.030  -22.357  49.289 0.0000000000
74370  -34.059  -8.107  40.945 0.0000000000
73071  -36.568  -9.663  40.774 0.0000000000
76967  -36.166  -6.453  40.075 0.0000000000
79248  -39.700  -4.045  38.862 0.0000000000
80332  -41.042  -3.350  38.349 0.0000000000
79243  -44.503  -4.337  39.017 0.0000000000
81489  -42.653  -2.421  37.426 0.0000000000
82664  -43.689  -1.070  36.496 0.0000000000
64245  -32.359  -17.307  50.032 0.0000000000
63212  -33.861  -17.872  47.128 0.0000000000
64270  -30.431  -17.217  49.033 0.0000000000
66509  -27.684  -14.155  46.710 0.0000000000
70413  -27.648  -11.813  44.876 0.0000000000
69071  -29.909  -12.804  43.453 0.0000000000
71745  -29.011  -9.629  43.890 0.0000000000
71757  -30.957  -9.386  42.362 0.0000000000
56070  -25.351  -23.771  51.029 0.0000000000
53615  -8.591  -25.396  53.624 0.0000000000
52340  -11.198  -25.890  52.684 0.0000000000
43318  -5.244  -34.054  57.130 0.0000000000
42244  -4.094  -35.351  57.816 0.0000000000
80308  -36.028  -4.109  40.754 0.0000000000
65293  -37.763  -15.293  51.938 0.0000000000
54862  -30.229  -25.066  52.292 0.0000000000
54854  -13.742  -24.174  52.094 0.0000000000
52342  -12.808  -26.253  52.520 0.0000000000
52345  -15.849  -26.429  52.460 0.0000000000
86351  -48.340  1.752  34.198 0.0000000000
57183  -36.060  -22.149  51.556 0.0000000000
58383  -36.665  -20.828  50.493 0.0000000000
60770  -35.015  -20.076  49.286 0.0000000000
60780  -19.615  -20.138  48.835 0.0000000000
58396  -21.313  -21.716  49.903 0.0000000000
62009  -21.902  -18.925  48.626 0.0000000000
59589  -24.192  -20.795  47.950 0.0000000000
56118  -26.555  -23.091  48.306 0.0000000000
58399  -28.565  -20.642  48.842 0.0000000000
54932  -28.768  -24.095  49.329 0.0000000000
54912  -31.723  -24.047  50.752 0.0000000000
56071  -33.509  -23.531  51.028 0.0000000000
69076  -35.199  -13.215  43.424 0.0000000000
78170  -37.717  -5.145  39.689 0.0000000000
78161  -40.826  -6.067  40.317 0.0000000000
83909  -45.194  -0.674  36.325 0.0000000000
48765  -5.032  -29.326  55.544 0.0000000000
45520  -6.540  -32.620  56.813 0.0000000000
62000  -37.198  -18.489  49.750 0.0000000000
65336  -36.722  -16.173  47.910 0.0000000000
66515  -35.076  -14.889  47.344 0.0000000000
64288  -28.490  -16.365  47.962 0.0000000000
64320  -30.583  -16.034  45.632 0.0000000000
67691  -33.745  -13.831  47.667 0.0000000000
68991  -32.078  -12.954  46.138 0.0000000000
69025  -33.157  -13.279  45.253 0.0000000000
69052  -33.948  -13.548  43.972 0.0000000000
70485  -32.716  -11.555  41.341 0.0000000000
73052  -32.435  -9.232  41.653 0.0000000000
57138  -22.950  -22.917  53.190 0.0000000000
52291  -6.581  -25.989  54.902 0.0000000000
49930  -9.422  -28.256  54.564 0.0000000000
51102  -12.943  -27.869  54.500 0.0000000000
42236  -3.104  -35.880  57.813 0.0000000000
53684  -20.438  -25.234  51.145 0.0000000000
54882  -20.779  -24.822  51.865 0.0000000000
56082  -20.971  -23.393  50.307 0.0000000000
57145  -37.033  -22.717  53.366 0.0000000000
57206  -18.792  -22.452  49.323 0.0000000000
56066  -17.846  -22.691  50.515 0.0000000000
54904  -18.705  -24.311  49.997 0.0000000000
53682  -18.804  -25.412  50.255 0.0000000000
75655  -33.768  -7.024  41.351 0.0000000000
75676  -34.503  -7.129  40.573 0.0000000000
76965  -34.390  -5.918  40.888 0.0000000000
83872  -39.587  -0.765  38.574 0.0000000000
81474  -39.554  -2.453  38.577 0.0000000000
82631  -40.606  -1.958  37.868 0.0000000000
81477  -42.118  -2.763  37.859 0.0000000000
83887  -41.018  -0.851  36.842 0.0000000000
83905  -41.584  -0.275  36.563 0.0000000000
64256  -31.140  -16.897  49.796 0.0000000000
70393  -27.932  -11.106  46.215 0.0000000000
71754  -28.434  -10.881  43.656 0.0000000000
73024  -28.320  -9.334  45.076 0.0000000000
73025  -29.034  -8.801  44.476 0.0000000000
54883  -25.915  -24.627  50.894 0.0000000000
53647  -26.326  -25.182  52.551 0.0000000000
53649  -27.580  -25.536  52.632 0.0000000000
54826  -10.391  -24.096  53.212 0.0000000000
54851  -11.199  -24.399  52.769 0.0000000000
85115  -46.825  0.282  34.947 0.0000000000
43317  -4.524  -34.476  57.329 0.0000000000
61900  -39.656  -18.449  53.821 0.0000000000
64228  -37.985  -16.473  52.030 0.0000000000
54863  -31.420  -24.950  52.932 0.0000000000
54835  -32.458  -24.597  53.894 0.0000000000
56044  -16.731  -22.651  51.890 0.0000000000
56043  -16.001  -22.812  52.137 0.0000000000
56018  -14.858  -22.695  53.325 0.0000000000
56062  -14.908  -23.575  51.827 0.0000000000
53665  -14.561  -25.507  51.641 0.0000000000
53666  -15.672  -25.369  51.233 0.0000000000
52312  -18.383  -26.147  53.833 0.0000000000
52311  -17.707  -26.076  53.887 0.0000000000
57218  -34.796  -22.211  50.178 0.0000000000
58407  -35.536  -21.207  49.861 0.0000000000
58406  -34.675  -21.425  49.441 0.0000000000
61992  -20.179  -18.241  49.282 0.0000000000
62008  -20.900  -18.971  48.792 0.0000000000
61993  -21.515  -18.061  48.891 0.0000000000
62011  -23.864  -18.726  48.174 0.0000000000
60786  -25.451  -19.222  47.867 0.0000000000
58422  -25.322  -22.098  48.131 0.0000000000
59607  -26.275  -20.846  47.496 0.0000000000
58378  -30.158  -20.632  49.966 0.0000000000
58400  -29.457  -21.030  48.976 0.0000000000
57235  -28.613  -22.766  48.277 0.0000000000
56105  -29.277  -23.335  48.768 0.0000000000
54910  -29.509  -24.219  50.025 0.0000000000
56106  -30.366  -23.173  49.045 0.0000000000
57216  -33.000  -22.358  49.426 0.0000000000
56109  -33.195  -23.138  49.644 0.0000000000
56110  -34.041  -23.081  49.914 0.0000000000
56091  -34.487  -22.775  50.918 0.0000000000
69113  -35.246  -12.322  41.779 0.0000000000
69078  -37.120  -12.641  43.197 0.0000000000
70468  -36.468  -11.733  41.730 0.0000000000
74395  -37.622  -8.525  40.476 0.0000000000
71794  -38.192  -10.612  41.273 0.0000000000
80309  -36.673  -3.612  40.499 0.0000000000
79226  -36.570  -4.883  40.152 0.0000000000
79236  -37.201  -4.527  39.861 0.0000000000
78174  -41.131  -5.291  39.906 0.0000000000
78173  -40.285  -5.495  39.963 0.0000000000
78162  -41.870  -5.792  40.470 0.0000000000
76951  -42.152  -7.206  41.418 0.0000000000
82665  -44.581  -1.095  36.792 0.0000000000
85102  -43.781  0.597  35.512 0.0000000000
85113  -44.631  0.786  35.103 0.0000000000
51081  -5.518  -27.331  55.297 0.0000000000
51080  -4.958  -27.804  55.544 0.0000000000
48785  -6.605  -29.401  54.492 0.0000000000
46590  -7.207  -31.855  56.770 0.0000000000
45482  -6.529  -33.038  58.894 0.0000000000
60790  -36.046  -19.636  48.792 0.0000000000
60752  -36.960  -19.481  49.916 0.0000000000
62015  -36.316  -18.601  48.467 0.0000000000
64292  -33.245  -17.531  46.998 0.0000000000
64294  -35.252  -17.156  47.270 0.0000000000
65354  -34.875  -16.056  47.117 0.0000000000
66497  -36.441  -15.393  48.067 0.0000000000
65376  -33.817  -15.847  46.783 0.0000000000
66492  -28.176  -14.410  49.004 0.0000000000
66553  -28.014  -14.205  45.253 0.0000000000
65372  -28.262  -15.450  45.986 0.0000000000
65385  -30.178  -15.507  45.408 0.0000000000
66536  -31.961  -15.174  46.783 0.0000000000
67727  -30.990  -13.806  46.571 0.0000000000
68963  -31.385  -13.439  47.082 0.0000000000
67748  -30.907  -13.520  45.759 0.0000000000
70447  -30.504  -12.198  43.073 0.0000000000
69073  -31.403  -13.195  43.843 0.0000000000
70449  -32.293  -13.187  43.543 0.0000000000
69051  -33.097  -13.415  44.302 0.0000000000
69074  -33.002  -13.301  43.249 0.0000000000
69093  -33.176  -13.044  42.552 0.0000000000
70466  -32.219  -12.365  42.059 0.0000000000
74326  -31.182  -7.523  43.451 0.0000000000
73051  -31.486  -8.861  42.261 0.0000000000
74347  -32.245  -7.799  42.434 0.0000000000
59542  -22.245  -21.224  50.144 0.0000000000
58356  -22.368  -21.715  51.309 0.0000000000
57160  -23.262  -22.293  52.318 0.0000000000
51099  -10.155  -27.291  53.977 0.0000000000
52304  -8.437  -26.454  53.673 0.0000000000
51082  -9.819  -28.011  54.512 0.0000000000
52325  -14.279  -27.104  53.643 0.0000000000
52324  -13.185  -26.935  53.239 0.0000000000
51104  -14.551  -27.599  54.949 0.0000000000
53618  -19.609  -25.970  53.110 0.0000000000
54830  -20.874  -24.855  54.336 0.0000000000
56021  -21.307  -23.962  53.724 0.0000000000
57118  -21.758  -23.357  53.904 0.0000000000
56026  -33.989  -23.926  53.138 0.0000000000
54817  -34.483  -24.757  54.633 0.0000000000
57156  -17.144  -21.514  51.850 0.0000000000
56065  -17.316  -23.115  50.860 0.0000000000
54880  -16.965  -24.129  50.696 0.0000000000
53667  -16.876  -25.305  50.749 0.0000000000
53668  -17.949  -25.873  50.752 0.0000000000
52366  -18.983  -26.382  51.795 0.0000000000
59570  -32.988  -20.648  49.775 0.0000000000
59571  -33.597  -20.688  49.406 0.0000000000
58379  -30.838  -20.914  49.929 0.0000000000
57214  -31.101  -22.352  49.048 0.0000000000
58381  -32.317  -20.863  49.806 0.0000000000
73087  -34.255  -9.961  40.640 0.0000000000
71813  -35.375  -9.983  40.750 0.0000000000
73088  -34.824  -9.259  40.658 0.0000000000
74394  -36.675  -8.441  40.282 0.0000000000
75679  -37.406  -7.639  40.174 0.0000000000
80322  -38.424  -3.389  39.165 0.0000000000
80330  -39.229  -3.330  38.779 0.0000000000
79249  -40.691  -3.995  38.877 0.0000000000
79250  -41.695  -3.967  38.757 0.0000000000
78176  -43.287  -5.284  39.462 0.0000000000
79251  -42.676  -3.904  38.607 0.0000000000
80334  -42.923  -3.214  37.951 0.0000000000
81478  -43.931  -2.727  38.035 0.0000000000
82646  -43.143  -1.768  36.854 0.0000000000
83906  -42.407  -0.120  36.333 0.0000000000
48768  -8.664  -29.488  55.100 0.0000000000
47675  -7.865  -30.261  55.313 0.0000000000
47653  -8.561  -30.057  56.276 0.0000000000
63191  -34.017  -18.493  48.603 0.0000000000
62026  -35.136  -18.585  47.936 0.0000000000
64258  -32.553  -17.597  49.170 0.0000000000
64272  -32.194  -17.456  48.401 0.0000000000
63189  -31.439  -17.730  48.077 0.0000000000
67690  -28.003  -13.305  48.476 0.0000000000
68962  -27.759  -12.011  46.857 0.0000000000
68988  -27.565  -12.798  45.810 0.0000000000
67762  -28.095  -13.233  44.492 0.0000000000
67764  -29.679  -13.555  44.178 0.0000000000
69048  -28.464  -12.572  43.976 0.0000000000
70446  -29.630  -11.700  42.974 0.0000000000
71770  -29.765  -11.157  42.668 0.0000000000
71771  -30.210  -10.791  42.396 0.0000000000
73035  -29.930  -8.993  43.122 0.0000000000
57194  -24.648  -22.637  50.115 0.0000000000
56046  -24.651  -23.194  52.243 0.0000000000
56047  -25.077  -23.843  52.051 0.0000000000
53617  -9.973  -25.226  53.110 0.0000000000
51114  -10.861  -27.035  53.494 0.0000000000
45518  -4.713  -32.409  56.145 0.0000000000
46554  -3.780  -31.317  58.000 0.0000000000
44435  -4.444  -33.569  56.804 0.0000000000
44419  -3.778  -33.686  57.358 0.0000000000
43306  -2.874  -34.206  57.991 0.0000000000
66456  -36.948  -14.171  51.607 0.0000000000
54861  -29.174  -25.032  52.058 0.0000000000
53623  -28.838  -25.748  53.665 0.0000000000
56017  -14.137  -23.085  53.571 0.0000000000
54829  -13.219  -23.691  52.724 0.0000000000
53642  -12.406  -25.295  52.305 0.0000000000
53643  -13.473  -25.447  52.014 0.0000000000
53644  -14.113  -26.076  52.057 0.0000000000
52326  -15.408  -26.665  53.482 0.0000000000
52346  -16.791  -26.291  52.397 0.0000000000
52327  -16.373  -26.359  53.340 0.0000000000
52293  -15.861  -26.407  55.515 0.0000000000
87464  -47.268  1.912  34.585 0.0000000000
57166  -36.838  -22.315  52.293 0.0000000000
58347  -37.463  -21.575  52.227 0.0000000000
58366  -36.771  -21.498  51.267 0.0000000000
58408  -36.091  -20.896  50.131 0.0000000000
60789  -35.278  -19.660  48.889 0.0000000000
59548  -34.161  -20.228  49.766 0.0000000000
60769  -34.680  -19.719  49.284 0.0000000000
61998  -34.239  -18.983  49.535 0.0000000000
63155  -32.779  -17.918  50.203 0.0000000000
58394  -19.306  -21.587  48.797 0.0000000000
57208  -20.796  -22.548  49.601 0.0000000000
59585  -20.653  -20.827  48.968 0.0000000000
60765  -21.847  -20.183  49.179 0.0000000000
59566  -22.566  -20.704  49.323 0.0000000000
61994  -22.580  -18.050  48.728 0.0000000000
60784  -23.265  -19.645  48.375 0.0000000000
58397  -23.775  -21.618  49.175 0.0000000000
57210  -25.057  -22.593  49.072 0.0000000000
57211  -25.638  -23.239  49.240 0.0000000000
54930  -27.095  -24.232  49.412 0.0000000000
59591  -26.973  -20.082  48.141 0.0000000000
58434  -27.177  -21.876  47.408 0.0000000000
56103  -27.447  -23.824  48.776 0.0000000000
54909  -28.330  -24.451  50.162 0.0000000000
54887  -29.896  -24.649  51.235 0.0000000000
54888  -31.007  -24.546  51.559 0.0000000000
54889  -32.119  -24.314  51.743 0.0000000000
56107  -31.312  -23.171  49.202 0.0000000000
54913  -32.648  -23.878  50.904 0.0000000000
54890  -33.174  -23.860  51.714 0.0000000000
56072  -34.054  -23.271  51.668 0.0000000000
57164  -35.312  -22.820  52.124 0.0000000000
59562  -18.461  -20.417  49.604 0.0000000000
70490  -37.591  -11.250  41.503 0.0000000000
78155  -35.208  -5.222  40.479 0.0000000000
76968  -37.156  -6.656  40.020 0.0000000000
76969  -38.152  -6.851  40.167 0.0000000000
78171  -38.521  -5.279  39.598 0.0000000000
78159  -38.844  -6.110  39.950 0.0000000000
76970  -39.225  -7.072  40.153 0.0000000000
76950  -41.098  -7.468  41.116 0.0000000000
83921  -45.754  -0.647  35.864 0.0000000000
85114  -45.638  0.265  35.289 0.0000000000
87462  -45.524  2.694  35.027 0.0000000000
48743  -4.575  -29.145  56.367 0.0000000000
47672  -4.911  -30.795  55.802 0.0000000000
47674  -6.627  -30.382  54.824 0.0000000000
46604  -6.035  -31.431  55.217 0.0000000000
45531  -5.558  -32.102  55.647 0.0000000000
44421  -6.131  -33.283  57.429 0.0000000000
59509  -37.762  -20.408  52.269 0.0000000000
60735  -37.794  -18.917  51.362 0.0000000000
61964  -37.820  -18.044  51.056 0.0000000000
63215  -36.149  -17.954  47.969 0.0000000000
63174  -37.148  -17.188  48.998 0.0000000000
63157  -37.648  -17.099  50.597 0.0000000000
65312  -37.248  -15.618  50.140 0.0000000000
66484  -36.415  -14.843  48.955 0.0000000000
66483  -35.407  -14.178  49.194 0.0000000000
64269  -29.238  -16.478  48.859 0.0000000000
63209  -29.966  -17.572  47.044 0.0000000000
65350  -27.873  -15.664  47.267 0.0000000000
64304  -29.524  -17.000  46.390 0.0000000000
65374  -32.238  -16.003  46.635 0.0000000000
65351  -32.716  -15.157  47.032 0.0000000000
66514  -34.257  -14.548  47.382 0.0000000000
67766  -31.260  -13.338  44.582 0.0000000000
70395  -32.388  -13.110  45.759 0.0000000000
67786  -34.595  -13.447  43.256 0.0000000000
69094  -33.895  -13.238  42.164 0.0000000000
70486  -33.510  -12.175  41.364 0.0000000000
71772  -31.179  -10.328  41.767 0.0000000000
71773  -32.340  -10.724  41.390 0.0000000000
73068  -32.837  -10.025  41.239 0.0000000000
74369  -33.482  -8.158  41.485 0.0000000000
75654  -33.273  -7.400  41.937 0.0000000000
57178  -21.485  -22.788  51.449 0.0000000000
57137  -22.162  -22.915  53.167 0.0000000000
54811  -24.080  -24.301  54.126 0.0000000000
52302  -6.639  -26.901  54.439 0.0000000000
53594  -7.776  -25.233  54.229 0.0000000000
51097  -8.106  -27.583  53.970 0.0000000000
49928  -7.776  -28.540  54.195 0.0000000000
48769  -9.223  -29.227  55.531 0.0000000000
52341  -11.929  -26.037  52.617 0.0000000000
51115  -11.717  -27.167  53.677 0.0000000000
51101  -12.035  -27.659  54.423 0.0000000000
42230  -3.699  -36.117  60.054 0.0000000000
42243  -3.480  -35.426  57.879 0.0000000000
44403  -2.124  -33.670  58.584 0.0000000000
58331  -37.741  -21.518  53.381 0.0000000000
54928  -20.177  -24.079  49.820 0.0000000000
54906  -20.561  -24.512  50.579 0.0000000000
54929  -20.577  -23.900  50.073 0.0000000000
56099  -19.155  -23.360  49.494 0.0000000000
54905  -19.619  -24.739  50.044 0.0000000000
76948  -34.017  -5.946  41.929 0.0000000000
83885  -39.858  -0.754  37.814 0.0000000000
82630  -40.072  -1.587  38.111 0.0000000000
82643  -40.231  -1.145  37.624 0.0000000000
82644  -40.821  -1.526  37.437 0.0000000000
83886  -40.363  -0.625  37.302 0.0000000000
83904  -40.761  -0.150  36.818 0.0000000000
54859  -27.230  -25.196  51.809 0.0000000000
53648  -26.762  -25.395  52.548 0.0000000000
56014  -11.820  -22.888  53.905 0.0000000000
54827  -11.510  -23.429  53.349 0.0000000000
86339  -46.154  1.390  34.891 0.0000000000
86340  -47.110  1.316  34.731 0.0000000000
63100  -39.383  -17.142  52.881 0.0000000000
64217  -39.242  -16.161  52.688 0.0000000000
63117  -38.672  -16.917  52.266 0.0000000000
56064  -16.436  -23.409  51.300 0.0000000000
56063  -15.604  -23.537  51.583 0.0000000000
54878  -15.058  -24.419  51.442 0.0000000000
60767  -25.918  -18.525  48.845 0.0000000000
59590  -25.981  -20.003  47.654 0.0000000000
60787  -26.412  -19.245  48.363 0.0000000000
58401  -30.163  -21.390  49.205 0.0000000000
57212  -29.385  -22.114  48.702 0.0000000000
56085  -29.826  -23.809  49.227 0.0000000000
57217  -33.987  -22.400  49.379 0.0000000000
56111  -34.344  -22.887  50.340 0.0000000000
70487  -34.694  -11.727  41.279 0.0000000000
70488  -35.829  -11.532  41.436 0.0000000000
74396  -38.588  -8.784  40.828 0.0000000000
73092  -38.257  -9.397  40.932 0.0000000000
75681  -39.572  -8.056  40.784 0.0000000000
80310  -37.229  -3.182  40.244 0.0000000000
80320  -36.939  -3.959  39.984 0.0000000000
80321  -37.473  -3.501  39.752 0.0000000000
76973  -42.612  -6.451  40.898 0.0000000000
86336  -43.798  1.636  35.190 0.0000000000
49903  -6.053  -28.489  54.732 0.0000000000
62014  -35.548  -19.025  48.359 0.0000000000
64308  -33.528  -16.621  46.689 0.0000000000
64293  -34.210  -17.181  46.886 0.0000000000
65377  -34.287  -15.870  46.899 0.0000000000
66554  -28.767  -14.561  44.991 0.0000000000
66555  -29.797  -14.815  45.203 0.0000000000
66556  -30.760  -14.640  45.602 0.0000000000
66569  -30.181  -14.346  45.094 0.0000000000
70448  -31.437  -12.719  43.192 0.0000000000
59543  -22.840  -21.348  50.199 0.0000000000
58357  -23.134  -21.656  51.232 0.0000000000
57179  -23.828  -22.048  51.697 0.0000000000
51083  -10.526  -27.962  54.827 0.0000000000
49906  -10.894  -28.490  55.633 0.0000000000
52307  -14.498  -27.428  54.453 0.0000000000
47628  -4.416  -30.197  57.174 0.0000000000
47611  -4.123  -30.431  57.863 0.0000000000
60695  -39.085  -19.044  53.359 0.0000000000
53619  -20.248  -25.536  53.753 0.0000000000
56045  -21.122  -23.989  52.617 0.0000000000
57135  -21.243  -23.575  53.033 0.0000000000
56002  -21.759  -23.644  54.552 0.0000000000
57136  -21.551  -23.275  53.302 0.0000000000
56027  -34.717  -24.017  53.481 0.0000000000
56006  -34.808  -24.431  54.127 0.0000000000
59520  -17.425  -19.817  51.431 0.0000000000
56081  -18.194  -23.272  50.129 0.0000000000
56080  -17.734  -23.626  50.525 0.0000000000
54902  -17.432  -24.205  50.553 0.0000000000
53680  -17.394  -24.584  50.499 0.0000000000
53681  -17.891  -24.994  50.316 0.0000000000
53670  -19.539  -26.065  51.528 0.0000000000
53669  -18.909  -26.169  50.958 0.0000000000
53645  -19.713  -25.955  52.226 0.0000000000
58402  -30.940  -21.520  49.236 0.0000000000
58364  -32.123  -20.774  50.694 0.0000000000
58404  -32.790  -21.443  49.447 0.0000000000
73070  -34.283  -8.729  40.719 0.0000000000
75677  -35.430  -7.306  40.271 0.0000000000
74393  -35.687  -8.332  40.402 0.0000000000
75678  -36.405  -7.484  40.111 0.0000000000
81473  -38.853  -2.740  39.016 0.0000000000
81465  -38.958  -2.116  39.132 0.0000000000
81475  -40.508  -2.540  38.092 0.0000000000
80331  -40.088  -3.329  38.465 0.0000000000
80333  -41.966  -3.332  38.245 0.0000000000
81488  -41.652  -2.158  37.577 0.0000000000
80343  -43.171  -2.846  37.619 0.0000000000
81490  -43.709  -2.531  37.617 0.0000000000
82662  -42.164  -0.674  36.528 0.0000000000
63172  -33.257  -18.028  48.900 0.0000000000
64271  -31.453  -17.452  48.727 0.0000000000
64290  -31.817  -17.597  47.764 0.0000000000
69022  -27.658  -11.859  45.277 0.0000000000
68989  -27.726  -12.019  45.859 0.0000000000
69021  -27.567  -12.368  45.171 0.0000000000
67746  -27.687  -13.384  45.245 0.0000000000
69047  -27.772  -12.562  44.548 0.0000000000
70431  -27.889  -11.582  44.190 0.0000000000
71744  -28.249  -10.149  44.263 0.0000000000
71755  -29.330  -10.357  43.198 0.0000000000
70463  -29.835  -11.451  42.714 0.0000000000
73034  -29.423  -9.216  43.697 0.0000000000
73026  -29.831  -8.287  43.866 0.0000000000
57181  -24.958  -23.036  50.805 0.0000000000
56069  -24.939  -23.240  51.496 0.0000000000
53621  -26.914  -25.766  53.350 0.0000000000
53620  -26.263  -25.357  53.099 0.0000000000
53640  -10.753  -25.177  52.769 0.0000000000
52321  -10.496  -26.228  53.073 0.0000000000
44436  -5.188  -33.472  56.509 0.0000000000
43329  -4.806  -33.987  56.823 0.0000000000
42245  -4.487  -35.039  57.974 0.0000000000
43316  -3.529  -34.581  57.642 0.0000000000
44418  -3.208  -33.584  57.934 0.0000000000
65294  -38.361  -14.864  52.574 0.0000000000
66457  -38.018  -13.988  52.262 0.0000000000
66464  -36.690  -14.588  50.853 0.0000000000
53651  -29.476  -25.404  52.961 0.0000000000
53652  -30.333  -25.391  53.173 0.0000000000
56041  -14.402  -23.345  52.511 0.0000000000
56040  -13.751  -23.454  52.884 0.0000000000
54853  -12.875  -24.399  52.378 0.0000000000
52362  -15.414  -26.094  51.776 0.0000000000
52344  -14.771  -26.462  52.446 0.0000000000
52364  -17.278  -26.165  51.498 0.0000000000
52363  -16.301  -26.078  51.592 0.0000000000
53595  -17.495  -25.986  54.439 0.0000000000
52310  -16.925  -26.062  54.180 0.0000000000
52309  -15.994  -26.370  54.354 0.0000000000
57184  -36.826  -21.967  51.775 0.0000000000
58365  -36.088  -21.755  51.017 0.0000000000
59573  -35.368  -20.396  49.310 0.0000000000
59594  -35.882  -20.102  49.099 0.0000000000
59547  -33.518  -20.238  50.355 0.0000000000
60751  -33.964  -19.549  50.394 0.0000000000
61980  -33.658  -18.763  50.674 0.0000000000
63173  -33.624  -18.374  49.782 0.0000000000
59563  -19.135  -20.628  48.982 0.0000000000
58418  -20.072  -21.593  48.696 0.0000000000
59584  -19.831  -20.750  48.655 0.0000000000
60782  -21.328  -19.962  48.990 0.0000000000
60766  -22.102  -20.328  49.260 0.0000000000
60783  -22.334  -19.843  48.803 0.0000000000
60785  -24.252  -19.711  47.814 0.0000000000
59588  -23.429  -20.670  48.565 0.0000000000
58420  -23.947  -21.243  48.426 0.0000000000
58398  -24.360  -22.219  49.329 0.0000000000
58421  -24.660  -21.747  48.264 0.0000000000
57232  -25.887  -22.624  48.239 0.0000000000
54907  -26.506  -24.447  50.002 0.0000000000
56102  -26.448  -23.668  48.963 0.0000000000
58376  -28.664  -19.797  50.222 0.0000000000
59569  -27.885  -19.904  49.016 0.0000000000
59592  -27.729  -20.580  48.179 0.0000000000
58423  -27.928  -21.368  47.805 0.0000000000
56121  -28.527  -23.315  48.497 0.0000000000
56120  -27.970  -23.324  48.265 0.0000000000
56104  -28.304  -23.749  48.779 0.0000000000
54931  -27.867  -24.172  49.425 0.0000000000
54886  -28.795  -24.709  51.071 0.0000000000
54911  -30.681  -24.162  50.484 0.0000000000
56108  -32.272  -23.174  49.409 0.0000000000
56089  -33.313  -23.577  50.371 0.0000000000
56088  -32.456  -23.694  50.073 0.0000000000
54914  -33.147  -23.718  50.964 0.0000000000
54891  -33.682  -23.630  52.178 0.0000000000
57196  -35.137  -22.335  51.169 0.0000000000
56073  -34.859  -22.769  51.723 0.0000000000
57182  -35.442  -22.559  51.798 0.0000000000
57165  -35.984  -22.818  52.393 0.0000000000
60747  -18.781  -18.881  49.883 0.0000000000
60762  -18.466  -19.593  49.908 0.0000000000
69054  -36.008  -13.309  44.198 0.0000000000
69097  -37.393  -12.129  42.516 0.0000000000
71792  -36.246  -10.352  41.002 0.0000000000
71793  -37.284  -10.536  41.164 0.0000000000
79224  -35.462  -4.486  40.993 0.0000000000
78157  -36.958  -5.572  40.045 0.0000000000
78158  -37.889  -5.917  39.954 0.0000000000
79247  -38.883  -3.991  38.925 0.0000000000
79237  -38.138  -4.378  39.323 0.0000000000
79238  -39.144  -4.691  39.199 0.0000000000
78172  -39.467  -5.393  39.742 0.0000000000
78160  -39.830  -6.190  40.132 0.0000000000
76971  -40.390  -7.143  40.503 0.0000000000
76949  -40.531  -7.605  40.911 0.0000000000
75659  -42.868  -7.837  41.985 0.0000000000
78177  -44.127  -5.116  39.234 0.0000000000
82648  -44.904  -1.589  37.430 0.0000000000
82667  -45.861  -1.370  37.316 0.0000000000
86337  -44.398  1.574  34.933 0.0000000000
86338  -45.166  1.487  34.927 0.0000000000
49879  -4.711  -28.339  55.909 0.0000000000
47651  -4.827  -30.036  55.972 0.0000000000
47673  -5.406  -30.452  55.250 0.0000000000
46606  -7.681  -30.861  56.005 0.0000000000
47694  -7.261  -30.047  54.718 0.0000000000
45533  -6.819  -32.053  56.198 0.0000000000
45532  -6.328  -32.171  55.785 0.0000000000
45519  -5.691  -32.747  56.134 0.0000000000
59508  -37.421  -21.097  51.719 0.0000000000
59528  -37.398  -20.693  51.204 0.0000000000
60772  -37.077  -19.026  49.832 0.0000000000
59550  -37.633  -19.446  50.879 0.0000000000
60753  -37.465  -18.952  50.415 0.0000000000
61981  -37.552  -18.044  50.288 0.0000000000
63213  -34.554  -18.217  47.596 0.0000000000
63214  -35.546  -17.959  47.634 0.0000000000
65356  -36.353  -16.333  47.554 0.0000000000
64295  -36.318  -17.060  47.644 0.0000000000
64274  -36.951  -16.742  48.400 0.0000000000
64260  -37.358  -16.459  49.665 0.0000000000
64246  -37.460  -16.140  50.567 0.0000000000
65325  -37.186  -15.755  49.576 0.0000000000
66496  -35.819  -14.624  48.073 0.0000000000
66471  -36.268  -14.545  50.091 0.0000000000
65334  -28.254  -15.660  48.582 0.0000000000
65335  -28.812  -15.839  49.212 0.0000000000
64268  -28.622  -16.206  48.506 0.0000000000
63187  -29.947  -17.569  48.096 0.0000000000
64289  -29.135  -17.100  47.545 0.0000000000
67706  -27.654  -13.789  46.999 0.0000000000
66510  -27.766  -14.382  47.642 0.0000000000
64319  -29.837  -16.306  45.634 0.0000000000
64318  -28.951  -16.310  45.886 0.0000000000
64305  -30.598  -16.847  46.038 0.0000000000
65373  -31.341  -15.758  46.069 0.0000000000
66512  -32.216  -14.405  47.355 0.0000000000
66513  -33.394  -14.337  47.483 0.0000000000
66494  -34.092  -14.156  47.921 0.0000000000
67693  -34.607  -13.744  48.225 0.0000000000
68964  -32.052  -13.176  47.084 0.0000000000
67782  -30.418  -13.383  43.913 0.0000000000
67783  -31.022  -13.429  44.059 0.0000000000
70433  -32.485  -13.236  44.544 0.0000000000
70415  -32.073  -13.033  44.792 0.0000000000
70416  -32.521  -13.156  45.318 0.0000000000
69026  -33.958  -13.330  45.142 0.0000000000
69027  -34.835  -12.982  45.057 0.0000000000
69053  -34.942  -13.271  44.042 0.0000000000
67768  -34.281  -13.529  43.463 0.0000000000
70467  -33.179  -12.708  42.052 0.0000000000
69111  -33.891  -12.815  41.600 0.0000000000
71756  -30.370  -9.729  42.560 0.0000000000
73069  -33.581  -9.364  40.948 0.0000000000
73053  -33.129  -8.744  41.555 0.0000000000
57193  -21.291  -22.689  50.537 0.0000000000
58373  -21.563  -21.991  50.420 0.0000000000
57159  -22.439  -22.418  52.507 0.0000000000
58338  -22.057  -22.093  51.873 0.0000000000
57120  -22.526  -23.193  53.753 0.0000000000
56004  -23.102  -23.464  54.058 0.0000000000
56025  -24.819  -23.773  52.794 0.0000000000
56024  -24.140  -23.484  53.184 0.0000000000
54831  -24.693  -24.152  53.410 0.0000000000
53603  -29.154  -25.893  54.546 0.0000000000
52290  -6.184  -26.770  55.059 0.0000000000
54803  -8.476  -24.693  53.990 0.0000000000
51098  -9.165  -27.580  54.073 0.0000000000
49929  -8.843  -28.620  54.459 0.0000000000
49904  -9.179  -29.066  55.069 0.0000000000
51117  -13.396  -27.462  53.920 0.0000000000
51116  -12.593  -27.349  53.787 0.0000000000
87476  -47.513  2.466  34.328 0.0000000000
41193  -3.245  -36.633  58.645 0.0000000000
43315  -3.009  -34.976  57.794 0.0000000000
43305  -2.344  -34.487  58.145 0.0000000000
53671  -20.178  -25.625  51.658 0.0000000000
56067  -21.153  -23.577  51.448 0.0000000000
58372  -17.857  -21.232  50.161 0.0000000000
57191  -18.148  -22.217  50.069 0.0000000000
53683  -19.819  -25.567  50.735 0.0000000000
59526  -32.513  -20.427  51.526 0.0000000000
74392  -34.797  -8.148  40.606 0.0000000000
76966  -35.173  -6.232  40.197 0.0000000000
82622  -39.408  -1.521  38.933 0.0000000000
81476  -41.370  -2.742  37.957 0.0000000000
81487  -40.984  -2.195  37.771 0.0000000000
82645  -41.948  -1.364  36.883 0.0000000000
64257  -31.983  -17.153  49.446 0.0000000000
64243  -30.814  -16.604  51.001 0.0000000000
64255  -30.066  -16.413  50.017 0.0000000000
70414  -27.797  -11.226  45.168 0.0000000000
71737  -27.939  -10.160  45.517 0.0000000000
54857  -25.626  -24.461  51.901 0.0000000000
54858  -26.357  -24.992  51.897 0.0000000000
43308  -5.293  -34.339  57.989 0.0000000000
43307  -4.820  -34.799  58.325 0.0000000000
42238  -4.375  -35.309  58.590 0.0000000000
64229  -38.489  -15.813  52.418 0.0000000000
53625  -30.649  -25.341  53.993 0.0000000000
54815  -32.279  -24.836  54.953 0.0000000000
56020  -16.205  -22.040  52.717 0.0000000000
56019  -15.551  -22.294  53.045 0.0000000000
56042  -15.206  -22.941  52.332 0.0000000000
54855  -14.452  -23.987  51.819 0.0000000000
54877  -14.326  -24.607  51.643 0.0000000000
52329  -18.070  -26.269  53.166 0.0000000000
53596  -18.068  -25.991  54.514 0.0000000000
57197  -35.543  -21.883  50.798 0.0000000000
57219  -35.436  -21.662  50.321 0.0000000000
59572  -34.495  -20.607  49.332 0.0000000000
60763  -19.316  -19.464  49.249 0.0000000000
60781  -20.245  -19.769  48.843 0.0000000000
62007  -20.328  -19.012  48.930 0.0000000000
63171  -24.039  -17.658  49.135 0.0000000000
61996  -24.397  -18.107  48.780 0.0000000000
62012  -24.855  -18.703  48.402 0.0000000000
60798  -24.552  -20.370  47.657 0.0000000000
59605  -24.787  -20.891  47.631 0.0000000000
59606  -25.460  -20.817  47.526 0.0000000000
58432  -25.614  -21.682  47.711 0.0000000000
58433  -26.461  -21.635  47.460 0.0000000000
58377  -29.391  -20.336  50.041 0.0000000000
58424  -28.617  -21.756  48.333 0.0000000000
54933  -29.355  -24.001  49.231 0.0000000000
56086  -30.531  -23.775  49.575 0.0000000000
56090  -33.984  -23.260  50.636 0.0000000000
69095  -35.007  -12.960  42.602 0.0000000000
69077  -36.091  -12.954  43.304 0.0000000000
69096  -36.276  -12.306  42.280 0.0000000000
70469  -37.050  -11.726  41.927 0.0000000000
73090  -36.946  -9.181  40.592 0.0000000000
73072  -37.095  -9.804  40.898 0.0000000000
73091  -37.724  -9.261  40.772 0.0000000000
79225  -36.035  -4.553  40.393 0.0000000000
79235  -36.666  -4.298  40.158 0.0000000000
79239  -40.254  -4.791  39.389 0.0000000000
76972  -41.488  -6.657  40.802 0.0000000000
76952  -43.351  -7.075  41.416 0.0000000000
83908  -44.221  -0.407  36.149 0.0000000000
85103  -44.796  0.050  35.693 0.0000000000
85112  -44.115  1.109  35.059 0.0000000000
49902  -5.259  -28.456  55.214 0.0000000000
48766  -5.726  -29.454  54.803 0.0000000000
45503  -6.625  -32.852  58.064 0.0000000000
59574  -36.332  -20.249  49.614 0.0000000000
59549  -37.290  -19.994  50.465 0.0000000000
60771  -36.764  -19.137  49.272 0.0000000000
65355  -35.877  -16.298  47.324 0.0000000000
66517  -36.317  -15.881  47.566 0.0000000000
66516  -35.825  -15.436  47.429 0.0000000000
65353  -34.310  -15.367  47.076 0.0000000000
66533  -27.782  -14.241  45.960 0.0000000000
65371  -27.961  -14.813  46.039 0.0000000000
66534  -28.104  -14.686  45.616 0.0000000000
65384  -29.262  -15.545  45.420 0.0000000000
65386  -30.712  -15.503  45.663 0.0000000000
66535  -31.427  -14.534  46.726 0.0000000000
66511  -31.618  -14.137  47.291 0.0000000000
67710  -33.034  -13.698  47.482 0.0000000000
68990  -31.260  -13.042  46.533 0.0000000000
69023  -31.300  -12.946  45.769 0.0000000000
69072  -30.812  -13.012  43.517 0.0000000000
70432  -31.883  -13.193  44.035 0.0000000000
69075  -33.644  -13.584  43.033 0.0000000000
73036  -30.834  -8.651  42.842 0.0000000000
74346  -31.520  -7.906  42.801 0.0000000000
74348  -32.907  -8.081  41.941 0.0000000000
59521  -21.845  -21.792  50.621 0.0000000000
59523  -22.540  -21.483  50.746 0.0000000000
58339  -22.657  -21.942  51.898 0.0000000000
52319  -9.080  -25.985  53.548 0.0000000000
52305  -9.416  -26.676  53.681 0.0000000000
49905  -9.816  -28.743  55.312 0.0000000000
52343  -13.751  -26.512  52.542 0.0000000000
51103  -13.900  -27.721  54.610 0.0000000000
61920  -39.048  -18.317  52.919 0.0000000000
61941  -38.323  -18.032  52.064 0.0000000000
53580  -19.330  -25.603  55.616 0.0000000000
53598  -20.107  -25.385  54.907 0.0000000000
54809  -20.702  -24.775  55.423 0.0000000000
54856  -20.886  -24.841  53.150 0.0000000000
54836  -33.706  -24.389  53.635 0.0000000000
57176  -17.576  -22.038  50.903 0.0000000000
57175  -17.148  -22.286  51.609 0.0000000000
52365  -18.202  -26.318  51.595 0.0000000000
52348  -18.503  -26.396  52.437 0.0000000000
52330  -18.860  -26.331  53.248 0.0000000000
53597  -19.165  -25.970  54.323 0.0000000000
58403  -31.778  -21.599  49.438 0.0000000000
71811  -34.324  -10.282  40.697 0.0000000000
71791  -35.136  -10.734  41.031 0.0000000000
71812  -34.662  -10.166  40.724 0.0000000000
73089  -36.036  -9.327  40.593 0.0000000000
81464  -38.270  -2.462  39.695 0.0000000000
79240  -41.400  -4.573  39.383 0.0000000000
79241  -42.446  -4.572  39.165 0.0000000000
79242  -43.438  -4.558  38.917 0.0000000000
79252  -43.609  -3.778  38.557 0.0000000000
82647  -44.097  -1.688  37.183 0.0000000000
82663  -42.749  -0.921  36.408 0.0000000000
83907  -43.273  -0.211  36.147 0.0000000000
48787  -8.192  -29.200  54.495 0.0000000000
48786  -7.461  -29.475  54.502 0.0000000000
48767  -8.071  -29.660  54.766 0.0000000000
62025  -34.824  -18.626  47.927 0.0000000000
63190  -33.599  -18.054  47.771 0.0000000000
64273  -32.860  -17.711  48.045 0.0000000000
64291  -32.396  -17.476  47.324 0.0000000000
63211  -31.395  -17.884  47.475 0.0000000000
67707  -27.687  -13.107  47.273 0.0000000000
67726  -27.646  -12.686  46.439 0.0000000000
67725  -27.627  -13.467  46.345 0.0000000000
67747  -28.186  -13.853  44.774 0.0000000000
66567  -29.208  -14.036  44.474 0.0000000000
67763  -28.770  -13.573  44.333 0.0000000000
69049  -29.180  -12.992  43.827 0.0000000000
69070  -29.136  -12.368  43.422 0.0000000000
70464  -30.114  -11.527  42.603 0.0000000000
73027  -30.449  -8.120  43.417 0.0000000000
58375  -24.005  -22.151  50.177 0.0000000000
58358  -23.803  -21.931  50.943 0.0000000000
57180  -24.409  -22.547  51.251 0.0000000000
54832  -25.334  -24.372  52.907 0.0000000000
54833  -25.975  -24.862  52.645 0.0000000000
54813  -25.741  -25.013  53.374 0.0000000000
54824  -8.925  -24.750  53.649 0.0000000000
54825  -9.501  -24.464  53.501 0.0000000000
53616  -9.281  -25.317  53.430 0.0000000000
52306  -10.017  -26.625  53.503 0.0000000000
51113  -10.373  -26.817  53.492 0.0000000000
51100  -11.123  -27.495  54.263 0.0000000000
52292  -15.192  -26.970  55.653 0.0000000000
46572  -4.297  -31.294  56.953 0.0000000000
45502  -3.794  -32.511  57.298 0.0000000000
43328  -4.604  -34.024  56.970 0.0000000000
45501  -3.470  -33.095  57.705 0.0000000000
45480  -3.241  -32.459  58.370 0.0000000000
79214  -35.669  -4.375  41.911 0.0000000000
80297  -36.714  -3.241  41.353 0.0000000000
81452  -36.848  -3.013  40.920 0.0000000000
81453  -37.295  -2.853  40.672 0.0000000000
66463  -35.927  -14.096  51.180 0.0000000000
53650  -28.522  -25.474  52.781 0.0000000000
53624  -29.754  -25.626  53.834 0.0000000000
54816  -33.289  -24.765  54.730 0.0000000000
55997  -13.724  -22.924  54.577 0.0000000000
56016  -13.221  -23.104  53.543 0.0000000000
54828  -12.507  -23.543  52.936 0.0000000000
54852  -11.978  -24.323  52.576 0.0000000000
53664  -13.961  -24.945  51.708 0.0000000000
52328  -17.260  -26.220  53.217 0.0000000000
58330  -37.400  -22.128  52.777 0.0000000000
58382  -36.015  -21.412  50.522 0.0000000000
59593  -35.663  -19.936  49.025 0.0000000000
60788  -34.943  -19.468  48.819 0.0000000000
63135  -32.471  -17.747  51.349 0.0000000000
57207  -19.837  -22.476  48.963 0.0000000000
57229  -20.218  -22.041  48.836 0.0000000000
58419  -20.509  -21.773  49.044 0.0000000000
58395  -20.951  -21.387  49.428 0.0000000000
59586  -21.137  -20.561  49.243 0.0000000000
59565  -21.620  -20.784  49.558 0.0000000000
59567  -23.183  -21.208  49.496 0.0000000000
63168  -21.378  -17.348  49.596 0.0000000000
61995  -23.529  -18.039  48.612 0.0000000000
62010  -22.890  -18.834  48.419 0.0000000000
59587  -22.877  -20.209  48.721 0.0000000000
57195  -25.207  -23.217  50.039 0.0000000000
57231  -25.226  -22.261  48.424 0.0000000000
56084  -25.736  -23.945  49.973 0.0000000000
54908  -27.373  -24.611  50.120 0.0000000000
59568  -27.244  -19.132  49.115 0.0000000000
59608  -27.143  -21.001  47.530 0.0000000000
57244  -27.069  -22.377  47.566 0.0000000000
57234  -27.742  -22.528  47.702 0.0000000000
56119  -27.136  -23.278  48.217 0.0000000000
54885  -27.772  -24.896  50.986 0.0000000000
56087  -31.494  -23.735  49.850 0.0000000000
54865  -33.535  -23.927  52.685 0.0000000000
56048  -34.123  -23.575  52.653 0.0000000000
56049  -35.087  -23.231  52.553 0.0000000000
56050  -35.840  -23.242  52.810 0.0000000000
57144  -36.274  -23.188  52.934 0.0000000000
59540  -17.885  -20.182  50.434 0.0000000000
58393  -18.539  -21.443  49.380 0.0000000000
69055  -36.936  -12.931  44.150 0.0000000000
70489  -36.739  -11.227  41.408 0.0000000000
70470  -37.933  -11.772  42.046 0.0000000000
78154  -34.760  -5.018  41.011 0.0000000000
78156  -35.988  -5.475  40.161 0.0000000000
75657  -40.457  -8.173  41.172 0.0000000000
83922  -46.589  -0.622  35.694 0.0000000000
85104  -45.317  -0.279  35.763 0.0000000000
48719  -4.215  -29.194  57.271 0.0000000000
47629  -4.589  -29.843  56.658 0.0000000000
47650  -4.631  -30.603  56.418 0.0000000000
47693  -6.985  -29.844  54.584 0.0000000000
46605  -7.105  -31.379  55.698 0.0000000000
46603  -5.193  -31.465  55.598 0.0000000000
44437  -5.849  -33.186  56.731 0.0000000000
44420  -5.649  -33.610  57.047 0.0000000000
44406  -6.167  -33.397  58.347 0.0000000000
44405  -5.707  -33.778  57.749 0.0000000000
58348  -37.799  -21.001  52.800 0.0000000000
59529  -37.720  -19.808  51.386 0.0000000000
62027  -35.728  -18.439  48.030 0.0000000000
61999  -36.978  -18.129  49.044 0.0000000000
63192  -36.689  -17.623  48.378 0.0000000000
63175  -37.380  -17.580  49.700 0.0000000000
63137  -37.919  -17.182  51.552 0.0000000000
64236  -37.625  -16.263  51.327 0.0000000000
65303  -37.252  -15.295  50.993 0.0000000000
65311  -36.917  -15.199  49.649 0.0000000000
66472  -36.952  -14.981  50.342 0.0000000000
64254  -29.513  -16.277  49.587 0.0000000000
65321  -28.557  -15.254  49.520 0.0000000000
63210  -30.653  -17.933  47.370 0.0000000000
63232  -31.194  -17.849  46.892 0.0000000000
65349  -27.762  -14.826  46.589 0.0000000000
64303  -28.544  -16.457  46.801 0.0000000000
63230  -30.194  -17.317  46.466 0.0000000000
63231  -30.725  -17.567  46.633 0.0000000000
64306  -31.669  -17.173  46.675 0.0000000000
65375  -33.082  -15.923  46.735 0.0000000000
65352  -33.574  -15.179  47.087 0.0000000000
66495  -34.960  -14.074  48.135 0.0000000000
67680  -35.019  -13.936  49.375 0.0000000000
67668  -34.984  -13.862  49.880 0.0000000000
67765  -30.585  -13.793  44.744 0.0000000000
67749  -31.176  -13.341  45.207 0.0000000000
67784  -31.383  -13.315  44.172 0.0000000000
69024  -31.651  -12.994  45.176 0.0000000000
67785  -34.153  -13.701  42.989 0.0000000000
67805  -34.476  -13.455  42.827 0.0000000000
69112  -34.383  -12.660  41.676 0.0000000000
71789  -33.148  -10.767  41.129 0.0000000000
56083  -21.205  -23.193  50.822 0.0000000000
57177  -21.370  -23.077  51.927 0.0000000000
58355  -21.837  -22.129  51.083 0.0000000000
57158  -21.682  -22.718  52.317 0.0000000000
57119  -21.978  -23.220  53.885 0.0000000000
57161  -24.086  -22.612  52.393 0.0000000000
57139  -23.597  -22.895  52.968 0.0000000000
56023  -23.491  -23.305  53.452 0.0000000000
54795  -24.387  -25.102  55.051 0.0000000000
56005  -23.647  -23.724  53.854 0.0000000000
54810  -23.471  -23.934  54.559 0.0000000000
54793  -23.368  -23.997  54.986 0.0000000000
53622  -27.880  -25.863  53.510 0.0000000000
53602  -28.231  -26.139  54.391 0.0000000000
51095  -6.387  -27.635  54.613 0.0000000000
51096  -7.159  -27.638  54.148 0.0000000000
53593  -7.137  -25.688  54.518 0.0000000000
52303  -7.297  -26.480  54.037 0.0000000000
53641  -11.553  -25.193  52.517 0.0000000000
52323  -12.275  -26.741  53.130 0.0000000000
52322  -11.404  -26.584  53.033 0.0000000000
51088  -14.771  -27.389  55.558 0.0000000000
51087  -14.185  -27.898  55.549 0.0000000000
51085  -12.364  -28.233  55.139 0.0000000000
42231  -4.252  -35.498  59.611 0.0000000000
42237  -3.713  -35.953  58.711 0.0000000000
41192  -2.871  -36.865  58.144 0.0000000000
42235  -2.402  -35.714  57.698 0.0000000000
43291  -1.835  -33.797  58.556 0.0000000000
52320  -9.695  -26.030  53.352 0.0000000000
52349  -19.212  -26.293  52.469 0.0000000000
52367  -19.375  -26.191  51.996 0.0000000000
54881  -17.465  -23.860  50.586 0.0000000000
54884  -26.798  -25.006  50.894 0.0000000000
54927  -19.528  -24.013  49.683 0.0000000000
55984  -23.250  -24.099  55.431 0.0000000000
56022  -21.564  -23.509  53.872 0.0000000000
56068  -21.325  -23.069  51.055 0.0000000000
56101  -20.530  -23.490  49.781 0.0000000000
57192  -21.076  -22.894  50.096 0.0000000000
57209  -21.253  -22.231  50.103 0.0000000000
57230  -20.365  -22.239  49.024 0.0000000000
57233  -26.803  -22.743  47.863 0.0000000000
57242  -26.081  -22.103  47.628 0.0000000000
57243  -26.560  -22.262  47.600 0.0000000000
58337  -21.746  -22.394  51.698 0.0000000000
58431  -25.101  -21.310  47.717 0.0000000000
59522  -22.095  -21.588  50.726 0.0000000000
59541  -21.779  -21.488  50.248 0.0000000000
59564  -21.053  -20.847  49.348 0.0000000000
60764  -20.001  -19.110  49.004 0.0000000000
60799  -25.064  -20.124  47.465 0.0000000000
63116  -38.260  -17.148  51.946 0.0000000000
63188  -30.889  -17.843  48.225 0.0000000000
64259  -37.145  -16.552  48.974 0.0000000000
64309  -34.148  -16.318  46.777 0.0000000000
65324  -36.961  -15.855  48.875 0.0000000000
66482  -35.007  -14.008  48.786 0.0000000000
66493  -33.738  -14.057  47.688 0.0000000000
67708  -31.332  -13.907  47.153 0.0000000000
67709  -31.864  -13.732  47.400 0.0000000000
67767  -33.994  -13.676  43.347 0.0000000000
67806  -34.776  -13.360  43.041 0.0000000000
69050  -31.631  -13.167  44.402 0.0000000000
70394  -32.137  -12.973  45.445 0.0000000000
70430  -27.655  -12.082  44.667 0.0000000000
70445  -28.734  -11.579  43.455 0.0000000000
73073  -37.894  -9.884  41.019 0.0000000000
75682  -40.229  -7.727  40.836 0.0000000000
81439  -36.857  -2.986  41.156 0.0000000000
81440  -37.137  -2.831  41.194 0.0000000000
81479  -44.330  -2.655  38.178 0.0000000000
85074  -39.661  -0.031  38.096 0.0000000000
