#!ascii label  , from subject sub.01.bl.02 vox2ras=TkReg
907
52107  -15.018  -26.233  66.230 0.0000000000
61745  -40.228  -18.545  64.613 0.0000000000
72768  -38.693  -9.373  61.304 0.0000000000
77977  -45.897  -5.373  55.259 0.0000000000
56925  -37.376  -22.211  64.790 0.0000000000
76664  -41.471  -6.239  58.827 0.0000000000
76850  -44.999  -6.791  47.086 0.0000000000
79167  -49.312  -4.590  47.074 0.0000000000
61801  -42.854  -18.906  61.898 0.0000000000
67512  -43.356  -13.502  62.153 0.0000000000
67497  -39.952  -13.083  63.318 0.0000000000
55778  -16.881  -23.975  68.135 0.0000000000
52054  -20.599  -26.678  68.411 0.0000000000
46411  -23.707  -30.864  67.601 0.0000000000
45327  -28.207  -32.077  66.471 0.0000000000
48605  -32.418  -29.423  65.145 0.0000000000
50948  -36.990  -26.623  63.627 0.0000000000
55852  -41.281  -23.724  63.537 0.0000000000
72784  -43.163  -9.948  60.241 0.0000000000
79170  -50.895  -4.021  46.667 0.0000000000
62906  -41.319  -18.084  64.484 0.0000000000
65139  -41.572  -15.845  63.915 0.0000000000
65156  -40.455  -15.545  63.326 0.0000000000
55827  -16.525  -23.991  65.401 0.0000000000
54562  -18.555  -24.674  68.023 0.0000000000
50879  -33.278  -27.367  66.107 0.0000000000
49723  -34.416  -28.175  64.479 0.0000000000
53352  -35.542  -25.798  65.386 0.0000000000
59306  -38.894  -20.241  64.960 0.0000000000
56911  -39.258  -22.603  65.294 0.0000000000
59309  -40.449  -20.571  65.224 0.0000000000
58171  -41.934  -21.103  62.696 0.0000000000
71441  -41.385  -11.133  63.315 0.0000000000
70085  -43.976  -11.664  61.389 0.0000000000
73985  -40.909  -8.674  61.894 0.0000000000
77960  -43.691  -5.696  56.208 0.0000000000
78987  -44.015  -5.483  58.981 0.0000000000
77928  -46.182  -5.666  57.224 0.0000000000
76729  -48.427  -6.424  55.670 0.0000000000
74282  -47.475  -8.251  46.543 0.0000000000
75518  -46.776  -7.964  48.970 0.0000000000
55813  -36.064  -24.011  64.902 0.0000000000
75417  -43.453  -7.557  53.928 0.0000000000
78062  -46.933  -5.557  46.776 0.0000000000
75578  -48.752  -7.379  45.319 0.0000000000
76906  -50.957  -6.383  45.252 0.0000000000
60584  -44.824  -19.553  60.826 0.0000000000
64087  -42.988  -16.159  61.996 0.0000000000
68686  -41.213  -12.686  64.159 0.0000000000
52049  -15.866  -25.275  68.106 0.0000000000
48569  -21.037  -30.060  66.953 0.0000000000
47460  -22.233  -29.814  68.157 0.0000000000
46436  -22.822  -31.446  66.580 0.0000000000
43171  -24.916  -33.163  66.057 0.0000000000
42135  -27.133  -32.947  65.612 0.0000000000
43203  -29.575  -33.248  64.831 0.0000000000
46457  -30.333  -30.761  65.900 0.0000000000
46493  -34.249  -31.548  63.233 0.0000000000
54598  -37.754  -24.282  65.612 0.0000000000
53385  -38.403  -24.923  63.958 0.0000000000
52183  -41.086  -25.765  62.667 0.0000000000
54676  -43.230  -24.650  62.044 0.0000000000
56989  -44.508  -21.986  61.302 0.0000000000
76616  -42.380  -6.593  60.651 0.0000000000
74158  -46.219  -8.487  51.078 0.0000000000
76767  -47.669  -5.985  53.560 0.0000000000
52060  -14.647  -25.629  67.937 0.0000000000
62905  -40.906  -17.919  64.556 0.0000000000
64041  -40.970  -16.856  64.275 0.0000000000
64060  -40.414  -17.148  63.564 0.0000000000
53350  -33.600  -25.683  65.415 0.0000000000
52095  -34.107  -26.682  65.669 0.0000000000
54595  -34.610  -25.147  65.396 0.0000000000
60524  -39.686  -19.129  64.730 0.0000000000
59293  -39.455  -20.209  65.414 0.0000000000
61727  -40.136  -18.877  65.116 0.0000000000
61729  -40.936  -19.143  65.110 0.0000000000
72750  -41.128  -9.634  62.269 0.0000000000
73983  -39.725  -8.603  62.007 0.0000000000
77961  -44.695  -5.342  56.032 0.0000000000
80119  -45.092  -4.731  56.893 0.0000000000
79046  -46.091  -5.020  55.877 0.0000000000
76708  -47.470  -6.016  56.429 0.0000000000
77979  -47.262  -5.307  54.951 0.0000000000
74260  -48.500  -8.796  47.544 0.0000000000
74233  -48.123  -8.247  48.968 0.0000000000
74234  -49.408  -9.018  48.839 0.0000000000
80214  -47.578  -4.088  48.416 0.0000000000
78063  -48.262  -4.995  46.901 0.0000000000
76872  -47.560  -6.486  45.956 0.0000000000
78096  -48.860  -5.907  45.696 0.0000000000
76888  -49.367  -6.615  45.408 0.0000000000
78097  -49.734  -5.735  45.665 0.0000000000
79184  -50.641  -4.686  46.047 0.0000000000
60572  -44.249  -19.676  61.281 0.0000000000
62962  -44.122  -17.697  61.041 0.0000000000
64103  -42.932  -17.464  61.850 0.0000000000
66289  -40.713  -14.526  63.666 0.0000000000
66291  -41.483  -14.903  63.729 0.0000000000
67484  -40.309  -13.140  63.952 0.0000000000
68684  -39.932  -12.224  63.829 0.0000000000
68720  -39.718  -12.162  62.522 0.0000000000
52050  -17.000  -25.401  67.996 0.0000000000
54548  -17.100  -24.829  68.557 0.0000000000
53316  -19.619  -25.359  68.142 0.0000000000
48554  -23.470  -29.630  67.299 0.0000000000
47461  -23.077  -30.066  68.015 0.0000000000
45308  -22.256  -30.586  68.100 0.0000000000
44237  -23.565  -31.450  67.386 0.0000000000
45338  -23.653  -31.976  66.386 0.0000000000
44238  -24.308  -32.148  67.050 0.0000000000
44259  -27.966  -32.828  66.057 0.0000000000
43187  -28.759  -33.305  65.338 0.0000000000
44260  -28.593  -32.768  65.914 0.0000000000
48591  -31.854  -29.106  65.938 0.0000000000
47494  -31.049  -29.387  66.407 0.0000000000
48590  -31.627  -29.844  65.622 0.0000000000
46473  -31.017  -31.662  64.941 0.0000000000
47536  -31.875  -31.095  64.530 0.0000000000
46492  -33.277  -31.647  63.623 0.0000000000
47548  -33.252  -30.511  63.591 0.0000000000
50946  -35.576  -27.225  64.395 0.0000000000
49761  -34.782  -28.898  62.769 0.0000000000
50993  -35.990  -27.354  62.644 0.0000000000
50972  -37.394  -26.786  63.112 0.0000000000
55796  -36.744  -23.600  65.404 0.0000000000
56895  -37.405  -22.777  65.566 0.0000000000
56942  -39.900  -22.888  64.522 0.0000000000
54616  -39.003  -23.550  64.870 0.0000000000
54635  -39.424  -24.074  64.049 0.0000000000
53406  -40.282  -25.608  62.969 0.0000000000
53388  -41.407  -25.045  63.140 0.0000000000
55865  -42.072  -23.767  63.176 0.0000000000
60557  -42.227  -20.278  62.411 0.0000000000
56971  -43.293  -22.263  62.239 0.0000000000
59358  -43.486  -20.657  61.802 0.0000000000
58210  -45.175  -20.970  61.171 0.0000000000
55807  -15.596  -23.755  66.306 0.0000000000
55776  -14.861  -23.626  67.910 0.0000000000
55760  -14.638  -24.050  68.385 0.0000000000
65191  -44.549  -15.736  60.796 0.0000000000
67527  -44.536  -13.881  60.853 0.0000000000
71502  -43.590  -10.746  60.560 0.0000000000
75312  -40.626  -6.966  59.564 0.0000000000
77847  -41.022  -6.145  60.789 0.0000000000
77888  -41.782  -5.473  59.561 0.0000000000
76643  -45.174  -6.550  58.542 0.0000000000
76641  -43.629  -6.377  59.477 0.0000000000
75484  -48.063  -7.422  50.702 0.0000000000
75503  -46.339  -8.369  49.362 0.0000000000
75455  -47.528  -7.390  51.432 0.0000000000
75433  -46.707  -7.419  52.416 0.0000000000
75435  -48.603  -6.921  52.363 0.0000000000
76769  -49.160  -6.630  53.585 0.0000000000
80217  -50.095  -3.328  48.490 0.0000000000
79150  -50.229  -4.247  47.218 0.0000000000
81355  -51.717  -2.352  48.324 0.0000000000
81369  -52.441  -1.985  47.716 0.0000000000
61768  -41.811  -18.714  63.472 0.0000000000
64062  -42.152  -16.724  63.455 0.0000000000
64061  -41.659  -16.721  64.063 0.0000000000
65125  -41.198  -16.076  64.077 0.0000000000
66304  -40.296  -14.394  62.958 0.0000000000
55791  -16.809  -23.767  67.403 0.0000000000
55779  -17.714  -24.408  68.166 0.0000000000
54564  -20.183  -25.077  67.673 0.0000000000
49685  -32.976  -28.090  65.776 0.0000000000
49722  -33.558  -28.611  64.588 0.0000000000
49686  -33.714  -27.913  65.362 0.0000000000
52139  -35.241  -26.680  65.148 0.0000000000
52141  -36.250  -26.078  64.836 0.0000000000
58152  -38.267  -21.090  64.381 0.0000000000
58124  -38.228  -21.888  65.656 0.0000000000
58125  -39.011  -21.429  65.451 0.0000000000
58139  -39.715  -22.048  65.095 0.0000000000
58154  -40.355  -22.101  64.516 0.0000000000
56944  -41.364  -22.790  63.420 0.0000000000
59326  -41.128  -20.756  63.829 0.0000000000
60544  -41.444  -19.701  63.714 0.0000000000
55841  -15.814  -24.297  64.379 0.0000000000
70044  -42.777  -11.989  63.000 0.0000000000
70067  -43.638  -12.156  62.179 0.0000000000
71463  -42.929  -11.171  62.501 0.0000000000
72752  -42.908  -10.161  61.805 0.0000000000
73997  -42.829  -9.462  61.284 0.0000000000
76687  -42.507  -6.004  57.552 0.0000000000
78985  -42.414  -5.358  59.070 0.0000000000
79018  -43.737  -5.028  57.514 0.0000000000
77912  -45.191  -5.588  58.361 0.0000000000
75557  -46.395  -7.853  46.259 0.0000000000
74257  -45.504  -8.821  46.954 0.0000000000
74259  -47.422  -8.279  47.658 0.0000000000
74208  -48.391  -8.130  49.642 0.0000000000
61787  -40.352  -18.408  63.372 0.0000000000
60556  -39.379  -19.659  63.653 0.0000000000
73995  -39.283  -8.344  61.104 0.0000000000
75363  -41.667  -7.198  56.741 0.0000000000
76725  -42.753  -6.534  55.841 0.0000000000
76745  -43.380  -6.699  54.742 0.0000000000
76746  -44.600  -6.367  54.751 0.0000000000
78061  -46.208  -6.182  46.739 0.0000000000
75558  -46.888  -7.490  46.392 0.0000000000
74283  -48.376  -8.789  46.262 0.0000000000
72992  -48.815  -9.105  46.807 0.0000000000
78082  -50.347  -4.941  46.083 0.0000000000
76890  -51.182  -6.987  45.667 0.0000000000
61828  -45.060  -18.408  60.349 0.0000000000
64105  -44.208  -16.668  60.937 0.0000000000
66306  -43.377  -14.968  61.861 0.0000000000
65157  -42.352  -15.684  62.832 0.0000000000
66292  -42.100  -14.712  63.077 0.0000000000
67498  -42.666  -13.590  62.650 0.0000000000
70024  -41.576  -12.143  63.831 0.0000000000
71422  -40.193  -11.128  63.357 0.0000000000
64102  -40.019  -16.483  62.419 0.0000000000
66321  -40.121  -14.469  62.152 0.0000000000
68737  -39.867  -12.288  61.674 0.0000000000
52083  -14.899  -26.014  66.979 0.0000000000
52061  -16.281  -25.627  67.388 0.0000000000
47501  -21.680  -30.378  66.087 0.0000000000
54592  -20.564  -24.893  66.434 0.0000000000
53318  -21.031  -26.301  67.999 0.0000000000
50844  -21.081  -27.560  68.419 0.0000000000
46421  -21.676  -30.851  67.425 0.0000000000
43198  -24.966  -32.972  65.166 0.0000000000
43200  -26.131  -33.463  64.863 0.0000000000
47477  -28.765  -30.459  66.355 0.0000000000
47492  -29.906  -30.200  66.278 0.0000000000
46442  -29.381  -31.114  66.324 0.0000000000
46471  -29.847  -32.185  65.535 0.0000000000
44296  -31.022  -33.143  64.938 0.0000000000
48637  -33.811  -29.495  63.436 0.0000000000
54580  -35.690  -24.775  65.333 0.0000000000
53353  -36.189  -25.248  65.216 0.0000000000
53369  -37.389  -25.320  64.532 0.0000000000
54599  -38.326  -23.942  65.418 0.0000000000
53370  -38.039  -24.501  64.850 0.0000000000
53384  -37.727  -25.567  64.065 0.0000000000
50950  -38.922  -26.277  63.003 0.0000000000
52200  -39.743  -26.793  62.552 0.0000000000
53457  -43.613  -24.603  61.183 0.0000000000
56970  -42.625  -22.542  62.655 0.0000000000
55893  -43.603  -23.480  61.976 0.0000000000
54730  -44.019  -23.986  60.462 0.0000000000
57007  -44.717  -22.313  60.549 0.0000000000
53302  -14.512  -25.109  68.490 0.0000000000
76578  -40.088  -7.486  61.392 0.0000000000
75278  -42.000  -7.607  61.077 0.0000000000
75295  -42.583  -7.414  60.334 0.0000000000
77889  -42.736  -5.764  59.927 0.0000000000
75296  -43.148  -6.962  59.789 0.0000000000
72783  -42.885  -9.172  59.786 0.0000000000
74117  -43.974  -8.178  53.151 0.0000000000
76765  -45.271  -6.633  53.977 0.0000000000
74230  -45.102  -9.110  47.748 0.0000000000
74207  -45.551  -8.972  48.902 0.0000000000
74134  -45.845  -8.322  51.946 0.0000000000
75420  -46.517  -6.850  53.110 0.0000000000
77991  -47.133  -5.523  54.154 0.0000000000
77993  -49.068  -5.763  54.261 0.0000000000
52106  -13.991  -26.284  66.259 0.0000000000
61746  -40.507  -18.412  64.693 0.0000000000
62904  -40.749  -17.584  64.248 0.0000000000
62925  -40.567  -17.721  63.963 0.0000000000
53367  -33.322  -25.546  64.931 0.0000000000
54594  -34.023  -25.772  65.654 0.0000000000
53351  -34.238  -25.148  65.183 0.0000000000
61765  -40.243  -18.560  64.004 0.0000000000
60504  -39.688  -19.352  65.170 0.0000000000
61728  -40.560  -18.865  65.072 0.0000000000
71461  -38.919  -9.837  62.015 0.0000000000
72748  -39.614  -9.183  62.154 0.0000000000
72747  -39.186  -9.205  61.904 0.0000000000
76728  -45.609  -5.627  55.297 0.0000000000
79045  -45.426  -5.036  55.999 0.0000000000
79055  -46.060  -5.160  55.494 0.0000000000
79047  -46.771  -5.062  55.701 0.0000000000
77978  -46.497  -5.410  54.807 0.0000000000
72983  -49.603  -9.416  48.067 0.0000000000
79137  -49.388  -4.119  48.065 0.0000000000
78064  -48.887  -4.685  46.961 0.0000000000
78079  -48.010  -5.723  46.081 0.0000000000
78080  -49.139  -5.098  46.374 0.0000000000
62960  -43.010  -18.210  61.725 0.0000000000
62949  -42.613  -17.939  62.303 0.0000000000
66290  -41.149  -14.511  63.968 0.0000000000
55761  -15.940  -24.250  68.326 0.0000000000
55762  -16.909  -24.448  68.423 0.0000000000
53308  -20.090  -26.119  68.401 0.0000000000
52053  -19.927  -26.482  68.415 0.0000000000
47473  -23.522  -30.258  67.625 0.0000000000
47472  -23.003  -29.981  67.965 0.0000000000
46410  -23.194  -30.620  67.805 0.0000000000
45309  -22.979  -30.885  67.711 0.0000000000
44229  -23.635  -31.120  67.568 0.0000000000
44230  -23.888  -31.450  67.486 0.0000000000
45326  -27.573  -32.011  66.418 0.0000000000
44242  -27.637  -32.514  66.207 0.0000000000
44243  -28.226  -32.520  66.258 0.0000000000
45339  -28.726  -32.125  66.374 0.0000000000
48604  -31.911  -29.825  65.429 0.0000000000
47523  -31.518  -30.634  65.106 0.0000000000
47537  -32.391  -30.556  64.369 0.0000000000
48620  -32.757  -29.691  64.522 0.0000000000
50947  -36.413  -26.783  63.925 0.0000000000
50970  -35.786  -27.290  63.422 0.0000000000
50971  -36.543  -26.917  63.184 0.0000000000
52179  -37.316  -26.487  63.606 0.0000000000
56907  -36.931  -22.764  65.206 0.0000000000
56908  -37.484  -22.132  65.247 0.0000000000
55851  -40.208  -23.550  63.953 0.0000000000
55850  -39.586  -23.398  64.506 0.0000000000
54636  -40.562  -24.351  63.611 0.0000000000
54637  -41.483  -24.540  63.301 0.0000000000
54654  -41.811  -24.458  63.152 0.0000000000
60570  -42.621  -19.915  62.095 0.0000000000
60571  -43.506  -19.781  61.598 0.0000000000
55790  -15.750  -23.679  67.264 0.0000000000
55777  -15.820  -23.802  67.993 0.0000000000
66324  -44.095  -14.783  61.462 0.0000000000
66338  -44.824  -14.885  60.612 0.0000000000
67513  -43.956  -13.676  61.630 0.0000000000
71517  -43.325  -10.697  59.666 0.0000000000
72797  -42.918  -9.906  59.555 0.0000000000
76640  -40.916  -6.293  59.659 0.0000000000
77908  -41.476  -5.785  59.363 0.0000000000
75517  -44.703  -8.030  47.204 0.0000000000
61767  -41.490  -18.853  64.268 0.0000000000
62927  -41.845  -17.790  63.935 0.0000000000
64040  -40.797  -16.747  64.102 0.0000000000
65138  -40.693  -15.665  63.691 0.0000000000
55808  -16.669  -23.781  66.448 0.0000000000
54576  -19.785  -24.579  67.407 0.0000000000
53321  -32.776  -26.861  66.522 0.0000000000
50862  -32.566  -27.606  66.406 0.0000000000
49673  -32.561  -28.059  66.096 0.0000000000
50896  -33.026  -27.869  65.908 0.0000000000
50897  -33.701  -27.518  65.640 0.0000000000
52096  -35.063  -26.189  65.389 0.0000000000
52118  -34.864  -26.835  65.231 0.0000000000
52140  -35.641  -26.459  65.002 0.0000000000
52119  -35.587  -26.127  65.281 0.0000000000
59323  -38.666  -20.443  64.455 0.0000000000
58137  -38.425  -21.130  65.092 0.0000000000
59307  -38.925  -20.666  65.329 0.0000000000
59294  -39.983  -20.574  65.393 0.0000000000
59308  -40.094  -21.251  65.173 0.0000000000
59324  -40.123  -21.709  64.917 0.0000000000
59325  -40.609  -20.972  64.706 0.0000000000
58155  -40.899  -21.865  63.885 0.0000000000
61747  -41.272  -19.101  64.878 0.0000000000
60543  -41.206  -19.874  64.540 0.0000000000
70042  -41.640  -11.620  63.506 0.0000000000
71443  -42.511  -11.552  62.979 0.0000000000
71442  -42.088  -11.154  62.921 0.0000000000
72751  -42.112  -10.209  62.453 0.0000000000
73986  -41.785  -8.837  61.681 0.0000000000
73987  -42.466  -9.427  61.684 0.0000000000
77959  -43.081  -5.880  56.581 0.0000000000
77927  -43.131  -5.303  57.493 0.0000000000
79031  -43.994  -4.976  56.874 0.0000000000
79021  -45.884  -5.286  57.086 0.0000000000
79020  -45.304  -4.955  57.125 0.0000000000
79005  -45.776  -5.489  57.439 0.0000000000
77913  -45.674  -5.790  57.819 0.0000000000
76688  -46.560  -5.933  57.149 0.0000000000
74281  -46.827  -8.088  46.868 0.0000000000
74209  -49.038  -8.019  50.034 0.0000000000
61799  -40.190  -18.787  62.994 0.0000000000
76724  -42.094  -7.028  56.237 0.0000000000
75416  -42.839  -7.927  54.081 0.0000000000
75401  -43.257  -7.206  54.421 0.0000000000
76763  -43.516  -7.018  54.257 0.0000000000
79147  -47.736  -4.602  47.521 0.0000000000
79146  -46.919  -4.852  47.575 0.0000000000
78053  -46.257  -5.276  47.618 0.0000000000
76857  -46.413  -6.417  46.502 0.0000000000
76871  -46.969  -6.610  46.327 0.0000000000
75577  -47.956  -6.998  45.542 0.0000000000
75559  -47.295  -7.324  45.897 0.0000000000
74301  -48.001  -7.981  45.598 0.0000000000
73004  -49.176  -9.145  46.258 0.0000000000
74302  -49.058  -8.493  45.415 0.0000000000
75579  -49.763  -7.553  45.382 0.0000000000
79151  -50.641  -3.983  47.182 0.0000000000
79169  -50.400  -4.550  46.623 0.0000000000
78098  -50.416  -5.506  45.597 0.0000000000
60585  -45.139  -19.949  60.625 0.0000000000
60599  -45.131  -19.385  60.242 0.0000000000
60598  -44.901  -19.015  60.499 0.0000000000
64104  -43.365  -16.731  61.585 0.0000000000
65174  -43.264  -15.864  61.832 0.0000000000
65175  -43.776  -15.734  61.482 0.0000000000
65158  -42.919  -15.590  62.136 0.0000000000
65140  -42.065  -15.903  63.553 0.0000000000
67486  -41.428  -13.663  64.015 0.0000000000
67487  -41.973  -13.715  63.492 0.0000000000
68687  -41.797  -12.802  63.770 0.0000000000
68702  -39.711  -11.776  63.059 0.0000000000
70021  -39.913  -11.428  63.375 0.0000000000
52048  -15.163  -25.259  68.303 0.0000000000
52084  -16.039  -26.041  66.672 0.0000000000
52062  -17.551  -25.682  67.551 0.0000000000
55780  -18.010  -24.718  68.273 0.0000000000
54550  -18.450  -25.039  68.247 0.0000000000
48568  -20.675  -29.288  66.782 0.0000000000
47500  -21.175  -29.842  66.220 0.0000000000
47486  -21.266  -30.389  66.951 0.0000000000
53346  -20.675  -25.298  66.871 0.0000000000
53331  -20.651  -25.502  67.346 0.0000000000
49636  -21.487  -28.507  68.019 0.0000000000
48540  -21.492  -29.210  68.030 0.0000000000
45336  -22.378  -31.172  67.265 0.0000000000
45320  -22.165  -30.952  67.831 0.0000000000
46435  -22.169  -31.120  66.731 0.0000000000
46449  -22.219  -30.940  66.277 0.0000000000
46450  -22.836  -31.387  66.031 0.0000000000
46468  -23.529  -31.579  65.564 0.0000000000
44258  -24.470  -32.727  66.014 0.0000000000
44276  -24.175  -32.402  65.995 0.0000000000
44277  -24.718  -32.865  65.621 0.0000000000
44293  -24.822  -32.760  65.132 0.0000000000
43183  -25.173  -33.235  65.522 0.0000000000
43173  -26.532  -33.156  66.071 0.0000000000
43172  -25.782  -33.406  66.205 0.0000000000
42134  -26.277  -33.297  66.114 0.0000000000
43185  -26.183  -33.481  65.440 0.0000000000
43186  -26.456  -33.248  65.404 0.0000000000
41112  -27.811  -33.596  65.096 0.0000000000
42152  -28.896  -33.633  65.001 0.0000000000
43202  -29.184  -33.503  64.911 0.0000000000
42166  -30.098  -34.010  64.218 0.0000000000
42154  -30.137  -33.732  64.566 0.0000000000
46458  -30.835  -30.174  65.900 0.0000000000
46444  -30.626  -29.759  66.262 0.0000000000
46443  -30.230  -30.216  66.204 0.0000000000
46456  -29.735  -31.726  65.848 0.0000000000
46472  -30.413  -31.653  65.418 0.0000000000
46484  -31.575  -31.655  64.508 0.0000000000
45382  -31.319  -32.487  64.663 0.0000000000
44305  -31.706  -33.285  64.610 0.0000000000
43205  -31.331  -33.764  64.791 0.0000000000
45401  -33.918  -32.512  63.718 0.0000000000
49742  -33.875  -28.799  64.021 0.0000000000
49743  -34.554  -28.558  63.493 0.0000000000
54596  -35.453  -24.576  65.126 0.0000000000
55795  -36.145  -24.115  65.173 0.0000000000
54582  -37.404  -24.214  65.654 0.0000000000
54581  -36.701  -24.427  65.400 0.0000000000
54597  -37.094  -24.609  65.356 0.0000000000
52121  -36.689  -25.493  64.798 0.0000000000
53354  -37.152  -24.888  65.059 0.0000000000
56910  -38.887  -22.518  65.566 0.0000000000
56909  -38.378  -22.540  65.721 0.0000000000
55817  -38.804  -23.254  65.482 0.0000000000
54634  -38.653  -24.148  64.593 0.0000000000
52162  -38.080  -25.946  63.614 0.0000000000
52163  -38.866  -25.684  63.247 0.0000000000
52182  -40.616  -25.965  62.700 0.0000000000
52181  -39.728  -26.090  62.844 0.0000000000
52201  -40.319  -26.701  62.399 0.0000000000
54656  -42.740  -24.761  62.477 0.0000000000
54696  -43.505  -24.501  61.581 0.0000000000
58172  -41.682  -21.787  63.046 0.0000000000
56956  -42.045  -22.980  63.067 0.0000000000
56972  -43.906  -22.143  61.892 0.0000000000
55879  -43.668  -22.680  62.033 0.0000000000
55894  -43.968  -23.089  61.702 0.0000000000
55911  -44.400  -23.143  60.883 0.0000000000
59376  -44.849  -20.368  61.260 0.0000000000
58226  -45.308  -21.040  60.617 0.0000000000
59377  -45.192  -20.377  60.874 0.0000000000
54546  -15.150  -24.588  68.510 0.0000000000
70086  -44.027  -12.181  61.657 0.0000000000
68739  -44.244  -12.900  61.280 0.0000000000
70110  -44.389  -12.145  61.041 0.0000000000
74006  -39.373  -8.243  60.632 0.0000000000
75277  -39.609  -7.937  61.116 0.0000000000
77848  -41.476  -6.010  60.967 0.0000000000
76592  -41.039  -6.573  61.226 0.0000000000
76593  -41.662  -6.686  61.201 0.0000000000
78986  -43.009  -5.572  59.264 0.0000000000
77890  -43.375  -5.861  59.653 0.0000000000
75313  -42.960  -7.597  59.720 0.0000000000
74019  -42.936  -8.264  59.160 0.0000000000
75418  -44.669  -7.457  53.328 0.0000000000
75431  -44.831  -7.901  52.824 0.0000000000
74231  -46.155  -8.583  48.250 0.0000000000
75482  -46.663  -8.209  50.335 0.0000000000
74181  -45.865  -8.792  50.050 0.0000000000
74180  -45.098  -9.428  49.611 0.0000000000
74157  -45.138  -9.138  50.997 0.0000000000
76787  -47.289  -6.553  52.952 0.0000000000
76766  -46.584  -6.263  53.759 0.0000000000
77992  -48.044  -5.636  54.232 0.0000000000
76768  -48.581  -6.042  53.557 0.0000000000
62888  -41.003  -18.522  64.938 0.0000000000
64059  -40.589  -16.608  63.776 0.0000000000
53335  -33.312  -26.393  66.033 0.0000000000
53336  -34.100  -26.157  65.733 0.0000000000
54579  -34.597  -25.597  65.534 0.0000000000
53337  -35.184  -25.676  65.484 0.0000000000
60523  -39.272  -19.636  64.841 0.0000000000
59292  -39.212  -19.877  65.255 0.0000000000
60503  -39.430  -19.487  65.076 0.0000000000
60505  -40.043  -19.559  65.398 0.0000000000
60506  -40.512  -19.714  65.305 0.0000000000
60525  -40.882  -19.949  65.153 0.0000000000
73953  -40.190  -10.443  62.872 0.0000000000
72730  -41.081  -10.475  62.933 0.0000000000
72729  -40.706  -9.791  62.557 0.0000000000
72749  -40.402  -9.377  62.377 0.0000000000
73984  -40.254  -8.606  62.091 0.0000000000
79032  -44.733  -4.882  56.688 0.0000000000
79044  -44.964  -4.978  56.222 0.0000000000
79033  -45.475  -4.956  56.497 0.0000000000
79034  -46.252  -5.109  56.420 0.0000000000
77929  -46.704  -5.669  56.949 0.0000000000
79035  -46.969  -5.070  56.083 0.0000000000
77963  -47.481  -5.423  55.675 0.0000000000
77964  -48.289  -5.948  55.635 0.0000000000
80226  -48.226  -4.294  47.922 0.0000000000
78078  -47.369  -6.081  46.323 0.0000000000
76886  -48.046  -6.353  45.726 0.0000000000
76887  -48.541  -6.551  45.522 0.0000000000
80245  -51.394  -3.314  46.540 0.0000000000
79185  -51.002  -4.028  45.851 0.0000000000
79193  -50.750  -4.816  45.280 0.0000000000
78109  -50.591  -5.671  44.769 0.0000000000
61803  -44.185  -18.741  61.108 0.0000000000
62961  -43.497  -17.942  61.415 0.0000000000
64086  -42.627  -16.716  62.429 0.0000000000
66275  -41.255  -15.370  63.925 0.0000000000
67485  -40.844  -13.482  64.132 0.0000000000
68685  -40.541  -12.452  64.197 0.0000000000
53303  -15.583  -25.001  68.480 0.0000000000
53304  -16.548  -25.064  68.426 0.0000000000
53305  -17.523  -25.175  68.281 0.0000000000
47469  -20.982  -29.483  67.771 0.0000000000
46409  -22.620  -30.384  68.076 0.0000000000
45321  -22.938  -31.265  67.297 0.0000000000
45337  -23.102  -31.550  66.847 0.0000000000
44256  -23.541  -31.822  66.974 0.0000000000
44257  -24.027  -32.262  66.500 0.0000000000
43158  -24.585  -32.604  66.445 0.0000000000
43174  -27.339  -32.843  65.894 0.0000000000
42143  -27.979  -33.507  65.410 0.0000000000
43175  -28.052  -33.152  65.780 0.0000000000
44278  -28.916  -32.950  65.504 0.0000000000
49671  -31.634  -28.503  66.583 0.0000000000
48576  -31.282  -28.784  66.689 0.0000000000
48577  -31.616  -28.833  66.487 0.0000000000
47509  -31.168  -29.916  65.869 0.0000000000
47508  -30.837  -30.792  65.503 0.0000000000
47522  -30.916  -31.167  65.232 0.0000000000
46485  -32.076  -31.572  64.113 0.0000000000
47547  -32.795  -31.065  63.733 0.0000000000
49724  -35.011  -27.962  64.213 0.0000000000
49744  -35.255  -27.843  63.663 0.0000000000
49788  -35.804  -27.683  62.370 0.0000000000
50995  -37.991  -27.252  62.237 0.0000000000
55833  -36.519  -23.392  64.587 0.0000000000
55814  -36.486  -23.392  65.078 0.0000000000
56894  -36.959  -22.984  65.430 0.0000000000
55815  -37.767  -23.950  65.923 0.0000000000
56927  -39.462  -22.776  64.980 0.0000000000
54601  -39.069  -23.507  65.176 0.0000000000
55834  -39.356  -23.163  64.889 0.0000000000
53386  -39.871  -25.083  63.327 0.0000000000
53407  -40.843  -25.428  63.047 0.0000000000
53408  -41.506  -25.463  62.711 0.0000000000
53389  -41.788  -24.961  62.929 0.0000000000
54655  -42.126  -24.479  62.951 0.0000000000
54674  -42.505  -23.934  62.917 0.0000000000
59341  -41.962  -20.572  62.618 0.0000000000
58190  -42.549  -21.487  62.448 0.0000000000
59356  -42.367  -20.773  62.380 0.0000000000
58191  -43.407  -21.463  62.036 0.0000000000
58192  -44.149  -21.311  61.762 0.0000000000
58209  -44.765  -21.088  61.484 0.0000000000
59359  -44.247  -20.500  61.542 0.0000000000
55806  -14.514  -23.808  66.253 0.0000000000
55789  -14.749  -23.582  67.190 0.0000000000
71484  -43.504  -10.969  61.461 0.0000000000
70109  -44.090  -11.470  60.815 0.0000000000
70128  -43.973  -11.456  60.021 0.0000000000
75311  -40.175  -7.343  59.810 0.0000000000
76614  -40.297  -7.041  60.497 0.0000000000
76615  -40.637  -6.460  60.395 0.0000000000
77868  -40.936  -5.966  60.323 0.0000000000
77870  -42.207  -5.814  60.528 0.0000000000
77892  -45.007  -5.948  58.900 0.0000000000
77891  -44.317  -5.807  59.219 0.0000000000
75505  -48.006  -7.990  49.863 0.0000000000
75504  -47.113  -7.957  49.709 0.0000000000
75483  -47.382  -7.757  50.534 0.0000000000
75454  -46.861  -7.884  51.255 0.0000000000
75434  -47.770  -6.906  52.234 0.0000000000
76788  -48.163  -6.471  52.961 0.0000000000
80227  -49.792  -3.779  48.070 0.0000000000
79168  -49.851  -4.668  46.863 0.0000000000
80228  -50.383  -3.694  47.797 0.0000000000
80218  -50.863  -3.086  48.491 0.0000000000
80229  -51.231  -3.393  47.556 0.0000000000
81368  -51.883  -2.592  47.233 0.0000000000
61788  -42.238  -18.776  62.602 0.0000000000
62928  -42.235  -17.745  63.127 0.0000000000
64042  -41.258  -16.947  64.246 0.0000000000
65126  -41.455  -16.060  64.009 0.0000000000
66274  -40.863  -15.120  63.983 0.0000000000
54563  -19.552  -24.959  67.960 0.0000000000
53317  -20.371  -25.771  68.103 0.0000000000
46426  -28.385  -31.326  66.509 0.0000000000
49672  -32.003  -28.415  66.304 0.0000000000
49684  -32.327  -28.377  66.025 0.0000000000
49702  -32.494  -28.642  65.665 0.0000000000
48606  -32.956  -29.072  64.716 0.0000000000
49703  -33.134  -28.509  65.213 0.0000000000
49704  -33.926  -28.090  64.966 0.0000000000
50921  -34.821  -27.399  65.062 0.0000000000
50945  -35.016  -27.747  64.628 0.0000000000
52159  -35.844  -26.578  64.729 0.0000000000
52160  -36.329  -26.444  64.476 0.0000000000
58136  -37.852  -21.652  64.907 0.0000000000
58108  -37.723  -22.077  65.605 0.0000000000
58138  -38.672  -21.304  65.351 0.0000000000
58126  -39.509  -21.736  65.299 0.0000000000
58153  -39.903  -22.299  64.844 0.0000000000
56943  -40.608  -22.828  63.898 0.0000000000
59342  -41.593  -20.590  63.105 0.0000000000
60558  -41.839  -19.733  62.801 0.0000000000
68704  -43.006  -12.673  62.796 0.0000000000
68722  -43.790  -12.821  61.894 0.0000000000
70066  -43.257  -12.039  62.598 0.0000000000
71464  -43.380  -11.737  62.329 0.0000000000
71485  -43.611  -11.633  61.939 0.0000000000
72769  -42.916  -9.235  60.625 0.0000000000
76665  -42.081  -6.195  58.067 0.0000000000
77909  -42.011  -5.545  58.731 0.0000000000
79016  -42.666  -5.337  58.206 0.0000000000
79001  -43.073  -5.294  58.434 0.0000000000
79002  -43.897  -5.162  58.336 0.0000000000
79019  -44.704  -4.924  57.341 0.0000000000
79003  -44.746  -5.230  58.234 0.0000000000
77911  -44.752  -5.579  58.768 0.0000000000
77893  -45.364  -6.016  58.395 0.0000000000
75556  -45.791  -8.162  46.254 0.0000000000
74256  -45.418  -8.623  46.705 0.0000000000
74280  -46.204  -8.507  46.642 0.0000000000
74258  -46.552  -8.410  47.476 0.0000000000
74232  -47.070  -7.993  48.387 0.0000000000
75520  -47.887  -8.055  49.353 0.0000000000
75506  -48.462  -7.714  50.368 0.0000000000
62926  -40.487  -17.738  63.582 0.0000000000
61800  -40.401  -18.018  62.898 0.0000000000
58151  -37.788  -21.702  64.308 0.0000000000
59339  -38.678  -20.410  63.680 0.0000000000
60555  -38.920  -20.093  64.054 0.0000000000
60541  -39.090  -19.893  64.396 0.0000000000
60542  -39.568  -19.314  64.247 0.0000000000
61786  -39.921  -18.968  63.668 0.0000000000
72782  -38.550  -9.270  60.541 0.0000000000
73994  -39.165  -8.662  61.472 0.0000000000
74017  -38.945  -8.685  60.111 0.0000000000
74018  -39.599  -8.082  59.837 0.0000000000
75330  -40.921  -7.074  58.826 0.0000000000
75331  -41.500  -6.736  58.183 0.0000000000
75350  -41.793  -6.759  57.440 0.0000000000
76686  -42.239  -6.400  57.321 0.0000000000
76707  -42.603  -6.203  56.851 0.0000000000
76726  -43.985  -5.991  55.431 0.0000000000
76727  -45.098  -5.934  55.477 0.0000000000
76747  -45.807  -5.960  54.772 0.0000000000
78052  -45.894  -6.043  47.151 0.0000000000
76856  -45.647  -6.806  46.405 0.0000000000
76870  -46.369  -7.048  46.122 0.0000000000
72993  -49.461  -9.415  47.251 0.0000000000
78081  -50.018  -5.079  46.192 0.0000000000
76889  -50.369  -6.648  45.530 0.0000000000
61817  -44.647  -18.533  60.690 0.0000000000
62977  -44.727  -17.580  60.571 0.0000000000
64123  -44.907  -16.675  60.441 0.0000000000
66307  -43.641  -15.196  61.690 0.0000000000
66323  -43.474  -14.266  61.871 0.0000000000
66305  -42.808  -14.614  62.227 0.0000000000
67511  -42.973  -13.929  62.166 0.0000000000
67499  -43.154  -13.096  62.529 0.0000000000
68703  -42.416  -12.766  63.236 0.0000000000
70043  -42.131  -11.976  63.373 0.0000000000
70022  -40.325  -11.631  63.873 0.0000000000
71460  -38.746  -10.165  61.799 0.0000000000
64085  -40.307  -17.238  63.273 0.0000000000
65173  -40.140  -15.504  62.660 0.0000000000
65190  -39.919  -15.545  61.795 0.0000000000
67510  -40.014  -13.308  62.466 0.0000000000
72767  -38.396  -9.760  60.874 0.0000000000
52108  -15.874  -26.294  65.990 0.0000000000
55763  -17.568  -24.694  68.417 0.0000000000
54549  -17.819  -24.978  68.418 0.0000000000
54577  -20.353  -24.925  67.148 0.0000000000
52064  -20.972  -26.514  68.196 0.0000000000
46419  -21.185  -29.957  67.966 0.0000000000
45307  -22.072  -30.422  68.293 0.0000000000
47471  -21.281  -30.310  67.485 0.0000000000
45351  -23.690  -31.893  65.897 0.0000000000
43159  -25.145  -32.854  66.515 0.0000000000
43184  -25.710  -33.510  65.632 0.0000000000
41116  -28.497  -33.697  64.763 0.0000000000
47476  -28.021  -30.877  66.414 0.0000000000
47479  -30.140  -29.192  66.703 0.0000000000
47478  -29.585  -29.974  66.319 0.0000000000
46427  -29.027  -30.731  66.446 0.0000000000
46441  -28.674  -31.687  66.486 0.0000000000
45340  -29.176  -32.205  66.087 0.0000000000
45352  -29.431  -32.401  65.678 0.0000000000
44294  -29.724  -32.807  65.077 0.0000000000
45366  -30.085  -32.450  65.232 0.0000000000
44295  -30.263  -32.909  64.877 0.0000000000
43204  -30.600  -33.695  64.761 0.0000000000
48621  -33.191  -29.385  64.083 0.0000000000
47549  -34.100  -30.427  62.988 0.0000000000
48638  -34.423  -29.520  62.855 0.0000000000
46501  -34.586  -30.976  62.911 0.0000000000
54613  -34.696  -24.784  65.028 0.0000000000
53338  -35.962  -25.026  65.348 0.0000000000
52120  -36.221  -25.665  65.000 0.0000000000
52142  -36.737  -25.878  64.592 0.0000000000
56896  -37.937  -22.753  65.860 0.0000000000
55816  -37.964  -23.452  65.955 0.0000000000
54600  -38.777  -23.564  65.242 0.0000000000
53355  -37.849  -24.413  65.304 0.0000000000
52161  -37.202  -26.207  64.081 0.0000000000
52180  -37.659  -26.426  63.524 0.0000000000
50973  -38.358  -26.682  63.084 0.0000000000
50974  -39.221  -26.800  62.707 0.0000000000
55853  -41.736  -23.354  63.325 0.0000000000
55877  -42.655  -23.424  62.813 0.0000000000
54675  -43.058  -24.040  62.532 0.0000000000
55878  -43.353  -23.166  62.304 0.0000000000
54694  -43.438  -23.675  62.158 0.0000000000
57027  -44.712  -22.235  59.810 0.0000000000
57008  -44.985  -21.540  60.893 0.0000000000
57028  -45.014  -21.666  60.342 0.0000000000
73982  -39.443  -8.582  61.741 0.0000000000
75265  -40.154  -7.944  61.776 0.0000000000
75266  -40.708  -7.838  61.814 0.0000000000
76591  -40.520  -6.759  60.966 0.0000000000
76580  -41.073  -7.141  61.555 0.0000000000
75267  -41.360  -7.743  61.576 0.0000000000
73996  -42.470  -8.600  61.000 0.0000000000
78970  -42.516  -5.637  59.916 0.0000000000
77871  -42.705  -6.041  60.175 0.0000000000
76617  -42.925  -6.471  60.009 0.0000000000
74007  -42.712  -8.363  60.120 0.0000000000
76764  -44.054  -6.761  53.991 0.0000000000
74206  -44.586  -9.231  48.462 0.0000000000
75432  -45.459  -7.786  52.710 0.0000000000
74135  -46.471  -8.077  51.708 0.0000000000
75419  -45.898  -7.078  53.242 0.0000000000
76748  -46.449  -5.786  54.405 0.0000000000
77980  -48.264  -5.590  54.973 0.0000000000
77981  -49.016  -6.023  55.142 0.0000000000
76730  -48.686  -6.940  55.412 0.0000000000
42133  -26.005  -33.687  66.053 0.0000000000
42136  -27.663  -33.108  65.681 0.0000000000
42140  -26.011  -33.584  65.679 0.0000000000
42141  -26.258  -33.381  65.664 0.0000000000
42142  -27.044  -33.033  65.288 0.0000000000
42153  -29.680  -33.604  64.467 0.0000000000
43170  -24.497  -32.684  66.215 0.0000000000
43188  -29.075  -33.135  65.233 0.0000000000
43201  -26.667  -33.193  65.114 0.0000000000
44261  -29.060  -32.685  65.739 0.0000000000
44279  -29.277  -32.841  65.313 0.0000000000
45310  -23.726  -31.051  67.753 0.0000000000
45319  -21.941  -30.522  68.135 0.0000000000
45322  -24.117  -31.619  67.419 0.0000000000
45365  -29.644  -32.567  65.366 0.0000000000
45367  -30.680  -32.408  65.017 0.0000000000
46406  -21.172  -29.699  68.247 0.0000000000
46408  -22.073  -30.229  68.233 0.0000000000
47457  -20.833  -29.126  67.928 0.0000000000
47462  -23.329  -30.455  67.795 0.0000000000
47470  -21.065  -30.212  67.685 0.0000000000
47485  -21.121  -29.886  66.525 0.0000000000
47493  -30.417  -29.542  66.401 0.0000000000
47495  -31.405  -29.001  66.545 0.0000000000
47502  -22.265  -30.861  66.025 0.0000000000
47510  -31.441  -29.180  66.346 0.0000000000
47524  -32.076  -30.117  65.067 0.0000000000
47538  -32.871  -30.023  64.137 0.0000000000
48551  -21.148  -30.105  67.230 0.0000000000
48560  -31.080  -28.463  66.874 0.0000000000
49655  -31.914  -28.111  66.496 0.0000000000
49656  -32.369  -28.023  66.261 0.0000000000
50863  -33.077  -27.313  66.379 0.0000000000
50878  -32.879  -27.784  66.087 0.0000000000
50922  -35.485  -26.896  64.836 0.0000000000
50949  -38.544  -26.162  63.263 0.0000000000
52071  -33.047  -27.038  66.492 0.0000000000
52072  -33.394  -27.050  66.177 0.0000000000
52094  -33.545  -26.695  65.978 0.0000000000
52129  -14.409  -26.443  65.844 0.0000000000
53332  -21.114  -26.138  67.555 0.0000000000
53387  -40.882  -24.947  63.381 0.0000000000
53410  -42.709  -25.178  62.243 0.0000000000
53435  -43.430  -24.794  61.455 0.0000000000
53479  -43.574  -24.650  60.688 0.0000000000
53480  -43.820  -24.346  61.004 0.0000000000
54578  -33.874  -26.007  65.749 0.0000000000
54615  -38.589  -23.887  65.000 0.0000000000
54617  -39.123  -23.269  65.104 0.0000000000
54638  -41.702  -24.760  63.082 0.0000000000
54657  -42.961  -24.929  62.259 0.0000000000
54677  -43.341  -24.773  61.730 0.0000000000
54695  -43.599  -23.964  61.805 0.0000000000
55797  -37.511  -23.546  65.783 0.0000000000
55798  -37.971  -23.095  65.885 0.0000000000
55811  -19.631  -24.229  66.790 0.0000000000
55818  -39.087  -23.177  65.262 0.0000000000
55835  -39.235  -23.085  65.142 0.0000000000
55864  -41.791  -24.234  63.250 0.0000000000
56926  -39.579  -22.957  64.763 0.0000000000
56941  -39.588  -23.132  64.665 0.0000000000
56990  -44.893  -21.361  61.224 0.0000000000
58109  -37.837  -22.378  65.798 0.0000000000
58123  -37.913  -21.740  65.361 0.0000000000
58189  -42.179  -20.997  62.507 0.0000000000
59295  -40.502  -20.204  65.334 0.0000000000
59357  -42.821  -20.810  62.118 0.0000000000
59394  -45.274  -20.349  60.362 0.0000000000
60569  -42.507  -20.447  62.243 0.0000000000
61766  -40.458  -18.124  63.532 0.0000000000
61802  -43.549  -18.889  61.458 0.0000000000
62889  -41.182  -18.717  64.917 0.0000000000
62948  -40.397  -17.727  63.175 0.0000000000
62959  -40.298  -17.585  62.822 0.0000000000
65124  -40.900  -15.965  63.953 0.0000000000
65159  -43.349  -15.417  61.800 0.0000000000
66276  -41.406  -15.572  63.901 0.0000000000
66322  -43.168  -14.076  62.008 0.0000000000
66354  -44.910  -14.344  60.348 0.0000000000
68721  -43.412  -12.689  62.402 0.0000000000
70023  -41.063  -11.775  63.914 0.0000000000
70129  -44.486  -12.128  60.301 0.0000000000
71423  -40.768  -11.174  63.505 0.0000000000
71462  -42.399  -10.821  62.622 0.0000000000
71483  -38.456  -9.983  61.277 0.0000000000
71714  -49.957  -9.794  47.825 0.0000000000
72711  -40.122  -10.276  62.980 0.0000000000
72712  -40.044  -10.731  63.092 0.0000000000
72713  -40.554  -10.959  63.188 0.0000000000
72731  -41.662  -10.734  62.894 0.0000000000
72770  -43.215  -10.045  61.044 0.0000000000
73951  -39.816  -10.190  63.021 0.0000000000
73952  -40.155  -10.200  62.954 0.0000000000
73968  -40.027  -9.981  63.006 0.0000000000
73969  -40.177  -10.181  62.787 0.0000000000
73970  -40.484  -10.366  62.862 0.0000000000
74005  -38.907  -8.694  60.909 0.0000000000
74031  -40.684  -7.542  58.253 0.0000000000
74261  -49.257  -9.104  47.920 0.0000000000
74279  -45.627  -8.567  46.580 0.0000000000
75263  -39.450  -8.421  61.610 0.0000000000
75264  -39.700  -8.099  61.581 0.0000000000
75276  -39.450  -8.284  61.402 0.0000000000
75485  -48.719  -7.503  50.897 0.0000000000
75519  -47.519  -7.938  49.200 0.0000000000
75537  -45.396  -8.310  46.545 0.0000000000
75538  -45.056  -7.768  46.606 0.0000000000
76577  -39.835  -7.719  61.298 0.0000000000
76579  -40.587  -7.251  61.474 0.0000000000
76639  -40.513  -6.780  60.020 0.0000000000
76644  -45.577  -6.336  58.036 0.0000000000
76666  -42.414  -5.857  57.948 0.0000000000
76706  -42.179  -6.692  56.718 0.0000000000
76786  -46.778  -6.718  53.027 0.0000000000
76855  -45.437  -7.715  46.267 0.0000000000
76869  -45.877  -7.500  46.062 0.0000000000
77846  -40.779  -6.291  60.652 0.0000000000
77869  -41.534  -5.699  60.316 0.0000000000
77887  -41.271  -5.714  59.866 0.0000000000
77910  -42.349  -5.691  58.228 0.0000000000
77925  -42.476  -5.446  58.341 0.0000000000
77926  -42.658  -5.527  57.875 0.0000000000
77942  -42.903  -5.690  57.198 0.0000000000
77943  -43.505  -5.340  56.899 0.0000000000
77944  -44.119  -5.182  56.527 0.0000000000
77945  -46.453  -5.375  56.836 0.0000000000
77946  -47.088  -5.465  56.482 0.0000000000
77962  -45.464  -5.372  55.635 0.0000000000
77965  -48.692  -6.261  55.497 0.0000000000
77990  -46.696  -5.679  54.266 0.0000000000
78095  -48.353  -6.114  45.733 0.0000000000
78969  -42.228  -5.493  59.823 0.0000000000
78988  -44.478  -5.514  58.830 0.0000000000
79000  -42.605  -5.347  58.487 0.0000000000
79004  -45.427  -5.325  57.693 0.0000000000
79017  -42.929  -5.188  57.996 0.0000000000
79054  -45.775  -5.188  55.618 0.0000000000
79056  -46.531  -5.155  55.364 0.0000000000
79149  -49.719  -4.249  47.566 0.0000000000
80106  -44.923  -4.745  57.063 0.0000000000
80107  -45.102  -4.703  57.058 0.0000000000
80118  -44.900  -4.583  56.916 0.0000000000
80206  -50.374  -2.927  49.013 0.0000000000
80225  -47.853  -4.237  48.053 0.0000000000
