#!ascii label  , from subject sub.01.bl.02 vox2ras=TkReg
1723
68996  -36.686  -13.182  46.179 0.0000000000
83806  -50.919  -1.050  44.421 0.0000000000
74322  -44.226  -8.378  44.629 0.0000000000
49799  -10.315  -29.279  60.029 0.0000000000
66462  -35.463  -13.966  50.891 0.0000000000
48634  -25.280  -29.288  63.517 0.0000000000
53368  -34.054  -25.171  64.886 0.0000000000
60623  -40.812  -19.790  58.937 0.0000000000
66404  -40.479  -14.546  57.422 0.0000000000
53580  -19.330  -25.603  55.616 0.0000000000
54650  -21.566  -24.984  63.474 0.0000000000
55962  -22.576  -23.639  56.499 0.0000000000
52257  -31.583  -26.446  58.335 0.0000000000
54744  -36.979  -24.694  58.696 0.0000000000
71594  -37.673  -10.378  53.799 0.0000000000
72932  -41.007  -10.251  51.697 0.0000000000
79191  -47.453  -4.915  44.431 0.0000000000
70419  -40.246  -11.275  45.287 0.0000000000
83875  -47.996  -0.212  38.470 0.0000000000
47586  -7.835  -31.170  60.889 0.0000000000
70169  -35.585  -12.082  56.678 0.0000000000
70338  -34.685  -12.320  49.008 0.0000000000
53542  -26.125  -27.111  57.758 0.0000000000
50920  -29.692  -27.633  64.965 0.0000000000
72970  -43.328  -9.315  49.549 0.0000000000
87453  -56.307  2.580  36.636 0.0000000000
59450  -39.354  -20.738  56.369 0.0000000000
61872  -39.780  -18.656  55.711 0.0000000000
55980  -21.040  -24.128  56.126 0.0000000000
54780  -35.376  -25.272  56.566 0.0000000000
57092  -37.550  -23.018  56.404 0.0000000000
57025  -39.309  -22.735  59.527 0.0000000000
70278  -37.292  -12.245  50.506 0.0000000000
71622  -39.711  -10.467  53.008 0.0000000000
70311  -39.664  -12.130  49.521 0.0000000000
81409  -49.440  -2.851  44.742 0.0000000000
82520  -47.885  -2.282  48.255 0.0000000000
83827  -52.367  0.350  43.658 0.0000000000
48720  -9.242  -29.732  56.963 0.0000000000
48678  -9.042  -29.938  60.318 0.0000000000
66438  -38.393  -14.155  54.205 0.0000000000
68832  -38.673  -12.394  56.598 0.0000000000
68868  -36.492  -12.832  53.733 0.0000000000
71640  -34.324  -11.704  51.844 0.0000000000
68908  -33.532  -12.615  50.279 0.0000000000
50961  -22.810  -27.811  63.447 0.0000000000
49666  -22.572  -28.074  66.543 0.0000000000
47503  -24.516  -30.387  65.889 0.0000000000
47490  -27.235  -30.363  65.871 0.0000000000
54812  -25.078  -24.838  53.971 0.0000000000
53601  -27.168  -26.195  54.306 0.0000000000
52214  -33.329  -26.612  61.690 0.0000000000
51027  -31.159  -28.158  61.304 0.0000000000
52158  -32.357  -26.336  64.608 0.0000000000
50860  -31.085  -27.774  67.114 0.0000000000
52251  -14.742  -26.766  58.243 0.0000000000
54683  -15.489  -25.004  61.139 0.0000000000
54610  -14.624  -24.416  64.762 0.0000000000
73037  -42.079  -9.876  44.404 0.0000000000
71723  -41.357  -9.692  47.507 0.0000000000
138874  -41.833  -7.162  47.587 0.0000000000
87467  -58.240  2.256  35.631 0.0000000000
49692  -10.070  -28.442  64.898 0.0000000000
61815  -40.223  -18.659  62.135 0.0000000000
64122  -39.867  -16.623  61.529 0.0000000000
63041  -40.841  -17.328  57.705 0.0000000000
64197  -39.431  -16.285  54.811 0.0000000000
54719  -18.740  -25.355  59.545 0.0000000000
55870  -19.955  -24.390  62.341 0.0000000000
55934  -20.916  -23.960  58.786 0.0000000000
55903  -22.055  -24.312  60.458 0.0000000000
54708  -24.222  -25.518  60.712 0.0000000000
53586  -29.388  -25.824  55.392 0.0000000000
54797  -32.085  -25.061  55.793 0.0000000000
53523  -34.767  -25.529  58.572 0.0000000000
54672  -35.764  -24.429  62.172 0.0000000000
55876  -37.461  -23.330  62.189 0.0000000000
58188  -39.087  -20.940  62.258 0.0000000000
53578  -17.250  -25.904  55.170 0.0000000000
72820  -38.106  -9.499  57.569 0.0000000000
75294  -39.800  -7.632  60.522 0.0000000000
74067  -39.426  -9.151  56.689 0.0000000000
74087  -41.415  -8.176  55.034 0.0000000000
76885  -45.801  -6.223  45.034 0.0000000000
79142  -43.354  -5.260  48.014 0.0000000000
81350  -45.859  -3.484  47.661 0.0000000000
43206  -4.538  -34.517  64.299 0.0000000000
68998  -38.770  -12.494  45.882 0.0000000000
71796  -40.060  -10.807  41.818 0.0000000000
75660  -44.097  -7.832  41.858 0.0000000000
76955  -46.405  -6.137  42.018 0.0000000000
79217  -47.606  -4.716  41.275 0.0000000000
81446  -48.946  -2.685  41.019 0.0000000000
83847  -49.916  -0.818  40.888 0.0000000000
82623  -46.684  -1.647  39.170 0.0000000000
48627  -8.435  -30.105  63.840 0.0000000000
47539  -6.691  -31.465  64.244 0.0000000000
45369  -5.103  -32.978  64.157 0.0000000000
68719  -39.435  -11.305  62.373 0.0000000000
67543  -40.362  -13.525  60.374 0.0000000000
68776  -39.082  -11.943  59.666 0.0000000000
71515  -37.506  -10.558  59.226 0.0000000000
72857  -36.210  -10.603  55.237 0.0000000000
71657  -35.989  -11.641  51.561 0.0000000000
68943  -35.513  -12.827  48.059 0.0000000000
53347  -21.247  -25.858  66.520 0.0000000000
54754  -24.672  -25.756  57.692 0.0000000000
52209  -25.835  -26.895  61.256 0.0000000000
51054  -28.757  -27.409  58.461 0.0000000000
51006  -27.749  -28.429  61.120 0.0000000000
50917  -27.343  -27.962  64.780 0.0000000000
49651  -29.389  -28.796  66.399 0.0000000000
49861  -10.882  -29.125  57.175 0.0000000000
49863  -12.788  -28.689  57.611 0.0000000000
49774  -12.580  -27.767  61.159 0.0000000000
70345  -40.992  -11.069  48.166 0.0000000000
72934  -42.471  -9.879  51.338 0.0000000000
75431  -44.831  -7.901  52.824 0.0000000000
75501  -44.006  -8.191  48.283 0.0000000000
86276  -50.572  1.496  40.363 0.0000000000
88554  -51.943  2.679  39.942 0.0000000000
88557  -54.432  3.628  39.799 0.0000000000
86315  -53.428  1.401  37.732 0.0000000000
87421  -56.413  2.475  39.139 0.0000000000
59468  -38.502  -21.169  54.892 0.0000000000
59469  -39.244  -20.549  55.170 0.0000000000
59497  -37.987  -20.447  53.294 0.0000000000
56008  -36.627  -23.769  54.527 0.0000000000
57109  -37.387  -22.500  55.422 0.0000000000
58286  -38.775  -21.777  56.311 0.0000000000
70341  -36.858  -12.097  48.677 0.0000000000
70279  -38.189  -12.204  50.301 0.0000000000
70342  -37.802  -12.236  48.439 0.0000000000
82586  -49.939  -2.025  44.464 0.0000000000
82559  -49.736  -1.754  46.276 0.0000000000
83755  -51.058  -0.872  46.324 0.0000000000
83780  -51.645  -0.354  45.857 0.0000000000
83807  -51.853  -0.463  44.597 0.0000000000
48691  -9.768  -29.611  58.949 0.0000000000
48702  -9.183  -29.886  58.134 0.0000000000
48679  -9.763  -29.500  59.989 0.0000000000
67651  -37.200  -13.229  52.435 0.0000000000
67638  -36.972  -13.145  53.722 0.0000000000
67650  -36.069  -13.486  52.006 0.0000000000
68883  -34.294  -12.707  52.220 0.0000000000
67667  -34.372  -13.482  50.188 0.0000000000
55843  -17.524  -24.257  64.377 0.0000000000
50962  -23.718  -28.249  62.818 0.0000000000
48600  -23.586  -29.071  65.312 0.0000000000
47534  -24.923  -30.131  64.476 0.0000000000
46438  -25.840  -31.260  66.066 0.0000000000
47520  -26.232  -30.233  64.997 0.0000000000
53428  -33.763  -25.643  63.316 0.0000000000
52177  -32.701  -26.326  63.619 0.0000000000
53382  -33.137  -25.663  64.600 0.0000000000
53334  -32.395  -26.420  65.954 0.0000000000
54704  -17.083  -25.086  60.572 0.0000000000
54664  -16.653  -24.832  62.221 0.0000000000
54627  -16.213  -24.521  63.845 0.0000000000
72728  -39.939  -10.073  62.699 0.0000000000
73030  -43.487  -9.254  45.029 0.0000000000
73015  -42.322  -9.013  46.021 0.0000000000
75574  -42.715  -7.395  45.870 0.0000000000
61827  -40.539  -18.990  60.702 0.0000000000
62991  -40.331  -17.885  60.438 0.0000000000
61850  -40.796  -18.643  58.511 0.0000000000
64190  -39.808  -17.003  55.386 0.0000000000
63100  -39.383  -17.142  52.881 0.0000000000
65282  -38.928  -15.136  53.246 0.0000000000
53538  -19.070  -25.712  57.472 0.0000000000
54720  -19.596  -24.983  59.438 0.0000000000
53540  -20.515  -24.967  57.544 0.0000000000
57101  -21.871  -23.391  56.263 0.0000000000
57037  -21.572  -22.995  58.063 0.0000000000
57039  -22.795  -23.078  57.799 0.0000000000
54707  -23.396  -24.888  60.571 0.0000000000
55920  -23.503  -24.183  58.774 0.0000000000
54834  -31.482  -24.902  54.329 0.0000000000
54759  -36.137  -24.743  57.596 0.0000000000
54757  -34.717  -25.475  57.280 0.0000000000
54726  -35.746  -25.257  58.951 0.0000000000
53476  -35.600  -25.458  60.436 0.0000000000
54711  -36.491  -24.910  60.312 0.0000000000
54673  -36.517  -24.056  61.945 0.0000000000
55909  -37.527  -24.025  60.757 0.0000000000
58253  -40.255  -21.237  59.016 0.0000000000
58224  -39.900  -22.038  60.617 0.0000000000
59393  -40.445  -20.563  60.595 0.0000000000
60582  -39.860  -19.643  62.202 0.0000000000
53579  -18.352  -25.829  55.412 0.0000000000
72859  -37.989  -10.569  55.391 0.0000000000
74066  -38.663  -9.360  57.156 0.0000000000
72860  -39.154  -9.822  55.370 0.0000000000
71646  -40.051  -10.614  52.436 0.0000000000
72886  -40.094  -9.613  54.152 0.0000000000
74114  -41.043  -9.486  53.259 0.0000000000
75400  -42.621  -7.578  54.693 0.0000000000
74115  -41.630  -9.117  53.032 0.0000000000
79190  -46.763  -5.088  44.903 0.0000000000
79181  -45.496  -4.504  45.939 0.0000000000
80243  -46.212  -3.614  46.176 0.0000000000
80204  -48.928  -3.384  48.885 0.0000000000
75661  -45.211  -7.594  41.952 0.0000000000
76975  -44.517  -6.453  40.705 0.0000000000
79228  -45.385  -4.724  39.768 0.0000000000
79230  -47.339  -3.963  40.603 0.0000000000
80302  -48.106  -3.860  40.789 0.0000000000
81455  -46.658  -2.777  39.999 0.0000000000
82614  -47.798  -1.785  39.948 0.0000000000
46574  -7.582  -31.377  57.712 0.0000000000
46538  -6.895  -32.433  60.306 0.0000000000
50884  -10.026  -27.885  66.075 0.0000000000
48628  -9.276  -29.518  63.503 0.0000000000
49690  -8.964  -29.373  65.990 0.0000000000
48593  -7.221  -30.042  66.021 0.0000000000
47511  -6.277  -31.497  65.764 0.0000000000
45370  -5.865  -32.504  64.048 0.0000000000
46428  -5.747  -32.140  65.846 0.0000000000
45341  -5.362  -32.645  65.939 0.0000000000
66373  -40.438  -14.998  59.312 0.0000000000
66352  -40.180  -14.906  60.139 0.0000000000
66391  -40.557  -14.288  58.994 0.0000000000
68813  -36.849  -12.102  56.922 0.0000000000
68795  -38.848  -12.135  58.528 0.0000000000
68793  -37.195  -11.752  57.614 0.0000000000
70126  -37.432  -11.190  59.068 0.0000000000
71527  -36.537  -11.342  57.409 0.0000000000
71543  -36.535  -11.013  56.910 0.0000000000
71570  -35.173  -11.125  55.993 0.0000000000
71673  -34.046  -11.187  50.628 0.0000000000
71641  -35.611  -11.848  52.465 0.0000000000
71695  -35.182  -11.207  50.123 0.0000000000
70307  -35.689  -11.609  49.740 0.0000000000
70339  -35.253  -12.255  48.925 0.0000000000
55861  -21.114  -24.461  64.005 0.0000000000
54629  -21.072  -24.488  64.981 0.0000000000
53364  -21.532  -25.526  65.412 0.0000000000
53582  -25.239  -25.863  55.331 0.0000000000
54795  -24.387  -25.102  55.051 0.0000000000
53541  -25.510  -26.567  57.618 0.0000000000
53494  -25.456  -25.904  59.500 0.0000000000
52240  -26.183  -27.023  59.583 0.0000000000
53544  -30.566  -25.853  56.988 0.0000000000
52286  -29.184  -26.185  56.854 0.0000000000
51056  -30.430  -26.951  58.540 0.0000000000
50968  -30.247  -27.957  63.578 0.0000000000
49786  -29.848  -28.922  61.473 0.0000000000
50967  -29.224  -27.823  63.604 0.0000000000
52195  -27.691  -27.136  63.157 0.0000000000
50941  -28.208  -27.686  64.476 0.0000000000
49683  -28.683  -28.507  65.805 0.0000000000
50895  -29.453  -27.768  66.120 0.0000000000
56924  -36.896  -22.779  64.722 0.0000000000
51063  -13.748  -27.863  57.507 0.0000000000
51035  -13.482  -27.225  59.608 0.0000000000
49825  -12.476  -28.206  59.705 0.0000000000
55806  -14.514  -23.808  66.253 0.0000000000
70396  -39.276  -12.340  45.199 0.0000000000
68999  -39.335  -12.007  46.392 0.0000000000
70398  -40.152  -10.897  46.218 0.0000000000
72982  -41.656  -9.020  48.851 0.0000000000
72968  -42.159  -9.490  49.537 0.0000000000
72952  -43.249  -9.597  50.252 0.0000000000
74155  -43.270  -9.120  51.558 0.0000000000
72937  -44.215  -9.231  50.698 0.0000000000
79123  -43.897  -5.184  48.968 0.0000000000
78051  -43.610  -6.707  48.266 0.0000000000
75517  -44.703  -8.030  47.204 0.0000000000
83856  -48.773  -0.357  40.103 0.0000000000
83858  -50.406  0.310  40.466 0.0000000000
85066  -48.753  0.383  39.044 0.0000000000
86298  -50.579  1.918  39.118 0.0000000000
86299  -51.206  2.172  38.781 0.0000000000
88556  -53.626  3.388  40.016 0.0000000000
87430  -52.677  2.450  39.031 0.0000000000
85105  -54.240  0.724  36.086 0.0000000000
83917  -53.311  -0.154  36.297 0.0000000000
86317  -55.439  2.061  37.323 0.0000000000
87433  -55.628  2.892  38.170 0.0000000000
88577  -56.505  3.051  37.643 0.0000000000
87444  -57.744  2.293  37.277 0.0000000000
83930  -58.293  -0.285  35.893 0.0000000000
59432  -39.589  -20.575  57.504 0.0000000000
61860  -40.396  -18.846  57.441 0.0000000000
60652  -39.678  -19.640  56.123 0.0000000000
60676  -39.256  -19.670  53.877 0.0000000000
54792  -20.575  -24.739  56.210 0.0000000000
56007  -35.614  -24.506  54.466 0.0000000000
55965  -36.492  -24.390  56.714 0.0000000000
55951  -37.453  -24.310  57.710 0.0000000000
55926  -38.284  -23.860  59.581 0.0000000000
57048  -38.888  -23.137  58.077 0.0000000000
58268  -39.469  -21.408  57.845 0.0000000000
70235  -37.604  -11.543  52.402 0.0000000000
71595  -38.436  -10.499  53.782 0.0000000000
70256  -38.257  -11.820  52.085 0.0000000000
71659  -39.545  -11.044  51.895 0.0000000000
71660  -40.371  -10.778  51.462 0.0000000000
80261  -48.264  -3.922  45.048 0.0000000000
81380  -47.565  -3.408  46.213 0.0000000000
81381  -48.509  -2.748  46.565 0.0000000000
82505  -49.346  -2.058  48.549 0.0000000000
86239  -52.749  1.636  43.727 0.0000000000
47613  -8.544  -30.317  58.397 0.0000000000
47587  -8.400  -30.494  60.611 0.0000000000
66428  -39.415  -14.194  55.403 0.0000000000
67599  -39.981  -13.464  57.191 0.0000000000
67623  -38.449  -13.642  55.141 0.0000000000
67613  -37.006  -13.071  55.451 0.0000000000
68843  -35.468  -12.394  55.234 0.0000000000
70194  -35.295  -11.407  54.766 0.0000000000
68867  -35.863  -12.282  53.453 0.0000000000
70229  -33.295  -11.886  51.724 0.0000000000
68926  -33.649  -12.031  49.927 0.0000000000
53398  -22.237  -26.136  63.269 0.0000000000
52134  -22.188  -26.854  65.581 0.0000000000
49697  -22.832  -28.227  65.563 0.0000000000
48571  -23.767  -29.555  66.577 0.0000000000
47474  -26.600  -31.377  66.279 0.0000000000
53600  -25.944  -25.746  54.143 0.0000000000
52283  -26.935  -27.233  56.359 0.0000000000
52244  -32.940  -26.741  59.868 0.0000000000
51043  -31.382  -27.800  59.687 0.0000000000
52212  -31.937  -27.232  61.552 0.0000000000
52176  -31.942  -27.132  63.084 0.0000000000
52156  -30.743  -27.441  64.651 0.0000000000
52114  -29.999  -27.282  66.643 0.0000000000
52092  -31.235  -26.702  66.476 0.0000000000
52282  -15.852  -26.175  56.471 0.0000000000
52252  -15.451  -26.182  58.582 0.0000000000
53445  -14.507  -25.512  61.494 0.0000000000
53397  -13.921  -25.305  63.005 0.0000000000
54626  -15.279  -24.515  64.053 0.0000000000
71746  -40.732  -10.830  44.641 0.0000000000
71732  -40.750  -10.254  46.443 0.0000000000
73014  -41.763  -9.401  46.343 0.0000000000
74255  -41.620  -8.310  47.668 0.0000000000
74201  -42.176  -8.039  48.772 0.0000000000
83911  -47.417  -0.766  36.634 0.0000000000
85076  -48.787  0.140  38.350 0.0000000000
83912  -48.376  -0.555  36.533 0.0000000000
85107  -56.096  1.670  36.134 0.0000000000
87465  -57.368  2.467  35.733 0.0000000000
85125  -57.011  1.804  35.233 0.0000000000
86357  -57.860  2.150  34.605 0.0000000000
49748  -11.361  -28.077  62.194 0.0000000000
49747  -10.478  -28.909  62.000 0.0000000000
62947  -40.169  -17.168  62.882 0.0000000000
62976  -40.099  -17.634  61.358 0.0000000000
64154  -40.606  -16.724  59.330 0.0000000000
65244  -40.688  -15.717  57.772 0.0000000000
63040  -40.508  -17.892  57.051 0.0000000000
64191  -40.110  -16.446  55.964 0.0000000000
65263  -39.761  -15.475  55.635 0.0000000000
65272  -39.149  -15.197  54.297 0.0000000000
65294  -38.361  -14.864  52.574 0.0000000000
54686  -18.389  -24.824  61.393 0.0000000000
54648  -18.868  -24.466  62.993 0.0000000000
54687  -19.234  -24.585  61.457 0.0000000000
55884  -20.625  -24.222  61.508 0.0000000000
55885  -21.357  -24.342  61.528 0.0000000000
55947  -21.204  -23.932  57.897 0.0000000000
55917  -21.181  -23.849  59.491 0.0000000000
55873  -21.871  -25.059  62.044 0.0000000000
54670  -22.662  -25.945  61.806 0.0000000000
53423  -23.407  -26.525  61.555 0.0000000000
52171  -24.847  -27.407  62.224 0.0000000000
53588  -30.869  -25.166  55.794 0.0000000000
53571  -31.874  -25.509  56.879 0.0000000000
54799  -33.898  -25.158  55.570 0.0000000000
54755  -33.116  -25.581  57.119 0.0000000000
53521  -32.700  -26.142  58.577 0.0000000000
53497  -33.660  -26.225  59.694 0.0000000000
53452  -34.684  -25.751  61.916 0.0000000000
54652  -35.128  -24.837  63.294 0.0000000000
54614  -35.469  -24.501  64.695 0.0000000000
54653  -35.856  -24.214  63.142 0.0000000000
55863  -36.689  -23.542  63.261 0.0000000000
56955  -37.446  -22.481  63.589 0.0000000000
57005  -38.734  -23.280  60.296 0.0000000000
56969  -38.351  -22.267  62.301 0.0000000000
58170  -38.210  -21.214  63.678 0.0000000000
59339  -38.678  -20.410  63.680 0.0000000000
53536  -16.739  -25.645  57.418 0.0000000000
72795  -38.455  -9.313  59.622 0.0000000000
74029  -39.135  -8.723  58.950 0.0000000000
74030  -40.148  -7.823  58.812 0.0000000000
74049  -40.530  -7.915  57.675 0.0000000000
72861  -39.751  -9.588  54.763 0.0000000000
75380  -40.982  -8.249  56.135 0.0000000000
76902  -44.870  -6.925  44.709 0.0000000000
76882  -43.656  -6.571  45.623 0.0000000000
78092  -44.605  -5.961  45.845 0.0000000000
79133  -44.648  -4.453  48.025 0.0000000000
78044  -45.387  -5.778  48.016 0.0000000000
81351  -46.537  -2.905  48.005 0.0000000000
79134  -46.554  -4.714  47.998 0.0000000000
69054  -36.008  -13.309  44.198 0.0000000000
68997  -37.690  -12.927  46.083 0.0000000000
69055  -36.936  -12.931  44.150 0.0000000000
69056  -37.899  -12.836  43.983 0.0000000000
70434  -39.246  -12.183  43.610 0.0000000000
70452  -39.898  -11.651  43.185 0.0000000000
71777  -41.122  -10.524  43.368 0.0000000000
73056  -42.486  -9.702  43.749 0.0000000000
74351  -42.995  -9.334  43.214 0.0000000000
74353  -44.640  -8.461  43.443 0.0000000000
75618  -45.230  -7.423  43.554 0.0000000000
76921  -46.448  -6.427  43.322 0.0000000000
78108  -47.348  -5.795  43.811 0.0000000000
78145  -45.689  -6.061  40.851 0.0000000000
78146  -46.644  -5.587  41.497 0.0000000000
79199  -47.853  -5.302  43.297 0.0000000000
80282  -48.934  -3.833  42.797 0.0000000000
80292  -49.337  -3.243  42.310 0.0000000000
82597  -49.947  -2.135  42.040 0.0000000000
82607  -50.656  -1.170  41.776 0.0000000000
82605  -49.084  -2.137  40.961 0.0000000000
82625  -48.027  -1.186  39.760 0.0000000000
83874  -47.204  -0.798  38.688 0.0000000000
83910  -46.305  -1.194  36.844 0.0000000000
48645  -9.588  -29.543  62.344 0.0000000000
48644  -8.814  -30.108  62.647 0.0000000000
47555  -8.161  -30.735  62.928 0.0000000000
48594  -8.144  -29.771  65.898 0.0000000000
47541  -7.733  -30.643  63.866 0.0000000000
47571  -7.667  -31.352  62.122 0.0000000000
46495  -6.693  -32.208  62.776 0.0000000000
45387  -5.574  -32.860  63.224 0.0000000000
45386  -4.822  -33.493  63.010 0.0000000000
45353  -4.731  -33.520  64.368 0.0000000000
71460  -38.746  -10.165  61.799 0.0000000000
67525  -40.179  -13.484  61.667 0.0000000000
68816  -39.564  -12.700  57.931 0.0000000000
68777  -40.106  -12.440  59.815 0.0000000000
68756  -38.981  -11.524  60.795 0.0000000000
70083  -38.131  -10.728  60.718 0.0000000000
71501  -37.914  -10.365  60.061 0.0000000000
72793  -37.254  -10.270  58.592 0.0000000000
72818  -36.859  -10.610  56.707 0.0000000000
72858  -36.951  -10.590  55.213 0.0000000000
71617  -35.654  -11.114  53.966 0.0000000000
71618  -36.228  -10.814  53.412 0.0000000000
71642  -36.382  -11.434  52.574 0.0000000000
70277  -36.271  -11.826  50.651 0.0000000000
70308  -36.611  -11.915  49.634 0.0000000000
68944  -36.262  -12.712  48.031 0.0000000000
67679  -34.757  -13.713  49.041 0.0000000000
67692  -34.436  -13.310  48.151 0.0000000000
67711  -33.904  -13.692  47.503 0.0000000000
68941  -34.441  -13.044  48.533 0.0000000000
68966  -34.031  -13.430  46.923 0.0000000000
68993  -33.983  -13.343  46.090 0.0000000000
68994  -34.831  -13.170  46.109 0.0000000000
69028  -35.832  -13.250  45.145 0.0000000000
52089  -22.177  -27.028  66.834 0.0000000000
55983  -23.037  -23.805  55.205 0.0000000000
54794  -23.539  -24.294  55.164 0.0000000000
55949  -23.151  -24.245  56.872 0.0000000000
54739  -24.871  -25.297  58.967 0.0000000000
53471  -24.936  -25.986  60.930 0.0000000000
53400  -25.462  -27.107  62.449 0.0000000000
53585  -28.640  -26.315  55.266 0.0000000000
52296  -28.174  -26.727  55.806 0.0000000000
51065  -27.536  -27.536  58.158 0.0000000000
49837  -30.049  -28.484  59.703 0.0000000000
49835  -28.397  -28.531  59.832 0.0000000000
51039  -27.501  -27.813  59.396 0.0000000000
52227  -26.645  -27.325  61.219 0.0000000000
52174  -26.921  -26.987  63.452 0.0000000000
49720  -26.520  -28.302  64.391 0.0000000000
49701  -27.320  -28.997  65.117 0.0000000000
48556  -28.446  -30.150  66.121 0.0000000000
48721  -9.888  -29.359  56.937 0.0000000000
48692  -10.465  -29.391  58.834 0.0000000000
49909  -13.223  -28.636  56.036 0.0000000000
49907  -11.803  -28.596  55.759 0.0000000000
49862  -11.739  -29.030  57.350 0.0000000000
49824  -11.805  -28.679  59.277 0.0000000000
49801  -11.880  -28.547  60.352 0.0000000000
50979  -11.888  -27.393  62.577 0.0000000000
54609  -13.905  -24.564  64.955 0.0000000000
70372  -39.142  -12.219  47.583 0.0000000000
70344  -39.938  -11.870  48.379 0.0000000000
71677  -40.749  -10.840  50.463 0.0000000000
71712  -41.138  -10.340  47.612 0.0000000000
71678  -41.312  -10.367  50.433 0.0000000000
72918  -42.049  -9.830  52.005 0.0000000000
74131  -42.553  -9.212  52.217 0.0000000000
79121  -42.558  -6.600  47.775 0.0000000000
138876  -43.201  -7.434  48.235 0.0000000000
74205  -43.874  -8.901  48.724 0.0000000000
85032  -51.325  0.232  41.798 0.0000000000
85044  -51.395  0.862  41.698 0.0000000000
86265  -52.324  1.934  41.599 0.0000000000
86297  -50.066  1.461  39.381 0.0000000000
87408  -50.961  2.486  40.349 0.0000000000
88523  -52.802  3.078  42.180 0.0000000000
88537  -54.021  3.693  41.492 0.0000000000
88538  -54.552  3.383  41.023 0.0000000000
85092  -52.660  0.509  37.610 0.0000000000
86302  -53.988  1.950  38.422 0.0000000000
88558  -55.307  3.166  39.441 0.0000000000
86332  -58.382  1.293  36.758 0.0000000000
58316  -37.856  -21.490  54.412 0.0000000000
57126  -36.987  -22.935  54.555 0.0000000000
57127  -37.430  -22.206  54.520 0.0000000000
58301  -37.987  -21.705  55.368 0.0000000000
68945  -37.003  -12.664  47.994 0.0000000000
68970  -37.536  -12.887  47.287 0.0000000000
82587  -50.481  -1.700  43.846 0.0000000000
82575  -50.346  -1.418  44.838 0.0000000000
83779  -51.089  -1.000  45.308 0.0000000000
83825  -51.108  -0.944  43.531 0.0000000000
48680  -10.240  -29.385  59.548 0.0000000000
49771  -10.405  -29.191  60.689 0.0000000000
66455  -36.297  -13.940  51.635 0.0000000000
67660  -35.474  -13.712  51.606 0.0000000000
67649  -35.018  -13.391  52.019 0.0000000000
67659  -34.969  -13.735  51.029 0.0000000000
55857  -17.903  -24.284  63.819 0.0000000000
55858  -18.360  -24.244  63.756 0.0000000000
49739  -24.487  -28.870  63.312 0.0000000000
48617  -24.534  -29.528  64.127 0.0000000000
48618  -25.478  -29.786  63.924 0.0000000000
47535  -25.678  -30.203  64.435 0.0000000000
48635  -25.957  -29.221  63.723 0.0000000000
53405  -34.204  -25.316  63.731 0.0000000000
53404  -33.347  -25.650  63.932 0.0000000000
53383  -33.778  -25.353  64.455 0.0000000000
54646  -16.882  -24.804  63.144 0.0000000000
74321  -43.827  -8.473  45.084 0.0000000000
74300  -43.188  -8.288  45.536 0.0000000000
75575  -43.510  -7.508  45.488 0.0000000000
60609  -40.733  -19.819  60.073 0.0000000000
61838  -40.739  -18.893  59.611 0.0000000000
61942  -38.873  -17.633  52.489 0.0000000000
63087  -39.578  -17.325  53.849 0.0000000000
53539  -19.907  -25.433  57.497 0.0000000000
53563  -19.560  -25.465  56.629 0.0000000000
57081  -22.158  -23.291  56.591 0.0000000000
57060  -21.889  -22.879  57.327 0.0000000000
55937  -23.008  -23.465  58.376 0.0000000000
55948  -22.962  -23.505  57.440 0.0000000000
54760  -36.713  -24.620  57.988 0.0000000000
54743  -36.261  -24.863  58.470 0.0000000000
54727  -36.415  -25.025  59.388 0.0000000000
53500  -36.269  -25.214  59.894 0.0000000000
54728  -37.131  -24.696  59.669 0.0000000000
54712  -37.152  -24.398  60.552 0.0000000000
55925  -37.693  -24.241  60.038 0.0000000000
59418  -40.481  -20.626  58.773 0.0000000000
59404  -40.607  -20.751  59.667 0.0000000000
60597  -40.468  -19.934  60.850 0.0000000000
53562  -18.659  -25.661  56.484 0.0000000000
72884  -38.325  -10.526  54.488 0.0000000000
72916  -40.745  -10.189  52.324 0.0000000000
72904  -41.091  -9.728  52.843 0.0000000000
79183  -46.802  -4.454  44.975 0.0000000000
79182  -46.136  -4.681  45.346 0.0000000000
80259  -46.477  -3.936  45.420 0.0000000000
79148  -48.801  -4.406  47.649 0.0000000000
76974  -43.778  -6.489  40.705 0.0000000000
80312  -46.662  -3.310  40.173 0.0000000000
81467  -46.334  -2.589  39.442 0.0000000000
47597  -7.901  -31.002  59.743 0.0000000000
46539  -7.410  -31.742  59.997 0.0000000000
46555  -6.995  -32.423  59.094 0.0000000000
49675  -9.500  -28.856  66.400 0.0000000000
49659  -9.455  -28.991  66.952 0.0000000000
46446  -6.072  -31.882  65.796 0.0000000000
45328  -5.768  -32.207  66.080 0.0000000000
66390  -40.561  -14.823  58.446 0.0000000000
68812  -36.097  -12.308  56.666 0.0000000000
70155  -36.650  -11.709  57.311 0.0000000000
70139  -36.733  -11.466  57.761 0.0000000000
70138  -36.513  -11.556  57.245 0.0000000000
71542  -36.284  -11.467  56.877 0.0000000000
71553  -35.594  -11.509  56.483 0.0000000000
70305  -34.082  -11.864  49.778 0.0000000000
71694  -34.553  -11.252  50.107 0.0000000000
70306  -34.849  -11.556  49.496 0.0000000000
68942  -34.862  -12.995  48.149 0.0000000000
54630  -21.367  -24.764  64.464 0.0000000000
54631  -21.692  -25.232  64.160 0.0000000000
53566  -26.179  -26.999  56.839 0.0000000000
53565  -25.254  -26.449  56.502 0.0000000000
53519  -25.836  -26.695  58.321 0.0000000000
52253  -26.389  -27.188  58.601 0.0000000000
52273  -31.128  -26.351  57.867 0.0000000000
52272  -30.640  -26.299  57.595 0.0000000000
52256  -30.818  -26.636  58.148 0.0000000000
50943  -30.041  -27.710  64.470 0.0000000000
50990  -29.603  -28.250  62.834 0.0000000000
50942  -29.065  -27.712  64.461 0.0000000000
50919  -29.198  -27.787  65.297 0.0000000000
56925  -37.376  -22.211  64.790 0.0000000000
52190  -13.347  -26.017  62.054 0.0000000000
70418  -39.852  -11.980  44.910 0.0000000000
70397  -39.572  -11.728  45.849 0.0000000000
72969  -42.754  -9.326  49.548 0.0000000000
72936  -43.627  -9.314  50.864 0.0000000000
72953  -43.806  -9.506  50.158 0.0000000000
76850  -44.999  -6.791  47.086 0.0000000000
76842  -44.430  -7.005  47.689 0.0000000000
83865  -48.137  -0.533  39.415 0.0000000000
85054  -49.014  0.269  39.795 0.0000000000
86313  -51.361  1.445  38.402 0.0000000000
86300  -52.026  2.058  38.623 0.0000000000
85106  -55.538  1.248  36.145 0.0000000000
86329  -55.079  1.385  36.924 0.0000000000
86330  -55.901  2.075  36.591 0.0000000000
87442  -55.927  2.780  37.382 0.0000000000
87443  -56.561  3.007  37.114 0.0000000000
88578  -57.115  2.920  37.558 0.0000000000
88586  -56.897  3.070  37.100 0.0000000000
59451  -39.582  -19.961  56.921 0.0000000000
60675  -38.444  -20.029  53.621 0.0000000000
59485  -39.214  -20.199  54.495 0.0000000000
57108  -36.890  -23.258  55.463 0.0000000000
55986  -36.500  -24.150  55.493 0.0000000000
57091  -36.941  -23.711  56.157 0.0000000000
55966  -37.290  -23.850  56.764 0.0000000000
57070  -37.843  -23.642  57.084 0.0000000000
55952  -38.323  -23.740  57.622 0.0000000000
57071  -38.413  -23.086  57.157 0.0000000000
58267  -39.046  -22.231  57.491 0.0000000000
59431  -39.228  -21.328  57.107 0.0000000000
70255  -37.129  -12.320  51.685 0.0000000000
68898  -37.896  -12.440  51.580 0.0000000000
70310  -38.539  -12.152  49.477 0.0000000000
68900  -38.918  -12.243  51.222 0.0000000000
70280  -39.200  -12.193  50.644 0.0000000000
70258  -39.706  -11.480  51.269 0.0000000000
70281  -40.145  -11.545  50.516 0.0000000000
81408  -49.062  -3.378  44.819 0.0000000000
81396  -48.676  -3.340  45.419 0.0000000000
81397  -49.217  -2.446  45.854 0.0000000000
82506  -50.307  -1.715  48.643 0.0000000000
82489  -49.605  -1.997  49.372 0.0000000000
82490  -50.474  -1.919  49.375 0.0000000000
86202  -52.754  1.124  45.122 0.0000000000
86220  -52.918  1.512  44.616 0.0000000000
85021  -52.616  0.908  43.329 0.0000000000
48690  -9.144  -29.980  59.223 0.0000000000
47598  -8.509  -30.434  59.490 0.0000000000
66427  -38.954  -14.457  54.800 0.0000000000
67624  -38.977  -13.465  55.604 0.0000000000
67632  -38.048  -13.663  54.671 0.0000000000
67621  -36.942  -13.177  54.843 0.0000000000
68854  -36.248  -12.863  54.626 0.0000000000
68844  -36.260  -12.895  55.445 0.0000000000
68853  -35.705  -12.369  54.333 0.0000000000
68897  -33.761  -13.018  51.715 0.0000000000
68882  -33.514  -12.438  51.820 0.0000000000
68881  -33.111  -12.223  51.410 0.0000000000
70274  -33.208  -11.600  50.682 0.0000000000
68907  -33.414  -12.068  50.216 0.0000000000
52191  -22.604  -27.015  62.845 0.0000000000
50937  -22.513  -27.603  64.497 0.0000000000
49737  -22.906  -28.221  64.223 0.0000000000
48587  -24.044  -29.602  65.690 0.0000000000
46439  -26.719  -30.672  65.956 0.0000000000
47488  -26.323  -31.390  66.219 0.0000000000
47489  -26.923  -30.913  66.228 0.0000000000
53583  -26.409  -26.675  55.465 0.0000000000
52295  -27.395  -26.967  55.800 0.0000000000
52230  -33.225  -26.721  60.655 0.0000000000
52229  -32.345  -27.072  60.378 0.0000000000
52213  -32.406  -26.999  61.358 0.0000000000
52157  -31.561  -27.115  64.342 0.0000000000
52116  -31.202  -26.520  65.903 0.0000000000
52137  -31.707  -26.634  65.231 0.0000000000
53320  -32.343  -26.826  66.451 0.0000000000
52267  -16.135  -25.847  56.849 0.0000000000
52266  -15.594  -26.164  57.428 0.0000000000
53535  -16.023  -25.800  58.194 0.0000000000
54702  -15.748  -25.186  60.575 0.0000000000
54682  -14.957  -25.219  61.388 0.0000000000
54662  -14.907  -25.086  61.896 0.0000000000
54663  -15.672  -24.838  62.104 0.0000000000
55842  -16.405  -24.299  64.521 0.0000000000
71747  -41.295  -10.183  44.992 0.0000000000
71739  -41.252  -9.936  45.920 0.0000000000
73028  -41.914  -9.690  45.484 0.0000000000
74278  -42.078  -8.182  46.545 0.0000000000
73003  -41.911  -8.775  46.628 0.0000000000
138873  -41.724  -7.766  47.576 0.0000000000
74226  -41.825  -7.761  48.300 0.0000000000
138867  -42.235  -7.619  48.429 0.0000000000
85123  -55.255  0.650  35.274 0.0000000000
85124  -56.372  1.415  35.504 0.0000000000
85141  -56.114  0.665  34.458 0.0000000000
49730  -10.845  -28.184  63.200 0.0000000000
52103  -9.952  -27.273  66.878 0.0000000000
61799  -40.190  -18.787  62.994 0.0000000000
62958  -40.208  -17.578  62.371 0.0000000000
63008  -40.691  -17.817  59.412 0.0000000000
63007  -40.398  -17.296  59.910 0.0000000000
64155  -40.824  -17.232  58.900 0.0000000000
64168  -40.710  -16.382  58.707 0.0000000000
65245  -40.782  -16.445  57.834 0.0000000000
61873  -39.939  -18.649  56.585 0.0000000000
64198  -39.690  -16.304  55.466 0.0000000000
65262  -39.331  -15.132  54.997 0.0000000000
54706  -19.170  -24.725  60.575 0.0000000000
55916  -20.342  -24.323  59.779 0.0000000000
55900  -19.836  -24.399  60.684 0.0000000000
55901  -20.558  -24.188  60.591 0.0000000000
54773  -20.773  -24.527  56.858 0.0000000000
55959  -21.160  -23.822  57.043 0.0000000000
57015  -22.111  -23.197  58.865 0.0000000000
57014  -21.719  -23.250  58.785 0.0000000000
55918  -21.953  -23.708  59.484 0.0000000000
54688  -22.208  -25.254  61.758 0.0000000000
55904  -22.814  -24.548  60.515 0.0000000000
54689  -23.007  -25.572  61.241 0.0000000000
53447  -23.953  -26.211  61.337 0.0000000000
52193  -24.146  -27.320  61.686 0.0000000000
53424  -24.681  -26.936  61.720 0.0000000000
54814  -31.476  -24.960  55.299 0.0000000000
54796  -31.487  -25.129  55.959 0.0000000000
53570  -31.201  -25.470  56.532 0.0000000000
54776  -31.831  -25.261  56.345 0.0000000000
54800  -34.897  -25.268  55.624 0.0000000000
54741  -34.874  -25.383  58.010 0.0000000000
54756  -33.879  -25.405  57.358 0.0000000000
53522  -34.022  -25.522  58.425 0.0000000000
53547  -33.216  -25.607  57.803 0.0000000000
53453  -35.327  -25.344  61.450 0.0000000000
53475  -34.569  -26.046  60.799 0.0000000000
53429  -34.478  -25.456  62.777 0.0000000000
54671  -35.152  -25.008  62.637 0.0000000000
55890  -36.881  -23.938  61.828 0.0000000000
55875  -36.820  -23.710  62.445 0.0000000000
56967  -37.094  -23.302  62.980 0.0000000000
56954  -37.106  -23.082  63.468 0.0000000000
56968  -37.687  -22.770  62.673 0.0000000000
57024  -38.851  -23.308  59.106 0.0000000000
58207  -39.527  -21.538  61.626 0.0000000000
56988  -39.447  -22.327  61.163 0.0000000000
58206  -38.728  -22.034  62.099 0.0000000000
58187  -38.439  -21.565  62.752 0.0000000000
59354  -38.515  -20.844  63.215 0.0000000000
59355  -39.026  -20.369  62.763 0.0000000000
61816  -40.283  -19.065  61.612 0.0000000000
60568  -39.637  -19.550  62.861 0.0000000000
53560  -16.537  -25.855  56.150 0.0000000000
53492  -18.107  -25.602  59.302 0.0000000000
72806  -38.270  -9.403  58.565 0.0000000000
74047  -38.866  -9.119  57.801 0.0000000000
74048  -39.753  -8.550  57.793 0.0000000000
74068  -40.402  -8.455  56.740 0.0000000000
71621  -38.951  -10.532  53.255 0.0000000000
72885  -39.278  -10.206  54.238 0.0000000000
72902  -39.739  -10.190  53.588 0.0000000000
74086  -40.421  -8.783  55.291 0.0000000000
75362  -41.093  -7.807  56.776 0.0000000000
75381  -41.711  -7.617  55.675 0.0000000000
76744  -42.838  -7.000  55.154 0.0000000000
76884  -45.145  -6.409  45.238 0.0000000000
80223  -45.245  -3.907  47.242 0.0000000000
80222  -44.808  -4.130  47.106 0.0000000000
80212  -45.333  -4.290  47.983 0.0000000000
80200  -44.816  -4.672  48.569 0.0000000000
80201  -45.867  -4.189  48.346 0.0000000000
81365  -47.632  -2.651  47.502 0.0000000000
81352  -47.267  -2.504  48.470 0.0000000000
79135  -47.241  -4.414  47.982 0.0000000000
43223  -4.089  -34.880  63.603 0.0000000000
43240  -3.874  -34.906  62.757 0.0000000000
69079  -38.128  -12.332  43.087 0.0000000000
69057  -38.692  -12.602  43.838 0.0000000000
69080  -38.760  -12.329  43.336 0.0000000000
70472  -39.499  -11.582  42.448 0.0000000000
71775  -40.160  -11.211  42.374 0.0000000000
71758  -40.414  -11.191  42.923 0.0000000000
71797  -40.519  -10.831  42.081 0.0000000000
73054  -41.375  -9.888  42.199 0.0000000000
74350  -41.846  -9.270  42.304 0.0000000000
75638  -42.463  -8.639  42.313 0.0000000000
75639  -43.602  -8.558  42.462 0.0000000000
75640  -44.782  -8.172  42.810 0.0000000000
76954  -45.840  -6.700  41.668 0.0000000000
76934  -45.913  -6.803  42.641 0.0000000000
76935  -46.369  -6.359  42.501 0.0000000000
76905  -46.903  -6.221  43.916 0.0000000000
78121  -46.772  -6.137  42.952 0.0000000000
79216  -46.791  -4.947  41.094 0.0000000000
78166  -46.470  -5.096  40.922 0.0000000000
78147  -47.468  -5.312  41.821 0.0000000000
78134  -47.392  -5.584  42.369 0.0000000000
79208  -48.055  -5.161  42.258 0.0000000000
79200  -48.416  -4.523  43.084 0.0000000000
79209  -48.575  -4.475  42.051 0.0000000000
80303  -48.757  -3.300  41.144 0.0000000000
80291  -48.894  -3.718  41.883 0.0000000000
80304  -49.137  -3.250  41.722 0.0000000000
81433  -49.910  -2.594  42.638 0.0000000000
81447  -49.430  -2.645  41.613 0.0000000000
82624  -47.412  -1.216  39.341 0.0000000000
83864  -47.550  -0.802  39.159 0.0000000000
45459  -6.489  -32.934  59.686 0.0000000000
49729  -10.023  -28.873  63.253 0.0000000000
48612  -8.982  -29.486  64.577 0.0000000000
47572  -8.302  -30.625  61.771 0.0000000000
48563  -8.314  -29.674  66.888 0.0000000000
47525  -6.662  -31.132  64.726 0.0000000000
47513  -7.085  -30.264  65.496 0.0000000000
47540  -7.096  -31.140  63.998 0.0000000000
47554  -7.545  -31.205  63.225 0.0000000000
46487  -7.141  -31.450  63.443 0.0000000000
46512  -7.112  -32.078  62.060 0.0000000000
46486  -6.725  -31.805  63.665 0.0000000000
46475  -5.638  -32.430  64.756 0.0000000000
45405  -5.563  -33.324  62.171 0.0000000000
45368  -4.552  -33.661  63.713 0.0000000000
44262  -5.394  -33.407  66.144 0.0000000000
70041  -39.675  -11.091  62.862 0.0000000000
70040  -38.850  -10.973  62.140 0.0000000000
70065  -38.894  -10.869  61.836 0.0000000000
64102  -40.019  -16.483  62.419 0.0000000000
66353  -40.325  -14.138  60.287 0.0000000000
66336  -40.169  -14.478  61.081 0.0000000000
66321  -40.121  -14.469  62.152 0.0000000000
67526  -40.327  -13.516  60.957 0.0000000000
68833  -39.372  -12.695  57.068 0.0000000000
68757  -39.853  -12.136  60.649 0.0000000000
70108  -38.257  -11.143  60.554 0.0000000000
70107  -37.851  -10.911  59.946 0.0000000000
72794  -37.815  -9.929  59.222 0.0000000000
71555  -36.261  -10.955  56.198 0.0000000000
72835  -36.613  -10.730  55.870 0.0000000000
72882  -36.439  -10.435  54.534 0.0000000000
70213  -35.433  -11.270  54.388 0.0000000000
71616  -35.447  -11.121  54.624 0.0000000000
71656  -35.488  -11.645  51.497 0.0000000000
70254  -36.355  -11.846  51.551 0.0000000000
71676  -36.034  -11.665  51.110 0.0000000000
70340  -36.019  -12.190  48.841 0.0000000000
68968  -35.641  -13.215  47.128 0.0000000000
67693  -34.607  -13.744  48.225 0.0000000000
67691  -33.745  -13.831  47.667 0.0000000000
68965  -32.979  -13.367  46.890 0.0000000000
68992  -32.986  -13.284  46.071 0.0000000000
69027  -34.835  -12.982  45.057 0.0000000000
54649  -19.461  -24.455  62.774 0.0000000000
55859  -19.493  -24.291  63.449 0.0000000000
54593  -21.074  -25.157  65.821 0.0000000000
50891  -22.443  -27.551  66.389 0.0000000000
52113  -22.147  -26.841  66.155 0.0000000000
50874  -22.313  -27.857  66.888 0.0000000000
54775  -24.199  -25.819  56.265 0.0000000000
54774  -23.619  -24.833  56.067 0.0000000000
54753  -23.724  -25.011  57.248 0.0000000000
54738  -24.057  -24.810  58.380 0.0000000000
52225  -25.598  -26.725  60.923 0.0000000000
53472  -25.372  -26.205  60.480 0.0000000000
53449  -25.425  -26.633  61.346 0.0000000000
53425  -25.392  -26.809  61.947 0.0000000000
53426  -25.999  -26.705  62.125 0.0000000000
52270  -28.905  -26.493  57.289 0.0000000000
52285  -28.691  -26.511  56.462 0.0000000000
51067  -28.597  -26.921  57.814 0.0000000000
52269  -28.176  -26.961  57.253 0.0000000000
51066  -28.000  -27.314  57.969 0.0000000000
49816  -31.225  -28.191  60.151 0.0000000000
49838  -30.872  -28.301  59.744 0.0000000000
49815  -30.735  -28.643  60.618 0.0000000000
49785  -28.730  -28.923  61.440 0.0000000000
49814  -29.482  -28.980  60.517 0.0000000000
49813  -28.454  -28.839  60.415 0.0000000000
51026  -27.847  -28.321  60.051 0.0000000000
51025  -27.028  -27.662  60.434 0.0000000000
51005  -27.272  -27.638  61.569 0.0000000000
50965  -27.637  -27.373  63.942 0.0000000000
52194  -27.218  -26.968  62.532 0.0000000000
52155  -26.879  -27.351  64.005 0.0000000000
52154  -26.496  -27.417  63.763 0.0000000000
50916  -26.920  -28.004  64.715 0.0000000000
49700  -26.956  -28.576  64.837 0.0000000000
49681  -27.509  -28.506  65.060 0.0000000000
49670  -28.863  -28.644  66.053 0.0000000000
49669  -28.460  -29.398  65.963 0.0000000000
49650  -28.847  -29.449  66.208 0.0000000000
52068  -30.677  -27.475  67.212 0.0000000000
52090  -30.226  -27.512  67.031 0.0000000000
49653  -30.857  -28.216  67.035 0.0000000000
48722  -10.334  -29.317  57.374 0.0000000000
48704  -10.699  -29.368  57.988 0.0000000000
52280  -14.763  -27.020  56.903 0.0000000000
51074  -14.492  -27.466  56.479 0.0000000000
51064  -14.456  -27.165  57.405 0.0000000000
51062  -13.210  -28.091  58.367 0.0000000000
49864  -13.337  -28.414  57.037 0.0000000000
49884  -13.019  -28.707  56.596 0.0000000000
49908  -12.659  -28.690  55.878 0.0000000000
49883  -12.216  -28.869  56.602 0.0000000000
49749  -11.869  -27.799  62.075 0.0000000000
51003  -12.160  -27.572  62.006 0.0000000000
54625  -14.313  -24.787  64.151 0.0000000000
54643  -13.929  -25.110  63.623 0.0000000000
76590  -39.988  -7.388  61.008 0.0000000000
68971  -38.471  -12.634  46.922 0.0000000000
70373  -39.815  -11.541  47.070 0.0000000000
70312  -40.722  -11.454  49.466 0.0000000000
71722  -40.964  -10.104  47.096 0.0000000000
71713  -41.420  -9.944  48.338 0.0000000000
72950  -41.977  -10.039  50.404 0.0000000000
71698  -41.558  -10.105  49.416 0.0000000000
74154  -42.870  -9.466  51.566 0.0000000000
74133  -44.710  -8.476  52.384 0.0000000000
74132  -43.527  -8.625  52.338 0.0000000000
74118  -44.537  -7.991  52.924 0.0000000000
78058  -43.290  -5.733  47.368 0.0000000000
78074  -43.189  -6.089  46.617 0.0000000000
79130  -43.224  -5.623  48.058 0.0000000000
76849  -43.670  -7.337  48.216 0.0000000000
78050  -43.285  -6.995  48.181 0.0000000000
75516  -43.678  -7.931  48.275 0.0000000000
138872  -43.334  -7.907  48.296 0.0000000000
74229  -43.662  -8.280  48.430 0.0000000000
83838  -51.182  -0.644  42.356 0.0000000000
83848  -50.645  -0.477  41.101 0.0000000000
85056  -50.483  0.890  40.420 0.0000000000
85043  -50.912  0.803  41.061 0.0000000000
86263  -50.971  1.489  41.047 0.0000000000
86264  -51.662  1.468  41.566 0.0000000000
87399  -51.065  1.917  41.024 0.0000000000
85077  -49.605  1.058  38.748 0.0000000000
87428  -51.196  2.605  39.302 0.0000000000
87416  -50.887  2.575  39.710 0.0000000000
88553  -51.258  2.786  40.040 0.0000000000
88534  -51.997  2.429  40.956 0.0000000000
88546  -52.657  2.588  40.667 0.0000000000
88524  -53.357  3.488  42.260 0.0000000000
89652  -53.914  3.841  40.636 0.0000000000
89658  -54.101  3.913  40.264 0.0000000000
87403  -55.066  2.817  41.201 0.0000000000
88549  -54.927  3.339  40.335 0.0000000000
85093  -53.446  0.582  36.976 0.0000000000
88568  -56.267  2.981  38.427 0.0000000000
88567  -55.573  2.972  38.678 0.0000000000
88559  -55.866  2.932  38.987 0.0000000000
87411  -56.061  2.196  39.729 0.0000000000
86291  -56.273  1.755  39.642 0.0000000000
87466  -57.803  2.553  35.454 0.0000000000
87455  -57.751  2.588  36.339 0.0000000000
87456  -58.209  2.033  36.488 0.0000000000
58302  -38.855  -21.263  55.557 0.0000000000
59484  -38.475  -20.618  54.156 0.0000000000
56029  -36.793  -23.363  53.928 0.0000000000
57093  -38.366  -22.480  56.660 0.0000000000
58285  -37.949  -22.238  56.071 0.0000000000
70309  -37.548  -11.983  49.485 0.0000000000
68910  -38.001  -12.410  50.955 0.0000000000
82574  -49.741  -1.881  45.303 0.0000000000
82541  -50.451  -1.373  46.764 0.0000000000
83756  -51.554  -0.269  46.842 0.0000000000
84980  -52.018  0.200  46.395 0.0000000000
84964  -52.387  0.054  46.823 0.0000000000
85002  -52.122  0.208  45.479 0.0000000000
83808  -52.228  0.068  44.061 0.0000000000
48703  -9.912  -29.493  57.898 0.0000000000
67640  -38.102  -13.589  52.890 0.0000000000
67631  -37.726  -13.511  54.300 0.0000000000
67639  -37.575  -13.279  53.421 0.0000000000
68886  -37.001  -12.893  53.193 0.0000000000
68885  -36.404  -12.708  52.823 0.0000000000
68884  -35.425  -12.596  52.564 0.0000000000
67648  -34.338  -13.293  51.696 0.0000000000
67666  -33.733  -13.112  50.515 0.0000000000
55828  -17.596  -23.956  65.529 0.0000000000
49738  -23.461  -28.540  63.696 0.0000000000
49718  -23.352  -28.709  64.587 0.0000000000
49719  -23.884  -29.037  64.025 0.0000000000
48601  -24.168  -29.565  64.924 0.0000000000
47518  -24.517  -30.071  65.116 0.0000000000
46453  -25.243  -30.890  65.853 0.0000000000
46469  -25.290  -30.730  65.527 0.0000000000
46454  -26.251  -30.766  65.599 0.0000000000
47505  -26.677  -30.227  65.536 0.0000000000
52198  -33.578  -26.103  62.685 0.0000000000
52197  -32.652  -26.714  62.427 0.0000000000
52178  -33.313  -25.866  63.389 0.0000000000
53403  -32.841  -25.925  64.329 0.0000000000
53381  -32.728  -25.938  64.758 0.0000000000
52117  -32.032  -26.409  65.629 0.0000000000
53349  -32.769  -25.983  65.348 0.0000000000
53335  -33.312  -26.393  66.033 0.0000000000
54684  -16.417  -24.849  61.316 0.0000000000
54645  -15.907  -24.760  63.075 0.0000000000
54628  -16.990  -24.632  63.906 0.0000000000
73029  -42.737  -9.609  45.222 0.0000000000
73016  -42.917  -8.919  45.626 0.0000000000
74299  -42.538  -8.186  45.990 0.0000000000
75555  -42.124  -7.398  46.460 0.0000000000
61826  -40.271  -18.411  61.259 0.0000000000
62992  -40.584  -18.374  60.045 0.0000000000
63024  -40.833  -17.649  58.445 0.0000000000
61887  -39.965  -18.654  54.735 0.0000000000
63055  -39.843  -17.880  55.356 0.0000000000
63073  -39.734  -17.550  54.686 0.0000000000
64207  -39.498  -16.173  53.647 0.0000000000
64217  -39.242  -16.161  52.688 0.0000000000
53493  -18.941  -25.548  59.057 0.0000000000
53516  -19.524  -25.529  58.411 0.0000000000
54736  -20.012  -25.164  58.649 0.0000000000
54737  -20.551  -24.682  58.441 0.0000000000
55981  -21.596  -23.691  55.887 0.0000000000
57079  -21.308  -23.327  57.020 0.0000000000
57080  -21.587  -23.242  56.722 0.0000000000
57038  -22.299  -22.918  58.201 0.0000000000
55936  -22.471  -23.397  58.895 0.0000000000
55919  -22.917  -24.035  59.557 0.0000000000
54722  -23.308  -24.488  60.113 0.0000000000
54723  -23.962  -24.730  59.679 0.0000000000
54781  -35.893  -24.873  56.958 0.0000000000
54758  -35.460  -25.162  57.425 0.0000000000
54742  -35.598  -25.085  58.167 0.0000000000
54725  -35.201  -25.422  58.587 0.0000000000
53498  -34.964  -25.678  59.382 0.0000000000
53499  -35.896  -25.380  59.706 0.0000000000
53477  -36.093  -25.266  60.162 0.0000000000
54691  -35.951  -24.885  61.004 0.0000000000
54692  -36.668  -24.258  61.302 0.0000000000
54693  -37.220  -24.083  61.056 0.0000000000
55891  -37.519  -23.643  61.497 0.0000000000
58252  -39.655  -21.998  58.727 0.0000000000
58236  -39.763  -22.264  59.818 0.0000000000
58237  -40.170  -21.642  59.727 0.0000000000
58225  -40.245  -21.296  60.574 0.0000000000
58208  -40.149  -21.001  61.051 0.0000000000
59374  -39.611  -20.443  61.958 0.0000000000
59375  -40.126  -20.546  61.303 0.0000000000
60583  -40.211  -19.765  61.494 0.0000000000
53561  -17.596  -25.699  56.337 0.0000000000
53515  -18.556  -25.761  58.365 0.0000000000
72819  -37.450  -10.023  57.170 0.0000000000
72837  -38.381  -9.744  56.479 0.0000000000
72838  -39.137  -9.509  56.132 0.0000000000
72903  -40.450  -9.935  53.197 0.0000000000
74100  -40.869  -9.146  53.848 0.0000000000
75399  -41.892  -8.002  54.946 0.0000000000
74101  -41.693  -8.295  54.249 0.0000000000
74102  -42.478  -8.071  54.142 0.0000000000
74116  -42.750  -8.351  53.396 0.0000000000
78094  -46.306  -5.637  45.052 0.0000000000
78093  -45.474  -5.437  45.712 0.0000000000
80258  -45.819  -3.977  45.697 0.0000000000
81363  -45.832  -3.510  47.196 0.0000000000
81338  -48.524  -2.965  48.967 0.0000000000
81337  -47.667  -2.972  48.904 0.0000000000
80215  -48.491  -4.077  48.429 0.0000000000
86257  -54.536  1.882  42.811 0.0000000000
73076  -40.753  -10.339  41.820 0.0000000000
76952  -43.351  -7.075  41.416 0.0000000000
76953  -44.586  -7.034  41.218 0.0000000000
78144  -45.076  -6.452  40.866 0.0000000000
79229  -46.550  -4.522  40.484 0.0000000000
79218  -48.478  -4.090  41.358 0.0000000000
80313  -47.664  -3.274  40.450 0.0000000000
81457  -48.367  -2.570  40.485 0.0000000000
81456  -47.164  -2.558  40.128 0.0000000000
81468  -47.046  -1.926  39.648 0.0000000000
50904  -10.077  -28.256  65.404 0.0000000000
49691  -9.554  -28.884  65.414 0.0000000000
48595  -8.768  -29.528  65.392 0.0000000000
48579  -7.261  -30.130  66.607 0.0000000000
47512  -6.581  -30.828  65.637 0.0000000000
46461  -6.368  -31.389  65.107 0.0000000000
46476  -6.322  -31.879  64.541 0.0000000000
46460  -6.068  -31.892  65.360 0.0000000000
46459  -5.471  -32.449  65.160 0.0000000000
45354  -5.137  -32.985  65.047 0.0000000000
45329  -6.019  -32.395  66.391 0.0000000000
65224  -40.228  -15.826  59.792 0.0000000000
65207  -39.879  -15.694  60.771 0.0000000000
66374  -40.430  -14.293  59.634 0.0000000000
67581  -40.483  -13.763  59.220 0.0000000000
68831  -37.692  -12.390  56.305 0.0000000000
68815  -38.746  -12.185  57.562 0.0000000000
68814  -37.865  -11.915  57.139 0.0000000000
68794  -37.924  -11.989  58.080 0.0000000000
68775  -38.009  -11.825  58.994 0.0000000000
70127  -38.189  -11.433  59.873 0.0000000000
70140  -37.289  -11.599  58.351 0.0000000000
70125  -36.845  -11.222  58.350 0.0000000000
71514  -36.888  -10.736  58.531 0.0000000000
71528  -36.541  -11.060  57.711 0.0000000000
71554  -35.872  -11.191  56.338 0.0000000000
71571  -35.662  -10.937  55.855 0.0000000000
71655  -34.605  -11.476  51.375 0.0000000000
71674  -34.877  -11.249  50.719 0.0000000000
70276  -35.762  -11.500  50.330 0.0000000000
55860  -20.472  -24.264  63.736 0.0000000000
55847  -21.054  -24.410  64.609 0.0000000000
54612  -21.305  -24.899  65.193 0.0000000000
49648  -22.856  -28.989  67.316 0.0000000000
50875  -22.441  -28.452  66.991 0.0000000000
53599  -25.160  -25.405  54.613 0.0000000000
53518  -25.483  -26.003  58.513 0.0000000000
53473  -25.756  -26.528  59.840 0.0000000000
52226  -26.048  -27.032  60.587 0.0000000000
53569  -30.367  -25.536  56.341 0.0000000000
53568  -29.541  -25.905  56.315 0.0000000000
53543  -30.055  -25.862  56.712 0.0000000000
52271  -29.777  -26.236  57.211 0.0000000000
51055  -29.748  -27.170  58.565 0.0000000000
49760  -30.594  -28.350  62.141 0.0000000000
49787  -30.617  -28.532  61.643 0.0000000000
49759  -30.107  -28.577  62.207 0.0000000000
49758  -29.262  -28.707  62.190 0.0000000000
50989  -28.233  -27.849  62.435 0.0000000000
50966  -28.221  -27.499  63.694 0.0000000000
50918  -28.034  -27.920  64.996 0.0000000000
50893  -27.795  -28.329  65.103 0.0000000000
50894  -28.631  -28.248  65.566 0.0000000000
50876  -29.065  -28.092  66.023 0.0000000000
50857  -29.335  -28.005  66.366 0.0000000000
52250  -14.108  -27.006  58.485 0.0000000000
51051  -14.120  -27.211  58.045 0.0000000000
51050  -13.656  -27.400  58.604 0.0000000000
49847  -12.554  -28.424  58.761 0.0000000000
51049  -13.063  -27.833  59.184 0.0000000000
51034  -12.980  -27.653  60.042 0.0000000000
51004  -12.595  -27.350  61.627 0.0000000000
55807  -15.596  -23.755  66.306 0.0000000000
68972  -39.172  -12.264  46.770 0.0000000000
72951  -42.643  -9.757  50.349 0.0000000000
72935  -43.110  -9.655  51.042 0.0000000000
74156  -44.063  -8.870  51.434 0.0000000000
79122  -43.299  -5.673  48.290 0.0000000000
78043  -44.191  -6.363  48.453 0.0000000000
76841  -44.083  -7.392  48.057 0.0000000000
75502  -44.428  -8.199  47.872 0.0000000000
83857  -49.577  -0.268  40.472 0.0000000000
85055  -49.922  0.848  40.100 0.0000000000
88564  -51.847  2.689  39.611 0.0000000000
88555  -52.860  2.518  40.053 0.0000000000
88565  -52.448  2.590  39.497 0.0000000000
87417  -53.294  2.599  39.638 0.0000000000
87418  -54.168  3.029  39.476 0.0000000000
83929  -53.554  -0.062  35.524 0.0000000000
86328  -54.136  1.230  37.062 0.0000000000
86316  -54.666  1.798  37.753 0.0000000000
87441  -55.299  2.336  37.793 0.0000000000
88576  -55.969  3.083  38.021 0.0000000000
87434  -56.635  2.730  38.466 0.0000000000
87435  -57.062  2.337  38.231 0.0000000000
87479  -58.272  2.385  35.171 0.0000000000
86344  -58.479  1.453  35.893 0.0000000000
85126  -58.530  0.577  35.410 0.0000000000
60622  -40.186  -20.175  58.202 0.0000000000
61849  -40.565  -19.477  58.043 0.0000000000
60637  -39.951  -19.700  57.530 0.0000000000
60653  -39.837  -19.345  56.931 0.0000000000
60663  -39.804  -19.652  55.001 0.0000000000
61900  -39.656  -18.449  53.821 0.0000000000
53581  -20.094  -25.187  55.924 0.0000000000
56001  -21.254  -24.168  55.002 0.0000000000
57102  -22.068  -23.395  56.232 0.0000000000
55982  -22.179  -23.545  55.797 0.0000000000
54837  -34.434  -24.438  53.944 0.0000000000
54818  -35.258  -25.006  55.049 0.0000000000
55985  -35.832  -24.898  55.748 0.0000000000
55950  -36.693  -24.489  57.497 0.0000000000
55939  -37.783  -24.477  59.011 0.0000000000
55940  -38.399  -23.935  58.483 0.0000000000
57049  -39.192  -22.734  58.727 0.0000000000
59417  -39.899  -20.976  58.367 0.0000000000
71643  -37.350  -10.930  52.736 0.0000000000
71620  -37.942  -10.452  53.200 0.0000000000
71644  -38.295  -10.889  52.546 0.0000000000
71645  -39.218  -10.729  52.499 0.0000000000
68899  -38.503  -12.275  51.472 0.0000000000
70257  -39.065  -11.765  51.604 0.0000000000
80272  -48.060  -4.266  44.588 0.0000000000
80260  -47.404  -3.947  45.182 0.0000000000
81395  -48.002  -3.730  45.521 0.0000000000
81366  -48.655  -2.361  47.405 0.0000000000
81382  -49.211  -2.193  46.809 0.0000000000
81367  -49.331  -2.139  47.575 0.0000000000
82504  -48.523  -2.358  48.449 0.0000000000
81339  -49.325  -2.721  49.125 0.0000000000
80205  -49.725  -3.124  49.012 0.0000000000
84965  -52.835  0.108  46.139 0.0000000000
86221  -53.403  1.690  44.640 0.0000000000
87352  -53.039  2.202  44.069 0.0000000000
47631  -8.582  -30.189  57.320 0.0000000000
47630  -7.985  -30.662  57.552 0.0000000000
47612  -7.993  -30.870  58.624 0.0000000000
66416  -40.135  -14.344  56.292 0.0000000000
67616  -39.395  -13.273  56.220 0.0000000000
67615  -38.469  -13.032  55.922 0.0000000000
67622  -37.626  -13.345  55.019 0.0000000000
67614  -37.647  -13.010  55.656 0.0000000000
68830  -36.699  -12.687  56.148 0.0000000000
68829  -35.634  -12.476  56.125 0.0000000000
70168  -35.174  -11.807  56.298 0.0000000000
70182  -35.107  -12.022  55.210 0.0000000000
70214  -35.443  -11.708  54.116 0.0000000000
70232  -35.657  -11.860  53.111 0.0000000000
70231  -34.830  -12.044  52.390 0.0000000000
71653  -33.315  -11.405  51.210 0.0000000000
70275  -33.583  -11.486  50.464 0.0000000000
54651  -21.885  -25.502  63.582 0.0000000000
53380  -21.964  -25.910  64.474 0.0000000000
52152  -22.196  -26.841  64.943 0.0000000000
50914  -22.491  -27.523  65.537 0.0000000000
49679  -22.739  -28.116  66.122 0.0000000000
49698  -23.116  -28.586  65.269 0.0000000000
49680  -23.126  -28.635  65.869 0.0000000000
49668  -23.344  -29.168  66.807 0.0000000000
48554  -23.470  -29.630  67.299 0.0000000000
52243  -32.371  -26.824  59.391 0.0000000000
52242  -31.564  -27.103  59.090 0.0000000000
52228  -31.883  -27.319  59.827 0.0000000000
51029  -32.052  -27.250  60.890 0.0000000000
51008  -31.578  -27.605  61.605 0.0000000000
52196  -31.940  -27.146  62.078 0.0000000000
50992  -31.382  -27.625  62.484 0.0000000000
50969  -31.139  -27.667  63.423 0.0000000000
50944  -30.791  -27.658  64.158 0.0000000000
52136  -30.509  -27.212  65.344 0.0000000000
52135  -29.878  -27.270  66.011 0.0000000000
52115  -30.495  -26.849  66.322 0.0000000000
52069  -31.464  -27.158  66.896 0.0000000000
53333  -31.716  -26.598  66.245 0.0000000000
53319  -31.790  -26.764  66.423 0.0000000000
50861  -31.718  -27.714  66.686 0.0000000000
52281  -15.209  -26.765  56.470 0.0000000000
52265  -14.961  -26.778  57.290 0.0000000000
52239  -15.470  -26.075  59.182 0.0000000000
52238  -14.939  -26.437  59.491 0.0000000000
53465  -14.098  -26.033  61.237 0.0000000000
53444  -13.842  -25.805  61.867 0.0000000000
53421  -14.205  -25.357  62.302 0.0000000000
54644  -14.757  -24.956  63.026 0.0000000000
55841  -15.814  -24.297  64.379 0.0000000000
55826  -15.370  -24.091  65.137 0.0000000000
71738  -40.653  -10.488  45.561 0.0000000000
71733  -41.308  -9.760  46.750 0.0000000000
73002  -41.637  -9.023  47.167 0.0000000000
72991  -41.444  -8.903  48.019 0.0000000000
74202  -42.257  -8.433  48.917 0.0000000000
74203  -42.917  -8.779  49.065 0.0000000000
83889  -47.266  -0.663  37.706 0.0000000000
83890  -48.217  -0.377  37.589 0.0000000000
85088  -48.815  -0.084  37.881 0.0000000000
85122  -54.207  0.033  34.987 0.0000000000
86331  -56.479  2.400  36.261 0.0000000000
86341  -56.348  2.015  36.033 0.0000000000
86342  -56.931  2.233  35.688 0.0000000000
86343  -57.506  2.373  35.307 0.0000000000
86356  -57.351  2.062  35.086 0.0000000000
87478  -58.192  2.405  34.887 0.0000000000
49772  -11.212  -28.703  61.113 0.0000000000
64137  -40.007  -16.825  60.401 0.0000000000
65233  -40.579  -15.808  58.819 0.0000000000
61861  -40.783  -18.082  57.792 0.0000000000
63056  -40.004  -17.606  56.165 0.0000000000
64181  -40.826  -16.729  56.970 0.0000000000
65253  -40.535  -15.520  56.570 0.0000000000
66447  -38.306  -14.065  53.210 0.0000000000
66457  -38.018  -13.988  52.262 0.0000000000
66456  -36.948  -14.171  51.607 0.0000000000
54666  -18.569  -24.643  62.297 0.0000000000
54667  -19.378  -24.531  62.237 0.0000000000
55915  -19.738  -24.566  60.134 0.0000000000
55883  -19.948  -24.338  61.481 0.0000000000
55871  -20.568  -24.355  62.548 0.0000000000
55872  -21.406  -24.715  62.683 0.0000000000
53564  -20.271  -25.095  56.770 0.0000000000
54752  -20.918  -24.403  57.551 0.0000000000
57036  -21.335  -23.419  58.018 0.0000000000
55935  -21.336  -23.424  58.611 0.0000000000
55902  -21.287  -24.064  60.517 0.0000000000
54668  -21.634  -25.009  62.886 0.0000000000
54669  -22.038  -25.429  62.486 0.0000000000
53422  -22.615  -26.348  62.279 0.0000000000
55887  -22.858  -24.918  60.925 0.0000000000
52192  -23.219  -27.152  62.017 0.0000000000
50986  -23.926  -27.862  62.033 0.0000000000
50987  -24.542  -27.649  62.079 0.0000000000
50963  -24.885  -27.993  62.702 0.0000000000
53625  -30.649  -25.341  53.993 0.0000000000
53605  -30.705  -25.044  54.953 0.0000000000
53587  -30.070  -25.322  55.610 0.0000000000
53545  -31.421  -25.927  57.464 0.0000000000
53520  -31.991  -25.944  58.016 0.0000000000
54816  -33.289  -24.765  54.730 0.0000000000
54798  -32.923  -25.079  55.663 0.0000000000
54779  -34.370  -25.469  56.466 0.0000000000
54778  -33.454  -25.411  56.434 0.0000000000
54777  -32.523  -25.364  56.525 0.0000000000
53546  -32.407  -25.701  57.488 0.0000000000
53496  -32.936  -26.501  59.354 0.0000000000
52231  -33.841  -26.450  61.102 0.0000000000
52215  -34.104  -26.252  61.788 0.0000000000
52199  -34.221  -25.899  62.305 0.0000000000
54632  -34.699  -24.909  64.354 0.0000000000
54633  -35.623  -24.444  63.961 0.0000000000
55832  -36.140  -23.993  64.353 0.0000000000
55874  -36.191  -24.036  62.698 0.0000000000
55862  -36.347  -23.871  63.034 0.0000000000
55849  -36.607  -23.451  63.942 0.0000000000
56939  -36.982  -22.890  64.137 0.0000000000
56940  -37.370  -22.300  64.240 0.0000000000
55910  -38.013  -23.754  60.547 0.0000000000
55892  -38.263  -23.428  61.026 0.0000000000
57006  -39.370  -22.642  60.529 0.0000000000
56987  -38.623  -22.791  61.608 0.0000000000
58186  -37.840  -22.156  63.196 0.0000000000
58169  -37.818  -21.873  63.652 0.0000000000
59340  -39.128  -19.986  63.249 0.0000000000
52293  -15.861  -26.407  55.515 0.0000000000
53514  -17.536  -25.704  58.412 0.0000000000
53470  -17.466  -25.388  59.908 0.0000000000
72782  -38.550  -9.270  60.541 0.0000000000
75311  -40.175  -7.343  59.810 0.0000000000
75329  -40.459  -7.304  59.270 0.0000000000
74085  -39.579  -9.346  55.896 0.0000000000
75349  -41.208  -7.346  57.712 0.0000000000
75382  -42.514  -7.199  55.355 0.0000000000
75600  -44.583  -7.652  44.677 0.0000000000
76883  -44.433  -6.706  45.315 0.0000000000
78075  -43.770  -5.781  46.310 0.0000000000
78059  -44.085  -5.129  47.168 0.0000000000
78076  -44.676  -5.067  46.481 0.0000000000
78060  -44.402  -4.669  47.000 0.0000000000
79132  -44.032  -4.569  48.388 0.0000000000
80199  -44.287  -4.650  48.703 0.0000000000
79124  -45.117  -5.150  48.835 0.0000000000
81379  -46.795  -3.545  46.337 0.0000000000
81364  -46.526  -3.319  47.016 0.0000000000
80213  -45.970  -3.499  48.238 0.0000000000
81336  -46.648  -3.225  48.590 0.0000000000
79125  -46.087  -4.659  48.310 0.0000000000
43241  -4.147  -34.668  62.294 0.0000000000
69029  -36.826  -13.136  45.136 0.0000000000
69030  -37.796  -12.914  45.004 0.0000000000
69031  -38.637  -12.700  44.739 0.0000000000
70417  -39.293  -12.378  44.401 0.0000000000
70435  -39.832  -11.941  44.057 0.0000000000
70451  -38.943  -11.934  42.888 0.0000000000
70453  -40.218  -11.614  43.810 0.0000000000
71759  -40.676  -11.126  43.612 0.0000000000
71760  -41.325  -10.470  44.033 0.0000000000
73055  -41.749  -9.942  43.228 0.0000000000
74329  -43.353  -9.458  43.824 0.0000000000
74330  -43.797  -9.154  44.177 0.0000000000
74352  -44.139  -8.853  43.280 0.0000000000
74331  -44.466  -8.496  44.010 0.0000000000
75617  -44.845  -7.957  43.782 0.0000000000
75601  -44.962  -7.317  44.187 0.0000000000
76903  -45.434  -6.780  44.355 0.0000000000
75641  -45.447  -7.352  42.746 0.0000000000
76920  -45.789  -6.848  43.475 0.0000000000
76904  -46.311  -6.386  44.300 0.0000000000
78107  -46.914  -5.729  44.462 0.0000000000
78164  -44.598  -5.806  40.052 0.0000000000
78122  -47.272  -5.908  43.036 0.0000000000
79192  -48.119  -4.539  43.914 0.0000000000
80273  -48.857  -3.760  44.186 0.0000000000
80274  -49.503  -3.145  43.982 0.0000000000
81420  -49.961  -2.517  43.669 0.0000000000
81421  -50.355  -2.089  43.297 0.0000000000
82598  -50.518  -1.740  42.619 0.0000000000
82606  -49.894  -1.530  41.290 0.0000000000
82616  -49.503  -0.939  40.798 0.0000000000
82615  -48.734  -1.218  40.429 0.0000000000
83888  -46.674  -0.988  37.997 0.0000000000
48662  -9.692  -29.493  61.132 0.0000000000
48661  -8.921  -29.966  61.468 0.0000000000
49674  -8.725  -29.480  66.602 0.0000000000
48611  -8.163  -30.005  64.944 0.0000000000
48610  -7.544  -30.108  65.475 0.0000000000
47527  -7.909  -30.315  64.384 0.0000000000
46525  -7.338  -31.909  61.114 0.0000000000
46524  -6.759  -32.483  61.316 0.0000000000
45388  -6.244  -32.411  63.387 0.0000000000
45406  -6.163  -32.709  62.565 0.0000000000
44310  -4.417  -33.967  62.941 0.0000000000
44309  -4.262  -34.223  63.316 0.0000000000
44297  -4.410  -34.082  64.034 0.0000000000
44281  -5.019  -33.506  65.471 0.0000000000
44280  -4.659  -33.851  64.738 0.0000000000
71421  -39.836  -10.782  62.904 0.0000000000
71439  -38.992  -10.324  62.211 0.0000000000
64084  -40.224  -16.522  63.158 0.0000000000
65190  -39.919  -15.545  61.795 0.0000000000
67580  -40.292  -13.608  58.401 0.0000000000
67561  -40.348  -13.107  59.319 0.0000000000
68796  -39.822  -12.502  58.893 0.0000000000
68778  -40.396  -13.077  59.962 0.0000000000
68738  -40.230  -12.799  61.175 0.0000000000
68736  -39.281  -11.412  61.754 0.0000000000
70084  -38.594  -11.021  61.201 0.0000000000
70064  -38.480  -10.568  61.318 0.0000000000
71459  -38.469  -10.271  61.333 0.0000000000
72781  -38.197  -9.827  60.226 0.0000000000
72805  -37.475  -9.797  58.176 0.0000000000
72804  -36.887  -10.430  57.727 0.0000000000
72836  -37.401  -10.465  56.194 0.0000000000
72883  -37.214  -10.299  54.227 0.0000000000
72880  -35.545  -10.907  55.126 0.0000000000
72881  -35.828  -10.702  54.725 0.0000000000
72899  -36.110  -10.564  54.088 0.0000000000
72900  -36.618  -10.317  53.890 0.0000000000
72901  -36.909  -10.209  53.817 0.0000000000
71619  -37.039  -10.377  53.449 0.0000000000
70234  -36.799  -11.773  52.357 0.0000000000
68969  -36.492  -13.124  47.185 0.0000000000
66470  -35.500  -14.064  50.395 0.0000000000
67678  -34.039  -13.145  49.583 0.0000000000
68927  -33.929  -12.548  49.508 0.0000000000
68967  -35.064  -13.224  46.890 0.0000000000
69026  -33.958  -13.330  45.142 0.0000000000
68995  -35.709  -13.209  46.143 0.0000000000
55845  -19.551  -24.070  64.706 0.0000000000
55846  -20.503  -24.266  64.944 0.0000000000
53365  -21.892  -26.284  65.639 0.0000000000
53348  -21.790  -26.365  66.263 0.0000000000
56003  -22.417  -23.453  54.537 0.0000000000
55938  -23.461  -24.114  57.852 0.0000000000
54724  -24.845  -25.480  60.019 0.0000000000
53448  -24.657  -26.253  61.335 0.0000000000
53399  -25.132  -27.234  62.313 0.0000000000
50964  -25.768  -27.875  63.295 0.0000000000
53584  -27.684  -26.622  55.110 0.0000000000
53567  -28.990  -26.196  55.857 0.0000000000
52297  -28.649  -26.456  55.844 0.0000000000
52268  -27.112  -27.504  57.497 0.0000000000
52241  -30.993  -26.957  58.636 0.0000000000
51042  -30.571  -27.624  59.084 0.0000000000
51041  -29.423  -27.924  59.107 0.0000000000
49836  -29.022  -28.602  59.728 0.0000000000
51053  -27.884  -27.709  58.599 0.0000000000
51052  -27.180  -27.553  58.608 0.0000000000
51038  -26.782  -27.433  59.436 0.0000000000
51024  -26.484  -27.303  60.013 0.0000000000
52210  -26.288  -27.013  61.459 0.0000000000
50988  -27.387  -27.351  62.108 0.0000000000
52211  -26.877  -27.017  61.815 0.0000000000
53402  -26.536  -26.720  62.635 0.0000000000
52173  -26.031  -27.192  63.150 0.0000000000
52153  -26.040  -27.566  63.427 0.0000000000
49741  -26.181  -28.894  63.770 0.0000000000
49721  -26.383  -28.777  64.136 0.0000000000
48602  -26.837  -29.379  65.058 0.0000000000
47507  -27.551  -30.137  65.700 0.0000000000
49682  -27.963  -28.832  65.448 0.0000000000
48588  -27.827  -29.779  65.606 0.0000000000
48573  -27.787  -30.338  65.965 0.0000000000
50858  -30.017  -28.007  66.950 0.0000000000
48558  -29.881  -29.074  66.507 0.0000000000
49800  -10.948  -29.087  59.835 0.0000000000
49882  -11.326  -28.859  56.464 0.0000000000
49845  -11.296  -29.180  57.916 0.0000000000
49846  -11.902  -28.884  58.294 0.0000000000
49823  -11.184  -29.100  58.705 0.0000000000
55825  -14.255  -24.185  65.471 0.0000000000
70371  -38.363  -12.441  47.773 0.0000000000
70343  -38.905  -12.200  48.532 0.0000000000
70374  -40.562  -10.650  47.121 0.0000000000
70346  -41.381  -10.508  48.760 0.0000000000
70313  -41.284  -10.845  49.141 0.0000000000
71661  -40.951  -10.390  51.066 0.0000000000
72917  -41.451  -9.862  52.280 0.0000000000
74130  -41.925  -9.511  52.422 0.0000000000
74117  -43.974  -8.178  53.151 0.0000000000
76881  -43.033  -6.781  45.846 0.0000000000
76867  -42.601  -6.534  46.613 0.0000000000
138877  -41.984  -6.828  47.585 0.0000000000
78042  -43.282  -6.372  48.203 0.0000000000
138875  -42.731  -6.872  48.033 0.0000000000
138871  -42.375  -7.224  48.163 0.0000000000
138868  -42.525  -7.760  48.430 0.0000000000
74227  -43.108  -8.571  48.796 0.0000000000
72971  -43.858  -9.359  49.423 0.0000000000
72972  -44.369  -9.451  49.225 0.0000000000
72954  -44.437  -9.497  50.047 0.0000000000
74157  -45.138  -9.138  50.997 0.0000000000
83826  -51.944  -0.268  43.351 0.0000000000
83839  -51.737  0.106  42.522 0.0000000000
85034  -52.470  0.874  42.647 0.0000000000
86256  -52.526  1.518  42.405 0.0000000000
87372  -52.749  2.531  43.052 0.0000000000
85067  -49.470  1.011  39.486 0.0000000000
86287  -50.103  1.370  39.819 0.0000000000
86288  -50.504  1.950  39.774 0.0000000000
87400  -51.838  2.263  41.130 0.0000000000
87401  -52.380  2.285  41.427 0.0000000000
88504  -53.079  3.124  42.838 0.0000000000
88505  -53.562  3.072  42.849 0.0000000000
88525  -53.915  3.365  42.389 0.0000000000
87391  -54.517  2.882  42.224 0.0000000000
89645  -53.536  3.497  40.858 0.0000000000
87392  -54.935  2.491  41.808 0.0000000000
86267  -55.165  2.010  41.573 0.0000000000
86314  -52.341  1.308  38.184 0.0000000000
86301  -53.011  1.943  38.509 0.0000000000
87431  -53.698  2.409  39.019 0.0000000000
87432  -54.917  2.691  38.561 0.0000000000
88566  -54.984  3.281  39.118 0.0000000000
87410  -55.619  2.620  39.995 0.0000000000
88587  -57.341  2.875  36.919 0.0000000000
87445  -58.190  1.787  37.032 0.0000000000
85108  -58.491  0.550  36.341 0.0000000000
45342  -5.620  -32.900  66.352 0.0000000000
45371  -6.333  -32.201  63.950 0.0000000000
45385  -4.454  -33.813  63.271 0.0000000000
46440  -26.985  -30.312  65.889 0.0000000000
46445  -5.572  -32.306  65.548 0.0000000000
46452  -24.664  -30.712  66.279 0.0000000000
46455  -26.789  -30.377  65.804 0.0000000000
46470  -25.657  -30.750  65.386 0.0000000000
46474  -5.308  -32.709  64.832 0.0000000000
46496  -7.194  -31.712  62.892 0.0000000000
46511  -6.607  -32.476  62.082 0.0000000000
47491  -27.407  -30.203  65.833 0.0000000000
47496  -6.346  -31.326  66.075 0.0000000000
47504  -25.028  -30.730  65.603 0.0000000000
47506  -27.199  -30.042  65.676 0.0000000000
47519  -25.178  -30.601  65.098 0.0000000000
47521  -26.879  -29.839  65.372 0.0000000000
47526  -7.286  -30.474  64.812 0.0000000000
47533  -24.525  -29.835  64.660 0.0000000000
48570  -23.392  -29.144  66.567 0.0000000000
48574  -27.591  -30.324  65.814 0.0000000000
48586  -23.488  -29.117  66.142 0.0000000000
48589  -27.826  -30.217  65.787 0.0000000000
48592  -6.832  -30.354  66.318 0.0000000000
48603  -27.377  -29.450  65.382 0.0000000000
48616  -23.880  -29.207  64.594 0.0000000000
48619  -26.303  -29.440  64.330 0.0000000000
48636  -26.264  -29.103  63.937 0.0000000000
49649  -23.293  -29.213  67.027 0.0000000000
49654  -31.359  -28.229  66.831 0.0000000000
49667  -22.978  -28.670  66.673 0.0000000000
49699  -26.788  -28.271  64.835 0.0000000000
49717  -22.787  -28.196  64.950 0.0000000000
49740  -25.872  -28.565  63.515 0.0000000000
49773  -12.091  -28.101  61.454 0.0000000000
49802  -12.536  -28.012  60.606 0.0000000000
50859  -30.537  -27.873  67.177 0.0000000000
50877  -29.727  -27.795  66.634 0.0000000000
50892  -27.291  -28.271  64.919 0.0000000000
50915  -26.700  -28.119  64.658 0.0000000000
50938  -26.398  -27.908  64.048 0.0000000000
50939  -26.862  -27.654  64.339 0.0000000000
50940  -27.375  -27.577  64.311 0.0000000000
50980  -12.335  -27.146  62.229 0.0000000000
50985  -23.180  -27.647  62.549 0.0000000000
50991  -30.604  -28.114  62.688 0.0000000000
51007  -31.027  -28.100  61.992 0.0000000000
51009  -31.911  -27.333  61.201 0.0000000000
51028  -31.615  -27.717  60.631 0.0000000000
51040  -28.384  -28.130  59.249 0.0000000000
52067  -30.375  -27.676  67.151 0.0000000000
52070  -32.312  -27.234  66.597 0.0000000000
52091  -30.614  -27.044  66.936 0.0000000000
52093  -31.672  -26.514  66.073 0.0000000000
52138  -32.438  -26.186  65.127 0.0000000000
52170  -22.266  -26.906  63.893 0.0000000000
52172  -25.446  -27.439  62.839 0.0000000000
52175  -27.609  -27.192  63.602 0.0000000000
52208  -13.524  -26.287  61.537 0.0000000000
52254  -29.287  -26.727  57.947 0.0000000000
52255  -30.108  -26.654  58.010 0.0000000000
52258  -32.050  -26.603  58.851 0.0000000000
52284  -27.763  -27.039  56.512 0.0000000000
53366  -32.869  -25.810  64.977 0.0000000000
53379  -21.603  -25.221  64.751 0.0000000000
53401  -26.016  -26.855  62.687 0.0000000000
53427  -26.551  -26.695  62.127 0.0000000000
53430  -35.111  -25.219  62.212 0.0000000000
53446  -14.968  -25.378  61.041 0.0000000000
53450  -26.094  -26.772  61.725 0.0000000000
53451  -26.458  -26.821  61.806 0.0000000000
53474  -33.844  -26.389  60.556 0.0000000000
53495  -25.884  -26.512  59.061 0.0000000000
53517  -20.197  -25.264  58.141 0.0000000000
54690  -23.975  -25.838  61.190 0.0000000000
54703  -16.225  -25.040  60.589 0.0000000000
54709  -24.873  -25.723  60.563 0.0000000000
54710  -36.044  -25.144  60.469 0.0000000000
54721  -20.402  -24.487  59.154 0.0000000000
54740  -34.342  -25.384  57.775 0.0000000000
55848  -36.238  -23.934  63.638 0.0000000000
55886  -22.136  -24.880  61.348 0.0000000000
55960  -21.364  -23.572  56.585 0.0000000000
55961  -22.285  -23.488  56.320 0.0000000000
55964  -35.925  -24.856  56.503 0.0000000000
56986  -37.797  -23.122  62.004 0.0000000000
57058  -21.302  -23.419  57.434 0.0000000000
57059  -21.431  -23.151  57.402 0.0000000000
57061  -22.494  -23.106  57.219 0.0000000000
57082  -22.430  -23.289  56.803 0.0000000000
58251  -39.200  -22.518  58.248 0.0000000000
64169  -40.818  -16.827  58.370 0.0000000000
64182  -40.847  -16.809  57.722 0.0000000000
65234  -40.702  -16.226  58.300 0.0000000000
66337  -40.326  -13.922  60.687 0.0000000000
66437  -38.085  -13.786  54.146 0.0000000000
66446  -38.051  -13.739  53.870 0.0000000000
67562  -40.420  -13.643  59.799 0.0000000000
67630  -36.943  -13.209  54.111 0.0000000000
67652  -37.834  -13.356  52.685 0.0000000000
67657  -33.631  -13.107  50.914 0.0000000000
67658  -33.976  -13.262  51.055 0.0000000000
68701  -39.554  -11.202  62.677 0.0000000000
68758  -40.320  -12.862  60.517 0.0000000000
68828  -35.140  -12.122  55.753 0.0000000000
68842  -35.102  -12.062  55.447 0.0000000000
68869  -36.992  -13.065  53.521 0.0000000000
68895  -33.081  -12.174  50.797 0.0000000000
68896  -33.386  -12.814  51.099 0.0000000000
68909  -37.548  -12.407  51.158 0.0000000000
68911  -38.584  -12.380  50.911 0.0000000000
70153  -35.572  -11.762  56.702 0.0000000000
70154  -36.079  -11.853  56.999 0.0000000000
70181  -35.061  -11.664  55.451 0.0000000000
70195  -35.228  -11.933  54.840 0.0000000000
70230  -33.857  -11.970  52.133 0.0000000000
70233  -36.277  -11.698  52.026 0.0000000000
70253  -33.047  -11.743  51.260 0.0000000000
70304  -33.524  -11.776  50.224 0.0000000000
70436  -40.320  -11.524  44.401 0.0000000000
71440  -39.165  -10.406  62.372 0.0000000000
71482  -38.246  -10.235  60.875 0.0000000000
71541  -35.828  -11.677  56.750 0.0000000000
71572  -36.052  -10.784  55.706 0.0000000000
71591  -35.323  -11.109  55.180 0.0000000000
71592  -35.533  -10.958  54.750 0.0000000000
71593  -37.285  -10.236  53.796 0.0000000000
71638  -33.304  -11.636  51.456 0.0000000000
71639  -33.598  -11.588  51.631 0.0000000000
71654  -33.792  -11.246  51.305 0.0000000000
71658  -38.867  -11.157  52.103 0.0000000000
71672  -33.449  -11.205  50.840 0.0000000000
71675  -35.615  -11.467  50.750 0.0000000000
71696  -35.547  -11.368  50.218 0.0000000000
71697  -41.134  -10.709  49.808 0.0000000000
71776  -40.854  -10.652  42.658 0.0000000000
72855  -35.428  -10.959  55.527 0.0000000000
72856  -35.725  -10.797  55.371 0.0000000000
72933  -41.612  -10.173  51.354 0.0000000000
73038  -43.108  -9.619  44.237 0.0000000000
73039  -43.517  -9.432  44.463 0.0000000000
74204  -43.405  -8.912  49.016 0.0000000000
74225  -42.036  -7.860  48.668 0.0000000000
74228  -43.364  -8.451  48.623 0.0000000000
74277  -41.791  -8.253  47.121 0.0000000000
75500  -42.780  -8.116  48.518 0.0000000000
75554  -41.803  -7.522  47.094 0.0000000000
75576  -44.097  -7.271  45.309 0.0000000000
75599  -44.117  -7.890  45.115 0.0000000000
75662  -45.646  -7.164  42.220 0.0000000000
76854  -41.772  -7.181  47.311 0.0000000000
76866  -41.900  -6.915  47.182 0.0000000000
76868  -43.194  -6.301  46.166 0.0000000000
76922  -46.980  -6.128  43.422 0.0000000000
78045  -46.053  -5.062  48.044 0.0000000000
78077  -45.233  -4.858  46.210 0.0000000000
78091  -44.062  -6.156  45.663 0.0000000000
78133  -46.790  -5.920  42.412 0.0000000000
79126  -46.875  -4.301  48.285 0.0000000000
79131  -43.404  -5.040  48.403 0.0000000000
79136  -49.045  -4.164  48.254 0.0000000000
79143  -43.690  -4.942  47.880 0.0000000000
79144  -44.482  -4.470  47.509 0.0000000000
79145  -44.934  -4.307  47.675 0.0000000000
79165  -44.675  -4.381  46.876 0.0000000000
79166  -45.079  -4.419  46.459 0.0000000000
80202  -46.962  -3.817  48.542 0.0000000000
80203  -48.033  -3.548  48.718 0.0000000000
80211  -44.585  -4.566  48.394 0.0000000000
80216  -49.372  -3.710  48.495 0.0000000000
80224  -45.811  -3.568  46.796 0.0000000000
80241  -44.976  -4.035  46.785 0.0000000000
80242  -45.434  -3.886  46.388 0.0000000000
80244  -46.880  -3.704  45.864 0.0000000000
80283  -49.491  -3.244  43.266 0.0000000000
80314  -48.281  -3.294  40.633 0.0000000000
81340  -50.090  -2.566  49.474 0.0000000000
81353  -48.980  -2.377  47.995 0.0000000000
81354  -49.397  -2.145  48.052 0.0000000000
81434  -50.276  -2.301  43.049 0.0000000000
82486  -47.958  -2.753  48.776 0.0000000000
82487  -48.261  -2.691  48.770 0.0000000000
82488  -48.886  -2.394  48.986 0.0000000000
82503  -47.929  -2.575  48.635 0.0000000000
82521  -48.318  -2.240  47.933 0.0000000000
82560  -50.349  -1.313  45.792 0.0000000000
84963  -51.942  0.099  47.211 0.0000000000
85020  -52.352  0.358  42.886 0.0000000000
85033  -51.913  0.856  42.214 0.0000000000
86255  -52.087  1.269  42.011 0.0000000000
86275  -50.195  1.226  40.067 0.0000000000
87390  -52.689  2.341  41.961 0.0000000000
87402  -54.578  3.263  41.523 0.0000000000
87409  -51.355  2.380  40.728 0.0000000000
87419  -54.683  3.229  39.298 0.0000000000
87420  -55.788  2.825  39.370 0.0000000000
87429  -51.832  2.604  39.066 0.0000000000
87454  -56.943  2.733  36.440 0.0000000000
88506  -54.006  3.010  42.734 0.0000000000
88535  -52.513  2.547  41.242 0.0000000000
88536  -53.228  3.292  41.318 0.0000000000
88544  -51.272  2.650  40.239 0.0000000000
88545  -51.702  2.515  40.544 0.0000000000
88547  -53.362  3.147  40.623 0.0000000000
88548  -54.269  3.676  40.566 0.0000000000
88563  -51.329  2.761  39.736 0.0000000000
88569  -56.758  2.924  38.078 0.0000000000
89646  -53.703  3.630  40.937 0.0000000000
89651  -53.681  3.679  40.534 0.0000000000
89657  -53.862  3.945  40.181 0.0000000000
138866  -42.304  -7.864  48.584 0.0000000000
138869  -43.028  -7.684  48.274 0.0000000000
138870  -42.719  -7.378  48.236 0.0000000000
