#!ascii label  , from subject sub.01.bl.02 vox2ras=TkReg
1609
59419  -44.588  -20.407  58.529 0.0000000000
41143  -31.656  -34.793  63.493 0.0000000000
70380  -47.928  -11.613  47.514 0.0000000000
59609  -38.838  -20.454  47.639 0.0000000000
68871  -41.897  -12.821  53.504 0.0000000000
48674  -40.984  -29.300  61.342 0.0000000000
49872  -33.712  -28.281  56.950 0.0000000000
51158  -37.737  -27.797  49.790 0.0000000000
47532  -22.748  -30.623  64.738 0.0000000000
72984  -50.170  -9.638  48.460 0.0000000000
45583  -26.693  -31.627  53.249 0.0000000000
59498  -41.085  -20.314  53.569 0.0000000000
64247  -42.329  -16.612  51.325 0.0000000000
64200  -44.067  -16.351  56.032 0.0000000000
53503  -43.526  -24.470  60.237 0.0000000000
49897  -39.444  -28.693  56.045 0.0000000000
54819  -40.413  -24.222  54.384 0.0000000000
54944  -39.372  -24.600  48.231 0.0000000000
74306  -52.993  -8.419  45.895 0.0000000000
43217  -26.168  -32.798  64.300 0.0000000000
47602  -25.292  -30.441  58.922 0.0000000000
44387  -28.362  -32.559  59.734 0.0000000000
70284  -44.613  -11.419  50.784 0.0000000000
45419  -36.895  -32.534  62.726 0.0000000000
45471  -33.226  -32.000  60.926 0.0000000000
46582  -37.716  -31.316  57.864 0.0000000000
48842  -36.418  -29.074  52.585 0.0000000000
50913  -19.175  -27.219  65.153 0.0000000000
74034  -45.157  -7.932  57.731 0.0000000000
71602  -49.505  -10.530  54.369 0.0000000000
75457  -49.015  -7.400  51.758 0.0000000000
70246  -52.595  -11.282  52.507 0.0000000000
70294  -54.480  -11.256  49.297 0.0000000000
49853  -21.410  -27.953  58.838 0.0000000000
47660  -29.056  -30.070  56.223 0.0000000000
59470  -42.794  -20.344  55.482 0.0000000000
60679  -43.229  -18.887  53.998 0.0000000000
61862  -45.050  -18.371  57.315 0.0000000000
57052  -44.252  -22.166  59.295 0.0000000000
54783  -41.171  -24.380  57.020 0.0000000000
57095  -42.313  -22.428  56.403 0.0000000000
57147  -41.026  -22.164  53.557 0.0000000000
69063  -48.411  -13.054  44.518 0.0000000000
69004  -49.817  -12.074  46.358 0.0000000000
41125  -28.839  -33.599  64.082 0.0000000000
43262  -28.100  -32.765  61.844 0.0000000000
42209  -30.406  -33.496  61.720 0.0000000000
63216  -38.689  -18.585  46.926 0.0000000000
66465  -42.579  -14.582  52.149 0.0000000000
65327  -42.030  -15.443  49.620 0.0000000000
67669  -42.461  -13.547  50.854 0.0000000000
68947  -43.392  -11.847  49.409 0.0000000000
70216  -43.800  -11.609  53.415 0.0000000000
46517  -38.901  -31.012  61.874 0.0000000000
44373  -38.115  -32.687  60.751 0.0000000000
46551  -39.928  -31.162  59.551 0.0000000000
49967  -39.278  -28.484  52.163 0.0000000000
47722  -39.010  -30.982  53.502 0.0000000000
48884  -37.025  -28.805  50.533 0.0000000000
57246  -39.202  -22.963  47.900 0.0000000000
72844  -47.386  -9.410  56.483 0.0000000000
74137  -51.152  -8.400  52.651 0.0000000000
74163  -53.677  -8.898  51.667 0.0000000000
70270  -53.638  -11.282  50.995 0.0000000000
74187  -54.319  -8.645  50.559 0.0000000000
74265  -56.210  -7.479  46.972 0.0000000000
48614  -21.124  -28.917  64.829 0.0000000000
49781  -20.100  -28.242  61.620 0.0000000000
48667  -22.382  -29.116  62.397 0.0000000000
46608  -25.970  -31.322  55.712 0.0000000000
48773  -24.343  -29.279  55.140 0.0000000000
47729  -25.488  -30.223  52.472 0.0000000000
47622  -33.535  -30.030  59.320 0.0000000000
46564  -30.829  -31.159  58.994 0.0000000000
48753  -31.523  -29.037  56.799 0.0000000000
59576  -39.981  -20.334  50.440 0.0000000000
62001  -40.044  -18.477  49.280 0.0000000000
61966  -41.479  -18.077  52.044 0.0000000000
64218  -43.536  -16.755  53.007 0.0000000000
66440  -42.155  -14.559  55.121 0.0000000000
49842  -42.391  -27.394  60.076 0.0000000000
48716  -40.409  -29.437  58.676 0.0000000000
52259  -41.142  -26.966  58.566 0.0000000000
52298  -39.487  -26.795  55.080 0.0000000000
52368  -39.606  -26.604  50.993 0.0000000000
52394  -39.095  -26.061  48.351 0.0000000000
54892  -39.504  -24.508  50.763 0.0000000000
57198  -39.423  -22.580  50.523 0.0000000000
73007  -51.926  -9.570  46.670 0.0000000000
76889  -50.369  -6.648  45.530 0.0000000000
45381  -24.225  -31.733  64.361 0.0000000000
47576  -23.843  -30.456  62.112 0.0000000000
45432  -25.726  -31.687  61.999 0.0000000000
45465  -27.097  -31.702  59.206 0.0000000000
45527  -27.512  -32.214  56.599 0.0000000000
64276  -40.086  -17.025  48.512 0.0000000000
70377  -44.923  -11.584  47.882 0.0000000000
70317  -46.719  -11.875  49.639 0.0000000000
43237  -34.609  -34.320  63.616 0.0000000000
42212  -33.019  -33.636  61.935 0.0000000000
43268  -35.920  -34.009  61.488 0.0000000000
46550  -35.921  -31.883  59.837 0.0000000000
48735  -35.995  -29.134  57.669 0.0000000000
47645  -39.004  -30.634  57.316 0.0000000000
47683  -37.375  -30.675  55.315 0.0000000000
49920  -35.778  -28.783  54.440 0.0000000000
62993  -45.311  -17.486  60.186 0.0000000000
45383  -32.098  -32.554  64.194 0.0000000000
48652  -35.872  -29.405  61.766 0.0000000000
50996  -38.822  -27.282  62.392 0.0000000000
66375  -45.437  -14.819  59.291 0.0000000000
67583  -44.184  -13.348  58.498 0.0000000000
70156  -42.424  -11.524  57.492 0.0000000000
74020  -43.496  -7.856  58.539 0.0000000000
71557  -43.284  -10.400  55.800 0.0000000000
71598  -45.855  -10.429  54.615 0.0000000000
70219  -47.085  -11.112  53.539 0.0000000000
70265  -48.624  -11.684  51.750 0.0000000000
74103  -49.620  -8.310  54.292 0.0000000000
70223  -50.984  -11.970  54.027 0.0000000000
70320  -49.730  -11.948  49.591 0.0000000000
70322  -51.999  -11.840  48.743 0.0000000000
74215  -55.244  -8.383  48.929 0.0000000000
50984  -17.924  -27.703  62.992 0.0000000000
49933  -20.226  -28.320  54.489 0.0000000000
48708  -23.418  -28.724  58.690 0.0000000000
49915  -22.679  -28.468  54.842 0.0000000000
44390  -30.841  -32.597  60.282 0.0000000000
45514  -28.751  -31.868  57.936 0.0000000000
46611  -27.928  -31.468  55.309 0.0000000000
47718  -29.704  -30.559  53.784 0.0000000000
59433  -43.550  -20.435  57.372 0.0000000000
59453  -43.180  -20.084  56.396 0.0000000000
60639  -44.715  -19.151  57.466 0.0000000000
58255  -44.258  -21.431  58.786 0.0000000000
57073  -42.939  -22.275  57.967 0.0000000000
58270  -43.286  -21.387  57.664 0.0000000000
57111  -42.261  -21.801  55.816 0.0000000000
70402  -46.974  -11.595  46.724 0.0000000000
69002  -48.070  -11.937  46.275 0.0000000000
69037  -48.796  -12.533  45.165 0.0000000000
70405  -49.207  -11.703  46.869 0.0000000000
41142  -30.771  -34.417  63.502 0.0000000000
41155  -29.838  -33.623  62.636 0.0000000000
41157  -31.526  -34.123  62.347 0.0000000000
59635  -38.407  -20.530  46.347 0.0000000000
60816  -38.556  -19.861  46.985 0.0000000000
67653  -42.087  -13.682  52.675 0.0000000000
66473  -42.489  -14.537  51.233 0.0000000000
68887  -42.336  -12.752  52.394 0.0000000000
70259  -42.815  -12.126  51.503 0.0000000000
68888  -42.518  -12.286  53.165 0.0000000000
47580  -39.965  -30.388  61.614 0.0000000000
46533  -39.319  -31.611  60.987 0.0000000000
47581  -40.546  -30.251  60.967 0.0000000000
49996  -39.038  -28.006  50.876 0.0000000000
48864  -38.008  -28.764  51.064 0.0000000000
50041  -37.176  -28.355  49.610 0.0000000000
50040  -36.590  -28.512  49.365 0.0000000000
58435  -38.857  -21.320  47.545 0.0000000000
57251  -38.296  -22.420  46.585 0.0000000000
58442  -38.532  -21.433  46.805 0.0000000000
72955  -51.560  -8.593  50.877 0.0000000000
75508  -51.822  -9.124  49.822 0.0000000000
74164  -54.177  -9.070  51.147 0.0000000000
74237  -52.626  -9.275  49.294 0.0000000000
48615  -21.737  -29.517  64.596 0.0000000000
48648  -21.573  -28.908  63.304 0.0000000000
48649  -22.240  -29.332  63.086 0.0000000000
45568  -26.308  -31.634  54.472 0.0000000000
47698  -25.595  -30.419  54.316 0.0000000000
46647  -25.952  -30.993  52.441 0.0000000000
46662  -25.864  -30.876  51.175 0.0000000000
46648  -26.699  -31.496  52.567 0.0000000000
48733  -34.359  -28.502  57.901 0.0000000000
48711  -32.802  -29.473  58.695 0.0000000000
49871  -32.818  -28.468  56.874 0.0000000000
59530  -40.574  -20.494  51.727 0.0000000000
60754  -40.599  -19.707  50.968 0.0000000000
60717  -41.084  -19.545  53.166 0.0000000000
63074  -43.909  -17.369  55.911 0.0000000000
61923  -43.261  -18.123  53.383 0.0000000000
64208  -43.327  -16.736  54.094 0.0000000000
65274  -43.072  -15.904  54.539 0.0000000000
65265  -43.251  -15.385  55.836 0.0000000000
52246  -42.690  -26.273  60.163 0.0000000000
51059  -42.013  -26.960  59.149 0.0000000000
53524  -42.053  -25.953  58.593 0.0000000000
54801  -40.495  -24.579  55.513 0.0000000000
53590  -40.224  -25.558  55.939 0.0000000000
53606  -39.564  -25.883  54.463 0.0000000000
52333  -39.214  -26.643  52.931 0.0000000000
53654  -39.214  -25.715  52.431 0.0000000000
53672  -39.484  -25.587  51.368 0.0000000000
54866  -39.362  -24.501  52.013 0.0000000000
58332  -40.943  -21.127  53.393 0.0000000000
57168  -40.366  -22.467  52.291 0.0000000000
58368  -40.210  -21.473  51.504 0.0000000000
58384  -39.713  -21.600  50.830 0.0000000000
44304  -24.897  -32.590  64.641 0.0000000000
44332  -24.693  -31.871  63.627 0.0000000000
44319  -25.673  -32.189  63.579 0.0000000000
43298  -28.613  -32.753  60.678 0.0000000000
45450  -27.273  -32.285  60.537 0.0000000000
45491  -27.660  -32.173  58.853 0.0000000000
45511  -26.942  -31.772  57.644 0.0000000000
44412  -28.125  -32.328  58.401 0.0000000000
63178  -40.988  -17.666  50.143 0.0000000000
63193  -39.690  -17.746  48.635 0.0000000000
64277  -41.194  -16.747  48.863 0.0000000000
66498  -41.947  -14.103  49.035 0.0000000000
65359  -41.364  -15.197  47.393 0.0000000000
66518  -41.537  -14.769  47.142 0.0000000000
70314  -43.843  -11.430  49.948 0.0000000000
70376  -43.798  -11.621  48.117 0.0000000000
70349  -44.828  -11.344  48.884 0.0000000000
70350  -45.853  -11.423  48.757 0.0000000000
70316  -45.746  -11.579  49.766 0.0000000000
44323  -35.743  -33.650  63.171 0.0000000000
42197  -35.134  -34.703  62.504 0.0000000000
42199  -37.038  -34.472  62.036 0.0000000000
45497  -37.830  -32.174  59.346 0.0000000000
45475  -37.222  -32.423  59.798 0.0000000000
45496  -37.097  -32.094  59.350 0.0000000000
47624  -35.804  -30.513  58.976 0.0000000000
47642  -37.163  -30.683  57.624 0.0000000000
48758  -40.047  -29.405  57.190 0.0000000000
47646  -39.737  -30.229  57.519 0.0000000000
47686  -39.153  -30.934  55.319 0.0000000000
48826  -37.097  -30.068  52.738 0.0000000000
47704  -37.390  -30.855  54.051 0.0000000000
48797  -36.541  -29.828  53.660 0.0000000000
48755  -36.139  -29.375  55.131 0.0000000000
53699  -39.214  -25.340  47.924 0.0000000000
49764  -37.696  -28.219  61.437 0.0000000000
53409  -42.181  -25.186  62.577 0.0000000000
64139  -45.881  -16.503  59.538 0.0000000000
68779  -44.221  -12.305  59.587 0.0000000000
70142  -43.477  -11.719  59.204 0.0000000000
68817  -42.650  -12.626  57.817 0.0000000000
71516  -42.852  -10.311  59.062 0.0000000000
74033  -44.132  -8.067  57.913 0.0000000000
74050  -43.085  -9.185  57.410 0.0000000000
72823  -44.325  -9.082  56.829 0.0000000000
71575  -44.483  -10.363  55.124 0.0000000000
72842  -45.674  -9.354  56.487 0.0000000000
71561  -48.176  -9.461  55.312 0.0000000000
71578  -47.338  -9.937  54.936 0.0000000000
71623  -48.112  -10.694  53.676 0.0000000000
70242  -48.446  -11.475  52.651 0.0000000000
70221  -49.470  -11.302  53.590 0.0000000000
75436  -49.362  -7.233  52.687 0.0000000000
72907  -52.535  -9.767  53.111 0.0000000000
72905  -51.230  -9.963  53.881 0.0000000000
70224  -51.924  -11.484  53.469 0.0000000000
70267  -50.702  -11.729  51.765 0.0000000000
70268  -51.843  -11.643  51.540 0.0000000000
70321  -50.913  -11.554  49.272 0.0000000000
70291  -52.237  -11.713  50.004 0.0000000000
70293  -53.982  -11.397  49.976 0.0000000000
67670  -53.445  -12.498  48.825 0.0000000000
67671  -53.751  -12.767  48.482 0.0000000000
73020  -52.390  -9.054  46.112 0.0000000000
72997  -53.424  -9.234  47.737 0.0000000000
74263  -54.677  -7.865  47.372 0.0000000000
49809  -20.916  -28.128  60.762 0.0000000000
49808  -19.730  -28.128  60.547 0.0000000000
49852  -20.291  -28.043  58.588 0.0000000000
49868  -19.962  -28.127  57.487 0.0000000000
49889  -20.808  -28.146  56.420 0.0000000000
47591  -24.453  -30.288  60.571 0.0000000000
48684  -23.824  -29.631  60.697 0.0000000000
48709  -24.196  -29.385  58.136 0.0000000000
48772  -23.596  -28.922  55.261 0.0000000000
48856  -23.144  -29.564  50.284 0.0000000000
44367  -33.063  -32.917  61.421 0.0000000000
43282  -31.577  -32.956  61.307 0.0000000000
44391  -31.675  -32.522  60.849 0.0000000000
47639  -29.390  -30.464  57.564 0.0000000000
46563  -30.080  -31.316  58.764 0.0000000000
47638  -28.686  -31.043  57.291 0.0000000000
46595  -28.343  -31.418  56.151 0.0000000000
47681  -28.613  -30.676  55.527 0.0000000000
47731  -28.852  -30.732  53.016 0.0000000000
58317  -41.883  -20.860  54.705 0.0000000000
60677  -42.423  -19.563  54.317 0.0000000000
59471  -43.056  -19.583  55.398 0.0000000000
61874  -44.070  -18.066  56.376 0.0000000000
63058  -44.557  -17.076  56.606 0.0000000000
55927  -43.682  -23.643  59.633 0.0000000000
54763  -42.093  -24.809  58.337 0.0000000000
55941  -42.419  -23.928  58.495 0.0000000000
55968  -41.282  -23.733  56.479 0.0000000000
55987  -40.792  -23.757  55.411 0.0000000000
56030  -40.566  -23.349  53.340 0.0000000000
56010  -41.095  -22.431  54.972 0.0000000000
57129  -41.265  -21.717  54.607 0.0000000000
69005  -50.747  -12.465  46.102 0.0000000000
42165  -27.327  -33.006  64.503 0.0000000000
43248  -27.035  -32.356  62.944 0.0000000000
42194  -28.610  -33.195  62.797 0.0000000000
43263  -28.889  -33.215  61.690 0.0000000000
43299  -29.183  -32.833  60.488 0.0000000000
64248  -42.727  -16.031  51.163 0.0000000000
65326  -41.888  -16.093  49.917 0.0000000000
65314  -42.362  -15.345  50.799 0.0000000000
66485  -42.109  -14.381  50.271 0.0000000000
67681  -42.165  -13.310  49.987 0.0000000000
67712  -41.993  -12.997  48.276 0.0000000000
68928  -42.579  -12.626  49.762 0.0000000000
68913  -43.025  -11.894  50.519 0.0000000000
70261  -44.384  -11.515  51.674 0.0000000000
45420  -37.724  -32.499  62.262 0.0000000000
43253  -37.867  -33.586  61.992 0.0000000000
45433  -38.534  -32.300  61.551 0.0000000000
44399  -38.612  -32.284  60.263 0.0000000000
46569  -38.923  -31.546  58.405 0.0000000000
49942  -39.294  -28.856  54.010 0.0000000000
47723  -39.318  -30.849  53.900 0.0000000000
48828  -38.667  -29.631  52.237 0.0000000000
47748  -37.986  -29.867  52.066 0.0000000000
48862  -36.721  -29.121  51.630 0.0000000000
49993  -35.768  -28.700  50.876 0.0000000000
50014  -36.144  -28.814  50.216 0.0000000000
56130  -39.143  -23.867  47.722 0.0000000000
56129  -38.699  -23.188  47.241 0.0000000000
75317  -45.706  -6.751  57.800 0.0000000000
74054  -46.395  -8.494  57.482 0.0000000000
76671  -47.034  -7.523  57.065 0.0000000000
75364  -48.059  -7.867  56.184 0.0000000000
75366  -48.711  -8.606  55.555 0.0000000000
74182  -49.348  -7.737  51.107 0.0000000000
74136  -50.204  -7.945  52.654 0.0000000000
74160  -50.717  -8.261  51.860 0.0000000000
74139  -53.060  -8.930  52.647 0.0000000000
71648  -53.306  -10.432  52.251 0.0000000000
70247  -53.344  -11.128  51.801 0.0000000000
71662  -53.860  -10.472  51.555 0.0000000000
72957  -54.418  -9.476  50.777 0.0000000000
72958  -54.784  -9.392  49.999 0.0000000000
75583  -53.286  -7.630  45.296 0.0000000000
75539  -55.068  -7.203  47.106 0.0000000000
75561  -55.614  -6.602  46.124 0.0000000000
49695  -19.791  -27.825  65.469 0.0000000000
49715  -19.533  -27.548  64.332 0.0000000000
49716  -20.576  -28.316  64.157 0.0000000000
49782  -21.396  -28.568  61.913 0.0000000000
49832  -21.691  -28.027  59.867 0.0000000000
47637  -25.278  -30.497  57.073 0.0000000000
47657  -24.740  -29.868  56.552 0.0000000000
47680  -25.505  -30.546  55.243 0.0000000000
48809  -25.209  -29.735  53.787 0.0000000000
48821  -24.822  -29.240  52.261 0.0000000000
47766  -24.644  -30.246  50.399 0.0000000000
47767  -25.318  -30.433  50.838 0.0000000000
46548  -33.790  -31.407  60.522 0.0000000000
46546  -31.762  -31.516  59.936 0.0000000000
47621  -32.493  -30.161  59.196 0.0000000000
47641  -31.236  -29.864  57.987 0.0000000000
48729  -30.246  -29.717  57.265 0.0000000000
59595  -39.303  -20.862  49.106 0.0000000000
60801  -39.097  -20.041  48.346 0.0000000000
60773  -39.891  -19.461  49.614 0.0000000000
62003  -40.841  -18.378  50.616 0.0000000000
63158  -41.592  -17.359  51.199 0.0000000000
61921  -42.542  -18.616  53.558 0.0000000000
63118  -42.734  -17.725  52.712 0.0000000000
64237  -42.837  -16.848  51.857 0.0000000000
65296  -43.600  -16.111  52.344 0.0000000000
65283  -42.706  -15.283  53.755 0.0000000000
67633  -41.679  -13.357  54.931 0.0000000000
49794  -41.581  -28.285  61.084 0.0000000000
48686  -41.116  -28.977  60.166 0.0000000000
49840  -41.564  -28.228  59.730 0.0000000000
51057  -40.985  -27.594  58.664 0.0000000000
51077  -40.174  -27.592  57.295 0.0000000000
53548  -40.989  -25.389  57.714 0.0000000000
52288  -39.989  -26.586  56.658 0.0000000000
51089  -39.455  -27.825  55.508 0.0000000000
51120  -39.343  -27.757  53.487 0.0000000000
51140  -39.436  -27.542  51.626 0.0000000000
51160  -39.273  -27.228  50.028 0.0000000000
52382  -38.723  -26.858  49.123 0.0000000000
52383  -39.281  -26.530  49.309 0.0000000000
53685  -39.692  -25.554  50.029 0.0000000000
54915  -39.594  -24.351  49.857 0.0000000000
56052  -40.033  -23.452  52.521 0.0000000000
56074  -39.402  -23.511  51.176 0.0000000000
56112  -39.489  -23.605  49.286 0.0000000000
57220  -39.424  -22.671  49.552 0.0000000000
58425  -39.382  -21.846  48.893 0.0000000000
71726  -50.788  -9.990  47.764 0.0000000000
73017  -49.755  -8.941  45.882 0.0000000000
74303  -50.146  -8.374  45.637 0.0000000000
75580  -50.720  -7.613  45.688 0.0000000000
75581  -51.573  -7.659  45.470 0.0000000000
75602  -51.932  -7.339  44.797 0.0000000000
46482  -23.525  -31.127  64.306 0.0000000000
47558  -23.201  -30.476  63.122 0.0000000000
45414  -24.156  -31.203  62.976 0.0000000000
45446  -24.666  -31.020  61.858 0.0000000000
46531  -25.311  -31.118  60.828 0.0000000000
44348  -26.365  -32.081  61.845 0.0000000000
46532  -25.946  -31.353  60.373 0.0000000000
46560  -25.831  -30.906  58.679 0.0000000000
46578  -26.387  -31.548  57.227 0.0000000000
46609  -26.354  -31.659  55.852 0.0000000000
45554  -26.722  -31.861  54.830 0.0000000000
63217  -38.978  -18.253  47.607 0.0000000000
63234  -38.727  -18.154  46.808 0.0000000000
64298  -41.122  -16.044  47.808 0.0000000000
70378  -45.942  -11.530  47.753 0.0000000000
70352  -47.761  -11.820  48.615 0.0000000000
42184  -33.566  -34.686  63.509 0.0000000000
41158  -32.779  -34.126  62.362 0.0000000000
41174  -33.752  -34.341  62.560 0.0000000000
43266  -34.005  -33.550  61.723 0.0000000000
44394  -34.369  -32.690  61.056 0.0000000000
43286  -36.805  -33.712  61.193 0.0000000000
44370  -36.058  -33.192  60.841 0.0000000000
46549  -35.056  -31.510  60.279 0.0000000000
47607  -35.168  -30.762  59.703 0.0000000000
48713  -35.206  -29.396  58.376 0.0000000000
48734  -35.295  -28.661  57.658 0.0000000000
47608  -40.409  -30.084  59.185 0.0000000000
46584  -39.024  -31.030  57.809 0.0000000000
46583  -38.376  -31.238  57.613 0.0000000000
45561  -39.227  -32.179  54.570 0.0000000000
47684  -38.265  -31.448  55.576 0.0000000000
47643  -37.648  -30.955  57.150 0.0000000000
48756  -36.700  -29.597  55.944 0.0000000000
49896  -36.319  -29.022  56.639 0.0000000000
51217  -37.664  -26.637  47.007 0.0000000000
59405  -45.190  -20.101  59.709 0.0000000000
60610  -45.297  -19.148  59.471 0.0000000000
49665  -20.222  -28.708  66.558 0.0000000000
47517  -22.446  -30.765  65.565 0.0000000000
46468  -23.529  -31.579  65.564 0.0000000000
44292  -24.404  -32.407  65.451 0.0000000000
41111  -27.659  -33.496  64.918 0.0000000000
41117  -29.172  -33.624  64.616 0.0000000000
42167  -30.638  -34.387  64.303 0.0000000000
43219  -31.942  -34.093  64.499 0.0000000000
44307  -33.136  -33.469  64.147 0.0000000000
45402  -34.860  -32.679  63.330 0.0000000000
46502  -35.198  -31.475  62.852 0.0000000000
47559  -34.820  -30.402  62.650 0.0000000000
47561  -36.661  -30.605  61.951 0.0000000000
47562  -37.687  -30.588  61.918 0.0000000000
49765  -38.736  -28.742  61.523 0.0000000000
49767  -40.249  -28.558  61.849 0.0000000000
51015  -41.321  -27.772  61.519 0.0000000000
52217  -42.167  -26.419  61.451 0.0000000000
53455  -42.965  -25.631  61.290 0.0000000000
58226  -45.308  -21.040  60.617 0.0000000000
63009  -45.895  -17.590  59.080 0.0000000000
64170  -45.642  -16.338  58.631 0.0000000000
65246  -45.174  -15.533  58.156 0.0000000000
68759  -44.572  -12.928  60.532 0.0000000000
67585  -45.104  -14.022  58.884 0.0000000000
66419  -44.396  -15.145  57.305 0.0000000000
66417  -42.951  -14.187  57.135 0.0000000000
67626  -42.255  -13.160  56.077 0.0000000000
68845  -42.007  -12.236  55.799 0.0000000000
72807  -42.793  -9.665  57.735 0.0000000000
71556  -42.765  -10.586  56.142 0.0000000000
70196  -42.599  -11.797  54.715 0.0000000000
70197  -43.256  -11.456  54.447 0.0000000000
70198  -44.353  -10.969  54.015 0.0000000000
70239  -45.134  -11.415  52.560 0.0000000000
71558  -46.666  -9.679  55.927 0.0000000000
70200  -46.326  -10.903  54.091 0.0000000000
70240  -46.217  -11.490  52.627 0.0000000000
70286  -46.606  -12.034  50.700 0.0000000000
70287  -47.809  -12.137  50.561 0.0000000000
68931  -48.400  -12.148  49.625 0.0000000000
75384  -48.998  -7.991  54.796 0.0000000000
74089  -49.372  -8.875  54.968 0.0000000000
74119  -50.515  -8.338  53.284 0.0000000000
72890  -50.584  -9.881  54.194 0.0000000000
70203  -50.102  -11.311  54.270 0.0000000000
70222  -50.117  -11.669  53.643 0.0000000000
70289  -49.704  -11.781  50.742 0.0000000000
70353  -48.780  -11.960  48.610 0.0000000000
70354  -49.870  -12.024  48.492 0.0000000000
70383  -50.728  -12.252  47.543 0.0000000000
70385  -51.713  -12.604  47.157 0.0000000000
68917  -52.560  -12.061  49.097 0.0000000000
68934  -52.768  -12.435  48.533 0.0000000000
67714  -53.085  -13.180  46.820 0.0000000000
72987  -52.944  -9.478  48.387 0.0000000000
74214  -54.529  -8.404  49.436 0.0000000000
71681  -54.885  -10.385  49.257 0.0000000000
74240  -55.526  -7.905  47.966 0.0000000000
71699  -55.086  -10.434  48.364 0.0000000000
68922  -54.765  -12.123  47.892 0.0000000000
49755  -19.348  -28.122  62.498 0.0000000000
48668  -23.145  -29.704  61.976 0.0000000000
49811  -23.119  -28.877  60.777 0.0000000000
48707  -22.677  -28.362  58.332 0.0000000000
47656  -24.108  -29.464  56.928 0.0000000000
48726  -22.613  -28.514  57.471 0.0000000000
48725  -21.751  -28.301  56.797 0.0000000000
49934  -21.190  -28.330  54.358 0.0000000000
42211  -32.059  -33.685  61.881 0.0000000000
43281  -30.680  -33.205  61.049 0.0000000000
44388  -29.218  -32.619  59.846 0.0000000000
45469  -31.208  -32.091  60.008 0.0000000000
45467  -29.731  -32.236  59.331 0.0000000000
44413  -28.711  -32.442  58.935 0.0000000000
44445  -28.174  -32.308  57.112 0.0000000000
45542  -27.665  -31.923  55.614 0.0000000000
46635  -27.274  -31.457  53.844 0.0000000000
48776  -31.146  -29.001  55.956 0.0000000000
48774  -29.637  -29.572  55.543 0.0000000000
47700  -29.192  -30.251  54.518 0.0000000000
47699  -28.378  -30.718  54.502 0.0000000000
46636  -27.748  -30.922  53.318 0.0000000000
46649  -27.286  -31.261  52.764 0.0000000000
59434  -44.284  -20.034  57.816 0.0000000000
60624  -44.794  -19.681  58.293 0.0000000000
58256  -44.872  -20.608  59.183 0.0000000000
58254  -43.476  -21.874  58.354 0.0000000000
58271  -44.039  -20.757  58.034 0.0000000000
58288  -43.015  -20.829  56.836 0.0000000000
70403  -47.657  -11.773  46.470 0.0000000000
70404  -48.418  -11.637  46.797 0.0000000000
41156  -30.896  -34.106  62.653 0.0000000000
40127  -31.775  -34.535  62.969 0.0000000000
59623  -38.638  -20.713  47.066 0.0000000000
68870  -41.560  -13.308  53.827 0.0000000000
68872  -42.538  -12.125  53.961 0.0000000000
47565  -40.579  -29.903  61.565 0.0000000000
51147  -38.329  -27.877  50.336 0.0000000000
74235  -50.783  -9.223  49.119 0.0000000000
75507  -51.218  -9.040  49.726 0.0000000000
75521  -51.491  -9.224  49.413 0.0000000000
75509  -52.261  -9.188  49.691 0.0000000000
74236  -51.668  -9.401  49.014 0.0000000000
47531  -22.371  -30.012  64.337 0.0000000000
48632  -22.074  -29.496  63.802 0.0000000000
47545  -22.521  -29.967  63.835 0.0000000000
45569  -26.570  -31.751  53.895 0.0000000000
46633  -25.921  -31.126  53.915 0.0000000000
46634  -26.430  -31.450  53.199 0.0000000000
48732  -33.034  -28.667  57.865 0.0000000000
59510  -40.760  -20.364  52.733 0.0000000000
63075  -44.154  -16.703  56.094 0.0000000000
63088  -43.412  -17.455  54.801 0.0000000000
64199  -43.626  -16.503  55.413 0.0000000000
65266  -43.977  -15.964  56.025 0.0000000000
53502  -42.870  -25.192  59.898 0.0000000000
53501  -42.516  -25.959  59.409 0.0000000000
53525  -42.342  -25.566  58.896 0.0000000000
53607  -40.089  -25.216  54.920 0.0000000000
53628  -39.878  -25.096  54.026 0.0000000000
53627  -39.226  -25.650  53.364 0.0000000000
54838  -39.304  -25.038  52.745 0.0000000000
54839  -39.856  -24.426  53.082 0.0000000000
58349  -40.683  -21.365  52.507 0.0000000000
43231  -25.259  -32.711  64.518 0.0000000000
44318  -25.085  -32.340  63.999 0.0000000000
43232  -25.809  -32.568  64.096 0.0000000000
45466  -27.516  -32.214  59.919 0.0000000000
63195  -40.774  -17.431  49.394 0.0000000000
64261  -41.692  -16.669  50.188 0.0000000000
66519  -41.856  -14.360  47.526 0.0000000000
70315  -44.779  -11.229  49.859 0.0000000000
70285  -45.598  -11.659  50.757 0.0000000000
44336  -36.501  -33.503  62.863 0.0000000000
43239  -36.037  -34.231  62.780 0.0000000000
43251  -36.818  -34.156  62.439 0.0000000000
46568  -38.175  -31.764  58.485 0.0000000000
46567  -37.454  -31.743  58.737 0.0000000000
46581  -37.154  -31.230  58.349 0.0000000000
48757  -39.566  -29.443  56.537 0.0000000000
48779  -39.245  -29.725  55.677 0.0000000000
48825  -36.722  -29.652  52.781 0.0000000000
48811  -36.930  -30.318  53.490 0.0000000000
49953  -36.542  -29.524  53.144 0.0000000000
53716  -38.946  -25.329  47.135 0.0000000000
71530  -43.007  -10.971  58.929 0.0000000000
76668  -45.057  -6.974  58.490 0.0000000000
75333  -44.708  -7.311  58.331 0.0000000000
74052  -44.839  -8.661  57.066 0.0000000000
72841  -44.755  -9.348  56.372 0.0000000000
74070  -45.519  -9.048  56.984 0.0000000000
71580  -48.708  -9.822  54.875 0.0000000000
72888  -48.402  -10.169  54.047 0.0000000000
71601  -48.557  -10.249  54.155 0.0000000000
71624  -48.976  -10.773  53.765 0.0000000000
71625  -49.521  -10.978  53.958 0.0000000000
75456  -48.302  -7.134  51.524 0.0000000000
75435  -48.603  -6.921  52.363 0.0000000000
71628  -52.309  -10.639  53.322 0.0000000000
70245  -51.485  -11.839  52.784 0.0000000000
70269  -52.902  -11.647  51.255 0.0000000000
68920  -54.239  -12.079  48.933 0.0000000000
68919  -53.746  -12.163  49.208 0.0000000000
67673  -54.577  -12.793  48.071 0.0000000000
73021  -52.847  -8.838  46.295 0.0000000000
73009  -53.688  -8.997  47.190 0.0000000000
74285  -53.923  -8.571  46.637 0.0000000000
50912  -18.514  -26.938  64.865 0.0000000000
49831  -20.567  -28.044  59.675 0.0000000000
49869  -21.283  -28.129  57.685 0.0000000000
47601  -24.773  -30.255  59.595 0.0000000000
48685  -24.280  -29.748  59.950 0.0000000000
47616  -24.776  -29.947  58.535 0.0000000000
49990  -22.937  -28.807  50.575 0.0000000000
44393  -33.618  -32.604  61.126 0.0000000000
44392  -32.684  -32.427  61.215 0.0000000000
47659  -28.608  -30.843  56.660 0.0000000000
58318  -42.468  -20.484  54.920 0.0000000000
59487  -42.674  -19.819  54.740 0.0000000000
60655  -44.521  -18.501  56.853 0.0000000000
60654  -43.683  -18.997  56.310 0.0000000000
61875  -44.788  -17.813  56.894 0.0000000000
57026  -43.973  -22.895  59.473 0.0000000000
55942  -43.080  -23.511  59.120 0.0000000000
57050  -42.709  -23.132  58.228 0.0000000000
57072  -42.522  -22.868  57.288 0.0000000000
55969  -42.045  -23.190  56.725 0.0000000000
55988  -41.120  -22.963  55.585 0.0000000000
57110  -41.596  -22.203  55.621 0.0000000000
58304  -42.466  -21.097  55.501 0.0000000000
58303  -41.864  -21.512  55.294 0.0000000000
69036  -47.616  -12.198  45.547 0.0000000000
41124  -28.090  -33.325  63.973 0.0000000000
41139  -28.234  -33.205  63.674 0.0000000000
41140  -28.871  -33.443  63.368 0.0000000000
41169  -30.175  -33.585  62.118 0.0000000000
42195  -29.226  -33.460  62.499 0.0000000000
43264  -29.679  -33.406  61.406 0.0000000000
43279  -29.101  -33.093  61.055 0.0000000000
60829  -38.286  -19.512  46.099 0.0000000000
65304  -43.184  -15.632  51.698 0.0000000000
67694  -42.040  -12.936  49.256 0.0000000000
68912  -42.722  -12.527  50.609 0.0000000000
70237  -42.997  -11.924  52.507 0.0000000000
70282  -42.974  -11.795  50.980 0.0000000000
70260  -43.424  -11.632  51.660 0.0000000000
70283  -43.574  -11.496  50.767 0.0000000000
70238  -44.108  -11.633  52.538 0.0000000000
46505  -38.349  -31.538  62.018 0.0000000000
45421  -38.253  -32.440  61.895 0.0000000000
46506  -38.631  -31.961  61.764 0.0000000000
46534  -39.715  -31.187  60.490 0.0000000000
45454  -39.116  -31.897  60.698 0.0000000000
45478  -39.219  -31.830  60.069 0.0000000000
45477  -38.857  -31.983  59.703 0.0000000000
45499  -39.315  -31.733  59.179 0.0000000000
49954  -39.298  -28.709  53.031 0.0000000000
48812  -39.301  -29.776  53.520 0.0000000000
48829  -39.098  -29.510  52.662 0.0000000000
48845  -38.230  -29.262  51.649 0.0000000000
48863  -37.389  -28.917  51.082 0.0000000000
48844  -37.452  -29.676  52.061 0.0000000000
48883  -36.693  -28.865  50.758 0.0000000000
48882  -36.252  -28.884  51.011 0.0000000000
76669  -46.178  -6.355  57.419 0.0000000000
75335  -46.143  -7.293  57.524 0.0000000000
77947  -47.684  -5.850  56.086 0.0000000000
76709  -47.829  -6.734  56.090 0.0000000000
76710  -48.261  -7.413  55.821 0.0000000000
75365  -48.538  -8.130  55.631 0.0000000000
74209  -49.038  -8.019  50.034 0.0000000000
74233  -48.123  -8.247  48.968 0.0000000000
74183  -50.096  -8.221  50.997 0.0000000000
74185  -52.189  -8.570  51.065 0.0000000000
74161  -51.740  -8.459  51.867 0.0000000000
74162  -52.730  -8.531  51.848 0.0000000000
74140  -53.450  -9.220  52.243 0.0000000000
72938  -53.671  -9.675  52.003 0.0000000000
71680  -54.427  -10.382  50.193 0.0000000000
74308  -54.508  -7.443  46.024 0.0000000000
49696  -20.446  -28.293  65.090 0.0000000000
48666  -21.770  -28.822  62.717 0.0000000000
49757  -21.199  -28.564  62.778 0.0000000000
49810  -22.053  -28.431  60.829 0.0000000000
46593  -25.813  -31.172  56.676 0.0000000000
47658  -25.308  -30.577  56.124 0.0000000000
47715  -25.601  -30.397  53.283 0.0000000000
48822  -25.251  -29.658  52.866 0.0000000000
48839  -25.227  -29.752  52.142 0.0000000000
47743  -25.039  -29.969  51.004 0.0000000000
47744  -25.425  -30.247  51.641 0.0000000000
46696  -26.210  -31.492  50.576 0.0000000000
47605  -33.121  -30.725  59.896 0.0000000000
48731  -31.930  -29.458  57.901 0.0000000000
48730  -31.025  -29.569  57.420 0.0000000000
59575  -39.674  -20.566  50.127 0.0000000000
60791  -39.450  -19.979  49.172 0.0000000000
60774  -40.152  -19.913  50.342 0.0000000000
60737  -41.183  -18.705  52.081 0.0000000000
61982  -40.865  -18.867  51.050 0.0000000000
61965  -41.079  -18.636  51.634 0.0000000000
61983  -41.100  -18.156  51.112 0.0000000000
60678  -42.735  -19.296  54.170 0.0000000000
60697  -41.956  -19.136  53.881 0.0000000000
60698  -42.816  -18.856  53.735 0.0000000000
63101  -43.445  -17.491  53.649 0.0000000000
61945  -43.256  -17.741  52.890 0.0000000000
63120  -43.403  -17.285  52.701 0.0000000000
63139  -43.170  -17.048  52.160 0.0000000000
63140  -43.535  -16.780  52.082 0.0000000000
64239  -43.701  -16.315  51.887 0.0000000000
64230  -43.609  -16.668  52.309 0.0000000000
65273  -42.545  -15.176  54.817 0.0000000000
66449  -41.983  -14.520  54.165 0.0000000000
66439  -42.046  -14.001  55.348 0.0000000000
49818  -42.147  -27.636  60.511 0.0000000000
49817  -41.650  -28.335  60.373 0.0000000000
49841  -42.198  -27.744  59.991 0.0000000000
51058  -41.530  -27.452  59.042 0.0000000000
51068  -40.585  -27.573  58.193 0.0000000000
54762  -41.509  -24.720  57.617 0.0000000000
53550  -42.086  -25.370  58.486 0.0000000000
54761  -40.890  -24.855  57.244 0.0000000000
53589  -39.821  -25.954  55.246 0.0000000000
52299  -39.841  -26.386  55.765 0.0000000000
52287  -39.655  -27.056  55.901 0.0000000000
51108  -39.349  -27.816  54.518 0.0000000000
52352  -39.428  -26.590  52.044 0.0000000000
51130  -39.415  -27.651  52.524 0.0000000000
51149  -39.353  -27.475  50.775 0.0000000000
52376  -39.564  -26.714  50.201 0.0000000000
57185  -39.701  -22.550  51.534 0.0000000000
56092  -39.472  -23.535  50.184 0.0000000000
59551  -39.883  -20.970  50.676 0.0000000000
58409  -39.406  -21.679  49.839 0.0000000000
75579  -49.763  -7.553  45.382 0.0000000000
74304  -51.079  -8.394  45.779 0.0000000000
76890  -51.182  -6.987  45.667 0.0000000000
76906  -50.957  -6.383  45.252 0.0000000000
76907  -51.472  -6.962  45.064 0.0000000000
45380  -23.955  -31.427  63.739 0.0000000000
45398  -24.358  -31.668  63.648 0.0000000000
45416  -25.033  -31.556  62.749 0.0000000000
45415  -24.491  -31.417  62.923 0.0000000000
45447  -25.004  -31.213  61.660 0.0000000000
43261  -27.465  -32.563  62.233 0.0000000000
44335  -26.860  -32.403  62.273 0.0000000000
44349  -27.365  -32.537  61.612 0.0000000000
45449  -26.709  -31.852  60.397 0.0000000000
46544  -26.314  -31.317  59.456 0.0000000000
46577  -25.853  -31.028  57.647 0.0000000000
46561  -26.569  -31.391  58.285 0.0000000000
45526  -26.865  -32.013  56.880 0.0000000000
45540  -26.723  -31.916  55.815 0.0000000000
62016  -39.439  -19.014  48.655 0.0000000000
62029  -38.993  -19.213  47.912 0.0000000000
64275  -39.728  -17.248  48.360 0.0000000000
64296  -39.454  -17.075  47.876 0.0000000000
64278  -42.004  -16.011  48.798 0.0000000000
64262  -41.874  -16.257  49.429 0.0000000000
65380  -40.786  -15.086  46.949 0.0000000000
68946  -42.769  -12.263  49.050 0.0000000000
68973  -42.622  -11.978  47.947 0.0000000000
70400  -45.113  -11.716  46.852 0.0000000000
70351  -46.794  -11.682  48.654 0.0000000000
43236  -33.956  -34.433  63.757 0.0000000000
41160  -33.709  -34.640  62.882 0.0000000000
42196  -34.323  -34.630  62.741 0.0000000000
42214  -35.510  -34.441  61.932 0.0000000000
43267  -34.998  -33.817  61.730 0.0000000000
44351  -34.695  -33.319  61.502 0.0000000000
44352  -35.477  -33.458  61.353 0.0000000000
43270  -37.707  -33.328  61.454 0.0000000000
42217  -37.515  -33.731  61.563 0.0000000000
43287  -37.203  -33.445  60.885 0.0000000000
45474  -36.539  -32.298  59.805 0.0000000000
44395  -36.228  -32.740  60.312 0.0000000000
45473  -35.588  -32.452  60.448 0.0000000000
46565  -35.744  -31.275  59.603 0.0000000000
48714  -36.248  -29.917  58.130 0.0000000000
48697  -40.553  -29.104  59.232 0.0000000000
47593  -40.681  -29.585  59.869 0.0000000000
47664  -39.023  -30.271  56.487 0.0000000000
46585  -39.404  -30.746  57.752 0.0000000000
47663  -38.426  -30.879  56.705 0.0000000000
47706  -39.346  -31.156  54.594 0.0000000000
46641  -38.949  -31.589  53.955 0.0000000000
47705  -38.005  -31.495  54.600 0.0000000000
47662  -37.921  -30.954  56.496 0.0000000000
47661  -37.327  -30.410  56.621 0.0000000000
49895  -35.621  -28.676  55.844 0.0000000000
49919  -34.735  -28.109  54.715 0.0000000000
52393  -38.752  -26.560  48.706 0.0000000000
52411  -38.505  -26.401  47.891 0.0000000000
49664  -19.635  -28.058  66.846 0.0000000000
45350  -23.233  -31.660  66.414 0.0000000000
42151  -27.064  -33.074  64.949 0.0000000000
44306  -32.401  -33.461  64.321 0.0000000000
43220  -32.821  -34.156  64.151 0.0000000000
45384  -32.675  -33.019  64.221 0.0000000000
46494  -34.885  -31.985  63.123 0.0000000000
49762  -35.353  -28.154  62.518 0.0000000000
48651  -35.080  -29.466  62.368 0.0000000000
47560  -35.712  -30.451  62.223 0.0000000000
47577  -36.235  -30.074  61.735 0.0000000000
48653  -36.854  -29.638  61.500 0.0000000000
49790  -38.236  -27.676  61.743 0.0000000000
49792  -39.065  -28.247  61.728 0.0000000000
49766  -39.490  -28.655  61.767 0.0000000000
51014  -39.344  -28.059  61.863 0.0000000000
50998  -40.739  -27.501  61.858 0.0000000000
52202  -41.308  -26.294  62.100 0.0000000000
50999  -41.351  -27.116  61.638 0.0000000000
53433  -42.859  -25.420  61.848 0.0000000000
53411  -43.049  -25.071  62.061 0.0000000000
53456  -43.367  -25.061  61.148 0.0000000000
58239  -45.086  -21.196  59.759 0.0000000000
61829  -45.403  -18.332  59.863 0.0000000000
61839  -45.668  -18.255  59.219 0.0000000000
62994  -45.786  -17.319  59.628 0.0000000000
65225  -45.597  -15.579  59.503 0.0000000000
64171  -46.641  -16.268  58.768 0.0000000000
64183  -45.066  -16.183  57.764 0.0000000000
68799  -44.531  -13.076  59.092 0.0000000000
67584  -44.759  -13.864  58.569 0.0000000000
66392  -44.848  -14.253  58.299 0.0000000000
67602  -44.340  -13.834  58.241 0.0000000000
66406  -43.487  -14.191  57.499 0.0000000000
68834  -42.237  -12.405  56.782 0.0000000000
70170  -42.266  -11.418  56.449 0.0000000000
75314  -43.593  -7.180  59.124 0.0000000000
72796  -42.780  -9.460  58.808 0.0000000000
74032  -43.022  -8.606  58.028 0.0000000000
72821  -43.167  -9.756  56.777 0.0000000000
70183  -42.566  -11.436  55.335 0.0000000000
71573  -43.012  -10.759  55.479 0.0000000000
71574  -43.647  -10.591  55.233 0.0000000000
71576  -45.302  -10.050  55.151 0.0000000000
71597  -44.921  -10.523  54.557 0.0000000000
70217  -44.772  -11.230  53.321 0.0000000000
70199  -45.369  -10.866  53.999 0.0000000000
72825  -46.666  -9.111  57.183 0.0000000000
72843  -46.510  -9.552  56.367 0.0000000000
71559  -47.023  -9.754  55.859 0.0000000000
71600  -47.591  -10.417  54.115 0.0000000000
70201  -46.939  -10.774  54.093 0.0000000000
70263  -46.437  -11.846  51.731 0.0000000000
70241  -47.331  -11.606  52.661 0.0000000000
70264  -47.535  -11.830  51.701 0.0000000000
68914  -48.055  -12.231  49.879 0.0000000000
68915  -48.533  -12.102  50.254 0.0000000000
76769  -49.160  -6.630  53.585 0.0000000000
76749  -49.164  -6.920  54.411 0.0000000000
75383  -49.298  -8.096  54.491 0.0000000000
74088  -49.467  -8.371  54.507 0.0000000000
74120  -51.350  -9.017  53.448 0.0000000000
71627  -51.606  -10.875  53.993 0.0000000000
71604  -51.014  -11.150  54.352 0.0000000000
71603  -50.396  -10.724  54.370 0.0000000000
70204  -50.523  -11.477  54.305 0.0000000000
68874  -50.158  -11.779  54.117 0.0000000000
68932  -49.041  -12.035  50.017 0.0000000000
70355  -50.824  -11.828  48.225 0.0000000000
70356  -51.533  -12.032  47.870 0.0000000000
70384  -51.309  -12.444  47.336 0.0000000000
70323  -52.240  -12.205  48.079 0.0000000000
70292  -53.295  -11.774  50.146 0.0000000000
67682  -53.321  -12.602  48.639 0.0000000000
68918  -53.151  -12.284  49.164 0.0000000000
68935  -53.011  -12.778  47.982 0.0000000000
68950  -52.718  -12.645  47.706 0.0000000000
72995  -51.228  -9.898  47.525 0.0000000000
72986  -51.991  -9.526  48.353 0.0000000000
72996  -52.421  -9.530  47.561 0.0000000000
74239  -54.802  -8.043  48.360 0.0000000000
74238  -53.777  -8.726  48.739 0.0000000000
74188  -54.996  -8.647  49.740 0.0000000000
72975  -55.335  -9.305  49.211 0.0000000000
75526  -55.952  -7.127  47.092 0.0000000000
75525  -55.597  -7.306  47.376 0.0000000000
74264  -55.948  -8.173  47.506 0.0000000000
70324  -54.996  -11.397  47.618 0.0000000000
70296  -54.817  -11.411  48.191 0.0000000000
49735  -19.958  -27.929  63.347 0.0000000000
49734  -18.748  -27.693  63.421 0.0000000000
49830  -19.415  -27.980  59.461 0.0000000000
49780  -18.932  -28.068  61.464 0.0000000000
49851  -19.121  -28.044  58.386 0.0000000000
49912  -19.889  -28.146  55.469 0.0000000000
49888  -19.464  -28.213  56.467 0.0000000000
49947  -19.775  -28.786  53.696 0.0000000000
47575  -23.437  -30.407  62.571 0.0000000000
48650  -22.822  -29.880  62.750 0.0000000000
48669  -23.685  -29.948  61.520 0.0000000000
48695  -23.802  -29.222  59.739 0.0000000000
49812  -23.524  -29.114  60.247 0.0000000000
49834  -23.302  -28.732  59.793 0.0000000000
49855  -22.992  -28.440  59.352 0.0000000000
47678  -24.111  -29.405  56.180 0.0000000000
48750  -23.360  -29.108  56.578 0.0000000000
48771  -22.663  -28.547  55.350 0.0000000000
48749  -22.391  -28.537  56.100 0.0000000000
49890  -21.544  -28.286  55.854 0.0000000000
49914  -21.936  -28.359  55.148 0.0000000000
46694  -24.319  -31.137  49.847 0.0000000000
47765  -23.650  -30.384  50.118 0.0000000000
41173  -33.243  -33.991  62.285 0.0000000000
41172  -32.479  -33.905  62.098 0.0000000000
43302  -31.179  -32.798  60.765 0.0000000000
43301  -30.691  -32.895  60.622 0.0000000000
43300  -29.917  -32.940  60.475 0.0000000000
44389  -29.979  -32.554  59.954 0.0000000000
47603  -31.392  -31.033  59.438 0.0000000000
46545  -31.115  -31.519  59.570 0.0000000000
46562  -29.359  -31.413  58.332 0.0000000000
45493  -29.888  -31.863  59.010 0.0000000000
45492  -29.288  -32.044  58.730 0.0000000000
44414  -29.277  -32.379  59.234 0.0000000000
44430  -28.885  -32.238  58.534 0.0000000000
44429  -28.397  -32.188  57.931 0.0000000000
45513  -28.402  -32.107  57.231 0.0000000000
45528  -28.054  -32.117  56.312 0.0000000000
46610  -27.518  -31.811  55.313 0.0000000000
46621  -27.393  -31.672  54.760 0.0000000000
48775  -30.397  -29.213  55.703 0.0000000000
48794  -30.353  -29.738  54.886 0.0000000000
48793  -29.687  -29.906  54.843 0.0000000000
47717  -28.970  -30.483  53.732 0.0000000000
46650  -28.353  -30.977  52.465 0.0000000000
47730  -28.279  -30.745  53.056 0.0000000000
46665  -27.952  -31.430  51.758 0.0000000000
59452  -42.838  -20.804  56.114 0.0000000000
60638  -43.853  -19.718  57.114 0.0000000000
57051  -43.499  -22.450  58.817 0.0000000000
58269  -42.722  -22.109  57.151 0.0000000000
58287  -42.708  -21.523  56.475 0.0000000000
70424  -47.008  -11.896  46.026 0.0000000000
69003  -48.647  -11.952  46.157 0.0000000000
41141  -29.863  -33.774  63.433 0.0000000000
41170  -30.747  -33.709  62.156 0.0000000000
62042  -38.530  -19.079  46.710 0.0000000000
67661  -42.351  -13.650  51.753 0.0000000000
68901  -42.535  -12.819  51.480 0.0000000000
70236  -42.624  -12.377  51.945 0.0000000000
47579  -39.346  -30.465  61.829 0.0000000000
46518  -39.093  -31.431  61.537 0.0000000000
46519  -39.686  -31.011  61.070 0.0000000000
49981  -39.088  -28.259  51.395 0.0000000000
48846  -38.863  -29.000  51.931 0.0000000000
49995  -38.539  -28.387  50.983 0.0000000000
49994  -37.869  -28.375  50.596 0.0000000000
50016  -37.308  -28.512  50.277 0.0000000000
50015  -36.814  -28.739  50.091 0.0000000000
51175  -36.303  -27.993  48.591 0.0000000000
58436  -39.227  -22.030  48.073 0.0000000000
57245  -38.796  -22.220  47.389 0.0000000000
74210  -50.478  -8.714  50.003 0.0000000000
74184  -51.310  -8.576  50.964 0.0000000000
72974  -51.938  -8.702  50.640 0.0000000000
74186  -53.202  -8.569  50.910 0.0000000000
75523  -52.325  -9.295  49.483 0.0000000000
74213  -53.560  -8.662  49.907 0.0000000000
48631  -21.305  -28.960  63.999 0.0000000000
46620  -25.975  -31.193  54.778 0.0000000000
46663  -26.521  -31.341  51.554 0.0000000000
46697  -27.000  -31.757  50.877 0.0000000000
48712  -33.937  -29.146  58.794 0.0000000000
48754  -32.266  -28.814  57.153 0.0000000000
59552  -40.143  -20.576  50.830 0.0000000000
60736  -40.923  -19.387  51.985 0.0000000000
60718  -41.366  -18.748  52.747 0.0000000000
61901  -43.407  -18.236  54.319 0.0000000000
65264  -42.556  -14.936  55.478 0.0000000000
51046  -42.476  -27.063  59.922 0.0000000000
52245  -42.525  -26.435  59.673 0.0000000000
52261  -42.304  -26.506  59.202 0.0000000000
52275  -41.339  -26.361  58.447 0.0000000000
54782  -40.656  -24.618  56.495 0.0000000000
52313  -39.270  -26.758  53.989 0.0000000000
53626  -39.097  -26.047  52.851 0.0000000000
57186  -40.075  -22.116  51.663 0.0000000000
58367  -39.936  -21.943  51.367 0.0000000000
58385  -39.988  -21.150  50.955 0.0000000000
44317  -24.627  -32.145  64.182 0.0000000000
44333  -25.193  -31.818  63.227 0.0000000000
44347  -25.593  -31.709  62.513 0.0000000000
44350  -27.961  -32.649  61.369 0.0000000000
44365  -27.830  -32.554  60.772 0.0000000000
45490  -27.250  -31.757  58.302 0.0000000000
45512  -27.535  -32.067  57.685 0.0000000000
44428  -27.974  -32.334  57.397 0.0000000000
63177  -40.455  -17.928  49.550 0.0000000000
63176  -40.115  -17.865  49.161 0.0000000000
63194  -40.376  -17.418  49.048 0.0000000000
65338  -42.014  -15.204  48.429 0.0000000000
65337  -41.790  -15.854  48.052 0.0000000000
65360  -41.853  -15.191  47.806 0.0000000000
70347  -43.330  -11.907  49.061 0.0000000000
70348  -43.889  -11.606  49.115 0.0000000000
43238  -35.381  -34.333  63.237 0.0000000000
42186  -34.895  -34.743  63.085 0.0000000000
42187  -35.562  -34.646  62.811 0.0000000000
42198  -36.173  -34.723  62.356 0.0000000000
42215  -36.525  -34.390  61.767 0.0000000000
44398  -37.970  -32.412  60.028 0.0000000000
44397  -37.374  -32.666  60.239 0.0000000000
45476  -37.616  -32.402  59.844 0.0000000000
45495  -36.783  -32.017  59.441 0.0000000000
46566  -36.617  -31.549  59.175 0.0000000000
47625  -36.650  -30.716  58.352 0.0000000000
48715  -36.714  -30.274  57.833 0.0000000000
48737  -40.312  -29.394  57.980 0.0000000000
47665  -39.603  -29.850  56.949 0.0000000000
47735  -37.904  -30.230  52.629 0.0000000000
47721  -38.283  -30.971  53.645 0.0000000000
47720  -37.508  -30.464  53.203 0.0000000000
48798  -36.738  -30.322  54.306 0.0000000000
48778  -36.543  -30.013  55.028 0.0000000000
48777  -36.306  -29.593  54.354 0.0000000000
45399  -32.405  -32.094  63.919 0.0000000000
46491  -32.593  -31.585  63.828 0.0000000000
49789  -35.890  -27.804  62.087 0.0000000000
49763  -36.306  -28.264  61.722 0.0000000000
50994  -36.772  -27.322  62.215 0.0000000000
53431  -41.860  -25.706  62.293 0.0000000000
64123  -44.907  -16.675  60.441 0.0000000000
64138  -45.480  -16.606  60.080 0.0000000000
65192  -45.045  -15.514  60.422 0.0000000000
66339  -45.187  -15.229  60.279 0.0000000000
66355  -45.315  -14.825  59.996 0.0000000000
70128  -43.973  -11.456  60.021 0.0000000000
68798  -43.875  -12.630  58.891 0.0000000000
67582  -43.440  -13.089  58.286 0.0000000000
68797  -43.193  -12.355  58.576 0.0000000000
70141  -42.795  -11.628  58.425 0.0000000000
71529  -42.708  -10.570  58.228 0.0000000000
76642  -44.426  -6.474  58.988 0.0000000000
75315  -44.309  -6.968  58.716 0.0000000000
74051  -43.763  -8.941  57.230 0.0000000000
72822  -43.957  -9.404  56.636 0.0000000000
72862  -44.166  -10.217  55.493 0.0000000000
72863  -44.678  -9.920  55.647 0.0000000000
72845  -47.985  -9.338  55.975 0.0000000000
71560  -47.667  -9.596  55.569 0.0000000000
71579  -48.090  -9.712  54.688 0.0000000000
72887  -48.144  -10.161  54.017 0.0000000000
70220  -48.253  -11.153  53.299 0.0000000000
76789  -48.830  -6.598  53.034 0.0000000000
75421  -49.656  -7.683  53.539 0.0000000000
74121  -52.356  -9.209  53.111 0.0000000000
72906  -51.965  -9.900  53.558 0.0000000000
70290  -50.878  -11.698  50.523 0.0000000000
73008  -52.966  -9.109  46.802 0.0000000000
74262  -54.195  -8.640  47.692 0.0000000000
72998  -55.489  -9.198  47.186 0.0000000000
50959  -17.970  -27.424  63.418 0.0000000000
47590  -24.160  -30.369  61.393 0.0000000000
48696  -24.285  -29.480  59.102 0.0000000000
48791  -24.615  -29.363  54.541 0.0000000000
49936  -23.033  -28.372  54.155 0.0000000000
49935  -22.110  -28.336  54.209 0.0000000000
49975  -21.956  -28.339  51.588 0.0000000000
48855  -22.172  -29.425  50.299 0.0000000000
47764  -22.612  -30.414  50.159 0.0000000000
43284  -33.197  -33.329  61.633 0.0000000000
42226  -32.747  -33.423  61.765 0.0000000000
43283  -32.535  -33.154  61.632 0.0000000000
44366  -32.317  -32.709  61.412 0.0000000000
47619  -30.292  -30.686  58.434 0.0000000000
47618  -29.707  -30.942  58.348 0.0000000000
46580  -28.841  -31.301  57.676 0.0000000000
46579  -28.513  -31.611  57.019 0.0000000000
46652  -30.224  -31.888  52.904 0.0000000000
46637  -29.532  -30.843  53.252 0.0000000000
59499  -41.617  -20.181  54.081 0.0000000000
60696  -41.381  -19.774  53.719 0.0000000000
59486  -42.205  -20.043  54.415 0.0000000000
59488  -43.013  -19.348  54.598 0.0000000000
60664  -43.269  -18.897  54.980 0.0000000000
61888  -43.472  -18.173  55.480 0.0000000000
54729  -43.624  -24.142  59.968 0.0000000000
53526  -42.689  -24.884  59.365 0.0000000000
54745  -42.560  -24.486  59.014 0.0000000000
55954  -42.022  -23.820  57.530 0.0000000000
55953  -41.535  -24.170  57.146 0.0000000000
55967  -40.725  -24.118  55.995 0.0000000000
56009  -40.951  -23.064  54.495 0.0000000000
57128  -41.093  -22.357  54.398 0.0000000000
57148  -41.157  -21.511  53.889 0.0000000000
58333  -41.287  -20.955  54.060 0.0000000000
67752  -49.335  -12.791  44.903 0.0000000000
42164  -26.684  -32.772  64.436 0.0000000000
43233  -26.800  -32.444  63.905 0.0000000000
42178  -27.086  -32.588  64.159 0.0000000000
43234  -27.521  -32.576  63.323 0.0000000000
43249  -27.937  -32.686  62.639 0.0000000000
41154  -29.137  -33.460  62.827 0.0000000000
43250  -28.495  -33.053  62.224 0.0000000000
43278  -28.443  -32.826  61.239 0.0000000000
65313  -42.104  -16.008  50.533 0.0000000000
68929  -43.161  -12.052  49.989 0.0000000000
44337  -37.322  -33.402  62.484 0.0000000000
44338  -37.852  -33.194  62.042 0.0000000000
44339  -37.970  -32.807  61.801 0.0000000000
43289  -38.091  -32.845  60.977 0.0000000000
45453  -38.853  -32.171  61.119 0.0000000000
44375  -38.861  -32.235  60.882 0.0000000000
44416  -38.485  -32.158  59.752 0.0000000000
45498  -38.593  -31.982  59.195 0.0000000000
49921  -39.277  -28.844  55.055 0.0000000000
48799  -39.329  -30.066  54.567 0.0000000000
47737  -39.178  -30.350  53.214 0.0000000000
47736  -38.668  -30.256  52.856 0.0000000000
47749  -38.308  -29.885  52.263 0.0000000000
48827  -37.476  -30.088  52.517 0.0000000000
48843  -36.865  -29.563  52.337 0.0000000000
48861  -36.040  -28.600  51.696 0.0000000000
50013  -35.333  -28.697  50.225 0.0000000000
50039  -35.752  -28.562  49.342 0.0000000000
56122  -39.423  -23.725  48.462 0.0000000000
54956  -39.129  -24.667  47.477 0.0000000000
56136  -38.795  -24.102  47.044 0.0000000000
54965  -38.615  -24.558  46.360 0.0000000000
56135  -38.390  -23.521  46.398 0.0000000000
75316  -45.470  -6.689  58.142 0.0000000000
75334  -45.412  -7.169  58.051 0.0000000000
74053  -45.813  -8.685  57.407 0.0000000000
74036  -46.540  -8.045  57.498 0.0000000000
72809  -47.199  -8.548  57.119 0.0000000000
76689  -47.020  -6.245  56.856 0.0000000000
76691  -47.276  -7.673  56.859 0.0000000000
74055  -47.810  -9.264  56.555 0.0000000000
74072  -48.158  -8.792  56.179 0.0000000000
72846  -48.552  -9.240  55.514 0.0000000000
72847  -48.757  -9.041  55.598 0.0000000000
75485  -48.719  -7.503  50.897 0.0000000000
74159  -49.786  -7.805  51.863 0.0000000000
74138  -52.109  -8.737  52.616 0.0000000000
74122  -52.726  -9.302  52.924 0.0000000000
71647  -52.814  -10.210  52.769 0.0000000000
72939  -54.088  -9.584  51.428 0.0000000000
71663  -54.294  -10.146  51.034 0.0000000000
71679  -54.103  -10.778  50.814 0.0000000000
74307  -53.995  -7.893  45.905 0.0000000000
74286  -54.590  -7.667  46.543 0.0000000000
75560  -54.940  -6.968  46.288 0.0000000000
75541  -56.056  -6.905  46.520 0.0000000000
49756  -20.453  -28.293  62.576 0.0000000000
49736  -20.860  -28.459  63.353 0.0000000000
47617  -25.314  -30.415  58.043 0.0000000000
47636  -24.621  -29.784  57.504 0.0000000000
47679  -24.754  -29.671  55.525 0.0000000000
47697  -25.244  -29.908  54.859 0.0000000000
48808  -24.567  -28.980  53.236 0.0000000000
48858  -24.586  -29.700  50.915 0.0000000000
46695  -25.364  -31.033  50.197 0.0000000000
46547  -32.675  -31.432  60.292 0.0000000000
47604  -32.096  -30.811  59.667 0.0000000000
47620  -31.403  -30.291  58.741 0.0000000000
48710  -32.138  -29.827  58.648 0.0000000000
47640  -30.586  -30.095  57.909 0.0000000000
48751  -29.780  -29.532  56.549 0.0000000000
59610  -39.106  -21.091  48.262 0.0000000000
62002  -40.507  -18.814  50.173 0.0000000000
61943  -42.246  -18.099  53.081 0.0000000000
61922  -42.893  -18.395  53.394 0.0000000000
61944  -42.986  -17.964  52.977 0.0000000000
63138  -42.417  -17.331  52.186 0.0000000000
64238  -43.181  -16.478  51.717 0.0000000000
65305  -43.730  -15.991  51.897 0.0000000000
65295  -43.100  -15.312  52.703 0.0000000000
65284  -43.314  -16.019  53.373 0.0000000000
66458  -42.340  -14.544  53.118 0.0000000000
67642  -41.722  -13.785  53.510 0.0000000000
68855  -41.556  -13.020  54.224 0.0000000000
48675  -41.167  -29.173  60.741 0.0000000000
48698  -40.846  -28.929  59.712 0.0000000000
49839  -40.943  -28.479  59.398 0.0000000000
51044  -41.725  -27.785  59.408 0.0000000000
49857  -41.323  -28.046  59.300 0.0000000000
49856  -40.673  -28.368  58.732 0.0000000000
49876  -40.331  -28.522  57.676 0.0000000000
49898  -39.968  -28.596  56.821 0.0000000000
53549  -41.698  -25.681  58.309 0.0000000000
52274  -40.541  -26.373  58.007 0.0000000000
53572  -40.340  -25.471  57.111 0.0000000000
51076  -39.735  -27.733  56.403 0.0000000000
51148  -38.919  -27.749  50.426 0.0000000000
51159  -38.660  -27.320  49.669 0.0000000000
51177  -38.059  -26.880  48.920 0.0000000000
53691  -39.416  -25.447  48.810 0.0000000000
54934  -39.514  -24.549  49.099 0.0000000000
54867  -39.713  -23.960  52.405 0.0000000000
56051  -39.584  -23.461  52.005 0.0000000000
57167  -39.861  -22.954  52.133 0.0000000000
57236  -39.435  -22.801  48.668 0.0000000000
71715  -50.538  -9.967  48.038 0.0000000000
71724  -49.987  -9.777  47.420 0.0000000000
73005  -49.974  -9.437  46.424 0.0000000000
73006  -50.889  -9.596  46.539 0.0000000000
73018  -50.537  -9.008  46.017 0.0000000000
73019  -51.463  -9.132  46.006 0.0000000000
74305  -51.976  -8.500  45.629 0.0000000000
75582  -52.381  -7.819  45.288 0.0000000000
75603  -52.616  -7.510  44.569 0.0000000000
76924  -51.532  -7.113  44.470 0.0000000000
47546  -22.958  -30.448  63.862 0.0000000000
46490  -23.624  -30.958  63.481 0.0000000000
46499  -23.899  -30.879  62.921 0.0000000000
46515  -23.871  -30.674  62.587 0.0000000000
46516  -24.221  -30.926  62.575 0.0000000000
46529  -24.390  -30.824  61.980 0.0000000000
46530  -24.693  -30.835  61.279 0.0000000000
46542  -24.948  -30.702  60.423 0.0000000000
46543  -25.523  -30.847  59.771 0.0000000000
43247  -26.294  -32.263  63.509 0.0000000000
44334  -26.173  -32.013  62.861 0.0000000000
44364  -26.959  -32.370  61.030 0.0000000000
44363  -26.455  -32.033  61.151 0.0000000000
45448  -25.822  -31.612  61.329 0.0000000000
46594  -26.344  -31.645  56.343 0.0000000000
45553  -26.345  -31.644  55.180 0.0000000000
49893  -33.080  -28.266  56.064 0.0000000000
60800  -38.839  -19.725  47.631 0.0000000000
62028  -38.746  -19.102  47.295 0.0000000000
64310  -38.629  -17.951  46.151 0.0000000000
64297  -40.327  -16.407  47.907 0.0000000000
70375  -43.264  -11.862  48.666 0.0000000000
70401  -46.104  -11.727  46.810 0.0000000000
70379  -46.906  -11.548  47.682 0.0000000000
41144  -32.415  -34.856  63.563 0.0000000000
40141  -32.499  -34.403  62.636 0.0000000000
40142  -33.058  -34.659  62.911 0.0000000000
42213  -34.262  -34.126  62.199 0.0000000000
44368  -33.967  -33.088  61.309 0.0000000000
42200  -37.447  -34.083  61.835 0.0000000000
42216  -37.178  -34.170  61.739 0.0000000000
43285  -36.277  -33.755  61.239 0.0000000000
44371  -37.016  -33.205  60.669 0.0000000000
45452  -35.434  -32.773  60.871 0.0000000000
45451  -34.972  -32.560  60.935 0.0000000000
45472  -34.380  -32.235  60.781 0.0000000000
47606  -34.246  -30.681  59.957 0.0000000000
47623  -34.658  -30.095  59.192 0.0000000000
49873  -34.874  -28.297  56.909 0.0000000000
47582  -40.810  -29.692  60.392 0.0000000000
47592  -40.360  -30.355  60.090 0.0000000000
47626  -40.271  -30.117  58.291 0.0000000000
46570  -39.805  -31.018  58.365 0.0000000000
47685  -38.645  -31.183  55.610 0.0000000000
46640  -38.576  -31.770  54.284 0.0000000000
46626  -38.573  -32.239  54.889 0.0000000000
46597  -38.180  -31.147  56.981 0.0000000000
46596  -37.955  -31.230  57.193 0.0000000000
48736  -36.688  -29.704  57.229 0.0000000000
49875  -36.281  -29.036  57.167 0.0000000000
49874  -35.798  -28.660  57.008 0.0000000000
49894  -34.229  -28.254  55.923 0.0000000000
53734  -38.800  -25.062  46.661 0.0000000000
59420  -44.993  -19.816  59.001 0.0000000000
50873  -19.411  -27.684  66.366 0.0000000000
49677  -19.743  -28.085  66.203 0.0000000000
49678  -20.277  -28.591  65.881 0.0000000000
48598  -20.883  -29.073  65.591 0.0000000000
48599  -21.444  -29.621  65.388 0.0000000000
47516  -22.097  -30.122  65.157 0.0000000000
47502  -22.265  -30.861  66.025 0.0000000000
46483  -23.797  -31.464  64.933 0.0000000000
45364  -24.150  -31.851  65.155 0.0000000000
44303  -24.567  -32.327  64.814 0.0000000000
43215  -25.168  -32.930  64.913 0.0000000000
43216  -25.680  -32.985  64.583 0.0000000000
43199  -25.636  -33.303  65.047 0.0000000000
42149  -26.077  -33.157  64.641 0.0000000000
41115  -27.889  -33.503  64.533 0.0000000000
41126  -29.691  -33.799  64.163 0.0000000000
41127  -30.300  -34.212  64.054 0.0000000000
42182  -31.331  -34.950  64.014 0.0000000000
43218  -31.232  -34.270  64.671 0.0000000000
41129  -32.040  -34.921  64.189 0.0000000000
42183  -32.959  -34.658  63.757 0.0000000000
43235  -33.416  -34.433  63.893 0.0000000000
43222  -34.079  -34.072  63.931 0.0000000000
45400  -32.985  -32.519  63.975 0.0000000000
44321  -34.315  -33.481  63.786 0.0000000000
45403  -35.393  -33.188  63.281 0.0000000000
45418  -35.781  -32.617  63.011 0.0000000000
46503  -36.275  -31.554  62.533 0.0000000000
46504  -37.310  -31.552  62.343 0.0000000000
47563  -38.640  -30.497  61.902 0.0000000000
48654  -38.158  -29.597  61.588 0.0000000000
48655  -39.167  -29.668  61.765 0.0000000000
48672  -39.575  -29.947  61.913 0.0000000000
48656  -39.942  -29.592  61.893 0.0000000000
48657  -40.560  -29.321  61.747 0.0000000000
50997  -39.673  -27.564  62.126 0.0000000000
49793  -40.963  -28.505  61.621 0.0000000000
49795  -41.986  -27.679  60.990 0.0000000000
52232  -42.377  -26.755  60.917 0.0000000000
52203  -41.923  -26.004  61.947 0.0000000000
52218  -42.607  -26.037  61.271 0.0000000000
52233  -42.621  -26.331  60.788 0.0000000000
53478  -43.042  -25.530  60.645 0.0000000000
53479  -43.574  -24.650  60.688 0.0000000000
54714  -43.730  -24.266  61.320 0.0000000000
54713  -43.986  -23.957  61.131 0.0000000000
54730  -44.019  -23.986  60.462 0.0000000000
55928  -44.383  -23.294  60.035 0.0000000000
57027  -44.712  -22.235  59.810 0.0000000000
60625  -45.296  -18.972  58.556 0.0000000000
60640  -45.290  -18.475  57.905 0.0000000000
63010  -46.143  -17.034  59.311 0.0000000000
63025  -45.759  -17.197  58.623 0.0000000000
61863  -45.346  -17.726  57.746 0.0000000000
61876  -45.027  -17.221  57.246 0.0000000000
63059  -44.899  -16.612  57.204 0.0000000000
64192  -44.476  -16.231  56.596 0.0000000000
66354  -44.910  -14.344  60.348 0.0000000000
67544  -44.962  -13.861  59.954 0.0000000000
68780  -44.695  -12.937  59.792 0.0000000000
67563  -44.929  -13.629  59.259 0.0000000000
67564  -45.209  -14.188  59.251 0.0000000000
66393  -45.166  -14.576  58.503 0.0000000000
66420  -44.644  -15.307  57.505 0.0000000000
65255  -44.059  -15.493  56.575 0.0000000000
65254  -43.629  -15.294  56.396 0.0000000000
66431  -43.002  -14.998  56.295 0.0000000000
66430  -42.501  -14.357  56.068 0.0000000000
67600  -43.085  -13.666  57.646 0.0000000000
67617  -42.546  -13.426  56.939 0.0000000000
66429  -42.226  -14.001  55.650 0.0000000000
67625  -42.116  -13.629  55.565 0.0000000000
67634  -41.936  -12.932  55.420 0.0000000000
68856  -42.036  -12.345  54.689 0.0000000000
71544  -42.602  -10.569  57.143 0.0000000000
68857  -42.596  -11.929  54.446 0.0000000000
70215  -43.069  -11.965  53.511 0.0000000000
71596  -44.114  -10.706  54.625 0.0000000000
72824  -46.038  -9.286  57.006 0.0000000000
72865  -46.045  -9.529  56.028 0.0000000000
71577  -46.357  -9.843  55.471 0.0000000000
71599  -46.752  -10.432  54.575 0.0000000000
70218  -45.838  -11.166  53.377 0.0000000000
70262  -45.403  -11.611  51.705 0.0000000000
70318  -47.577  -12.043  49.441 0.0000000000
68948  -48.007  -12.092  49.249 0.0000000000
68949  -48.352  -12.067  49.086 0.0000000000
75385  -48.902  -8.569  55.312 0.0000000000
74090  -49.045  -8.859  55.348 0.0000000000
72868  -49.217  -9.632  55.094 0.0000000000
74104  -50.134  -8.714  54.154 0.0000000000
74105  -50.827  -9.394  53.891 0.0000000000
72889  -49.902  -9.756  54.611 0.0000000000
70202  -49.840  -11.289  54.110 0.0000000000
70243  -49.482  -11.522  52.760 0.0000000000
70244  -50.432  -11.712  52.861 0.0000000000
70266  -49.650  -11.678  51.828 0.0000000000
70288  -48.882  -11.834  50.932 0.0000000000
68916  -49.032  -11.923  50.482 0.0000000000
70319  -48.858  -12.087  49.383 0.0000000000
70381  -49.027  -11.759  47.637 0.0000000000
70382  -49.928  -12.084  47.490 0.0000000000
68975  -50.268  -12.242  47.105 0.0000000000
68976  -50.658  -12.451  46.917 0.0000000000
68977  -51.335  -12.720  46.806 0.0000000000
68978  -52.248  -12.865  46.936 0.0000000000
75524  -55.195  -7.550  47.687 0.0000000000
72988  -55.518  -9.064  48.174 0.0000000000
71682  -54.924  -10.875  48.608 0.0000000000
70295  -54.741  -11.053  48.993 0.0000000000
68921  -54.590  -12.065  48.399 0.0000000000
49714  -18.964  -27.398  63.862 0.0000000000
49754  -18.147  -27.938  62.499 0.0000000000
49887  -18.427  -28.547  56.440 0.0000000000
49911  -18.944  -28.575  55.641 0.0000000000
48633  -22.628  -29.955  63.394 0.0000000000
49783  -22.576  -28.886  61.615 0.0000000000
48683  -23.393  -29.470  61.301 0.0000000000
49784  -23.081  -29.210  61.445 0.0000000000
49833  -22.625  -28.385  59.948 0.0000000000
49854  -22.474  -28.147  59.024 0.0000000000
49870  -22.133  -28.089  58.232 0.0000000000
48728  -24.175  -29.421  57.600 0.0000000000
48727  -23.689  -29.187  57.519 0.0000000000
48748  -21.630  -28.297  56.297 0.0000000000
49913  -20.930  -28.202  55.286 0.0000000000
49948  -20.545  -28.423  53.588 0.0000000000
48857  -23.943  -29.570  50.649 0.0000000000
40152  -31.992  -33.996  62.046 0.0000000000
41171  -31.647  -33.954  62.132 0.0000000000
42210  -31.262  -33.566  61.802 0.0000000000
42225  -32.251  -33.400  61.752 0.0000000000
42224  -31.490  -33.325  61.583 0.0000000000
43265  -30.303  -33.403  61.263 0.0000000000
43280  -29.802  -33.267  60.897 0.0000000000
45470  -32.160  -31.979  60.628 0.0000000000
45494  -30.570  -31.741  59.321 0.0000000000
45468  -30.357  -32.232  59.643 0.0000000000
44444  -27.960  -32.382  56.829 0.0000000000
45541  -27.324  -32.028  55.431 0.0000000000
45555  -27.020  -31.901  54.351 0.0000000000
45570  -26.908  -31.649  53.526 0.0000000000
49892  -32.173  -28.637  56.270 0.0000000000
48752  -30.670  -29.300  56.630 0.0000000000
47682  -29.172  -30.036  55.318 0.0000000000
47716  -28.280  -30.707  53.633 0.0000000000
46622  -27.750  -31.128  54.246 0.0000000000
45584  -27.001  -31.596  52.906 0.0000000000
46664  -27.193  -31.580  51.775 0.0000000000
40126  -31.357  -34.395  62.785 0.0000000000
40128  -32.362  -34.643  63.105 0.0000000000
40129  -32.724  -34.688  63.160 0.0000000000
40139  -31.438  -34.242  62.536 0.0000000000
40140  -31.871  -34.249  62.438 0.0000000000
40153  -32.378  -34.132  62.285 0.0000000000
41128  -31.822  -35.069  63.872 0.0000000000
41145  -33.141  -34.728  63.140 0.0000000000
41146  -33.671  -34.765  63.186 0.0000000000
41159  -33.168  -34.416  62.636 0.0000000000
42150  -26.475  -33.154  64.831 0.0000000000
42163  -26.059  -32.988  64.436 0.0000000000
42168  -31.626  -34.716  64.344 0.0000000000
42169  -32.224  -34.595  64.216 0.0000000000
42179  -27.604  -32.851  63.874 0.0000000000
42180  -28.294  -33.101  63.402 0.0000000000
42181  -31.034  -34.808  63.798 0.0000000000
42185  -34.136  -34.715  63.274 0.0000000000
42193  -28.044  -32.817  63.221 0.0000000000
42207  -28.942  -33.358  62.231 0.0000000000
42208  -29.601  -33.487  62.025 0.0000000000
42223  -30.865  -33.350  61.469 0.0000000000
42227  -36.911  -34.082  61.565 0.0000000000
42228  -37.052  -34.088  61.455 0.0000000000
42229  -37.344  -33.840  61.221 0.0000000000
43221  -33.556  -34.082  64.059 0.0000000000
43252  -37.510  -33.981  62.118 0.0000000000
43254  -38.044  -32.754  61.639 0.0000000000
43269  -36.527  -34.043  61.460 0.0000000000
43271  -37.953  -32.927  61.164 0.0000000000
43288  -37.721  -33.232  61.108 0.0000000000
44308  -33.770  -33.691  64.044 0.0000000000
44320  -33.655  -33.152  64.003 0.0000000000
44322  -35.103  -33.663  63.505 0.0000000000
44353  -35.957  -33.636  61.211 0.0000000000
44354  -38.298  -32.652  61.342 0.0000000000
44369  -35.023  -32.900  61.221 0.0000000000
44372  -37.609  -32.932  60.700 0.0000000000
44374  -38.529  -32.564  60.900 0.0000000000
44396  -36.744  -32.787  60.262 0.0000000000
44400  -38.870  -32.189  60.591 0.0000000000
44415  -38.250  -32.177  59.571 0.0000000000
45397  -24.068  -31.305  63.229 0.0000000000
45417  -35.193  -32.200  63.080 0.0000000000
45430  -24.617  -31.145  62.244 0.0000000000
45431  -25.133  -31.454  62.225 0.0000000000
45539  -26.360  -31.653  55.604 0.0000000000
45543  -39.113  -32.373  55.314 0.0000000000
45544  -39.267  -32.335  55.094 0.0000000000
45545  -39.309  -32.179  54.751 0.0000000000
45559  -38.992  -32.575  55.173 0.0000000000
45560  -39.110  -32.388  54.811 0.0000000000
46451  -23.362  -31.648  65.870 0.0000000000
46500  -24.198  -31.094  62.780 0.0000000000
46612  -38.790  -32.126  55.425 0.0000000000
46613  -39.150  -31.922  55.383 0.0000000000
46614  -39.417  -31.811  54.945 0.0000000000
46627  -38.994  -32.123  54.421 0.0000000000
46628  -39.326  -31.750  54.334 0.0000000000
46642  -39.209  -31.348  53.908 0.0000000000
47564  -40.353  -29.876  61.848 0.0000000000
47578  -36.563  -30.124  61.658 0.0000000000
47609  -40.595  -29.434  59.521 0.0000000000
47635  -24.154  -29.438  57.351 0.0000000000
47644  -38.653  -30.903  57.397 0.0000000000
47734  -37.486  -30.238  52.746 0.0000000000
48585  -21.169  -29.679  65.923 0.0000000000
48670  -36.330  -29.741  61.621 0.0000000000
48671  -36.495  -29.915  61.594 0.0000000000
48673  -39.778  -30.139  61.909 0.0000000000
48792  -25.221  -29.826  54.400 0.0000000000
48810  -36.728  -29.913  53.150 0.0000000000
48838  -24.870  -29.581  51.523 0.0000000000
49733  -18.184  -27.721  63.092 0.0000000000
49761  -34.782  -28.898  62.769 0.0000000000
49788  -35.804  -27.683  62.370 0.0000000000
49791  -38.593  -28.000  61.641 0.0000000000
49819  -42.391  -27.263  60.277 0.0000000000
49980  -38.694  -28.733  51.498 0.0000000000
49989  -22.017  -28.625  50.794 0.0000000000
50936  -18.969  -27.128  64.589 0.0000000000
50960  -18.417  -27.412  63.606 0.0000000000
51010  -36.122  -27.523  62.253 0.0000000000
51011  -36.251  -27.666  61.995 0.0000000000
51012  -38.565  -27.563  61.989 0.0000000000
51013  -39.025  -27.783  61.962 0.0000000000
51016  -41.768  -27.328  61.301 0.0000000000
51017  -42.184  -27.173  60.945 0.0000000000
51030  -42.379  -27.021  60.554 0.0000000000
51031  -42.516  -26.909  60.234 0.0000000000
51045  -42.114  -27.311  59.514 0.0000000000
52216  -41.649  -26.767  61.597 0.0000000000
52260  -41.879  -26.469  58.742 0.0000000000
52332  -39.173  -26.263  52.752 0.0000000000
52351  -39.246  -26.269  52.516 0.0000000000
53408  -41.506  -25.463  62.711 0.0000000000
53432  -42.338  -25.657  62.005 0.0000000000
53434  -43.228  -25.070  61.672 0.0000000000
53454  -42.594  -25.806  61.574 0.0000000000
53653  -39.161  -26.058  52.611 0.0000000000
54746  -43.041  -24.271  59.579 0.0000000000
57094  -41.672  -22.890  56.186 0.0000000000
58238  -44.639  -21.778  59.424 0.0000000000
60699  -43.087  -18.593  53.603 0.0000000000
61851  -45.619  -18.045  58.528 0.0000000000
62995  -46.485  -17.187  59.978 0.0000000000
62996  -47.053  -17.171  59.916 0.0000000000
63011  -46.847  -17.223  59.377 0.0000000000
63026  -46.243  -16.783  58.989 0.0000000000
63027  -46.940  -16.979  58.946 0.0000000000
63042  -45.315  -16.872  57.876 0.0000000000
63057  -44.342  -17.586  56.455 0.0000000000
63119  -43.059  -17.518  52.598 0.0000000000
64140  -47.034  -16.590  60.057 0.0000000000
64141  -47.241  -16.998  59.642 0.0000000000
64156  -45.831  -16.242  59.186 0.0000000000
64157  -46.647  -16.281  59.449 0.0000000000
64158  -47.052  -17.217  59.078 0.0000000000
64172  -47.056  -16.733  58.844 0.0000000000
64193  -44.806  -16.151  57.215 0.0000000000
65208  -45.109  -16.043  60.344 0.0000000000
65209  -45.419  -15.739  60.043 0.0000000000
65210  -47.325  -16.256  60.056 0.0000000000
65211  -47.406  -16.510  59.967 0.0000000000
65226  -47.269  -16.082  59.760 0.0000000000
65227  -47.362  -16.748  59.245 0.0000000000
65235  -45.551  -15.483  58.870 0.0000000000
65236  -46.987  -15.905  58.916 0.0000000000
65237  -47.252  -16.373  58.951 0.0000000000
65256  -44.715  -15.632  57.347 0.0000000000
66356  -47.561  -16.001  59.867 0.0000000000
66357  -47.704  -16.151  60.061 0.0000000000
66376  -47.579  -16.030  59.404 0.0000000000
66377  -47.492  -16.166  59.200 0.0000000000
66394  -47.309  -16.194  58.921 0.0000000000
66395  -47.463  -16.120  58.968 0.0000000000
66405  -43.165  -14.035  57.428 0.0000000000
66407  -44.390  -14.405  57.889 0.0000000000
66408  -44.812  -15.082  57.760 0.0000000000
66418  -43.496  -14.907  56.817 0.0000000000
66448  -41.726  -14.073  54.783 0.0000000000
67545  -45.256  -14.410  59.622 0.0000000000
67601  -43.833  -13.768  58.025 0.0000000000
67641  -41.536  -13.691  54.226 0.0000000000
67695  -52.944  -12.769  47.544 0.0000000000
67713  -52.896  -12.792  47.299 0.0000000000
68858  -49.940  -11.580  54.146 0.0000000000
68859  -50.010  -11.698  54.314 0.0000000000
68860  -50.215  -11.633  54.258 0.0000000000
68873  -49.927  -11.677  53.958 0.0000000000
68875  -50.383  -11.751  54.206 0.0000000000
68930  -47.999  -12.167  49.540 0.0000000000
68933  -52.474  -12.101  48.834 0.0000000000
68951  -52.983  -12.779  47.751 0.0000000000
70184  -43.074  -11.020  55.076 0.0000000000
70357  -52.000  -12.351  47.465 0.0000000000
71626  -51.003  -10.564  54.234 0.0000000000
71700  -54.934  -10.981  48.307 0.0000000000
71716  -50.952  -10.067  47.963 0.0000000000
71725  -50.444  -9.912  47.596 0.0000000000
72808  -46.870  -8.559  57.313 0.0000000000
72810  -47.380  -8.493  56.921 0.0000000000
72826  -47.314  -8.889  57.030 0.0000000000
72827  -47.444  -9.040  56.773 0.0000000000
72839  -43.255  -10.190  56.195 0.0000000000
72840  -43.848  -9.960  56.002 0.0000000000
72864  -45.487  -9.647  55.842 0.0000000000
72866  -47.862  -9.990  54.318 0.0000000000
72867  -48.258  -10.018  54.192 0.0000000000
72869  -48.978  -9.107  55.392 0.0000000000
72919  -52.893  -9.518  52.817 0.0000000000
72920  -53.251  -9.632  52.513 0.0000000000
72956  -51.793  -8.605  50.870 0.0000000000
72973  -51.657  -8.673  50.682 0.0000000000
72985  -51.076  -9.778  48.421 0.0000000000
72994  -50.283  -9.809  47.078 0.0000000000
74035  -45.958  -7.974  57.768 0.0000000000
74037  -46.975  -8.184  57.285 0.0000000000
74038  -47.257  -8.314  57.015 0.0000000000
74039  -47.375  -7.902  57.136 0.0000000000
74056  -47.589  -8.445  56.723 0.0000000000
74057  -47.431  -8.284  56.818 0.0000000000
74069  -45.213  -9.072  56.710 0.0000000000
74071  -47.837  -9.184  56.392 0.0000000000
74073  -48.599  -8.801  55.699 0.0000000000
74074  -48.842  -8.847  55.520 0.0000000000
74211  -51.547  -8.848  50.311 0.0000000000
74212  -52.422  -8.839  50.222 0.0000000000
74241  -55.906  -7.526  47.407 0.0000000000
74284  -53.157  -8.738  46.403 0.0000000000
75332  -44.019  -7.405  58.500 0.0000000000
75336  -46.749  -7.670  57.296 0.0000000000
75337  -47.086  -7.913  57.155 0.0000000000
75338  -47.242  -7.925  56.850 0.0000000000
75351  -47.572  -7.650  56.574 0.0000000000
75352  -47.445  -8.016  56.781 0.0000000000
75402  -49.450  -8.164  54.373 0.0000000000
75403  -49.416  -7.974  54.226 0.0000000000
75522  -52.020  -9.304  49.455 0.0000000000
75540  -55.577  -6.879  46.823 0.0000000000
76667  -44.776  -6.844  58.686 0.0000000000
76670  -46.702  -7.028  57.132 0.0000000000
76672  -47.142  -7.778  57.035 0.0000000000
76690  -47.220  -7.132  56.754 0.0000000000
