#!ascii label  , from subject sub.01.bl.02 vox2ras=TkReg
1214
53460  -5.737  -24.638  60.487 0.0000000000
59495  -31.574  -19.672  53.629 0.0000000000
65301  -30.083  -16.220  52.100 0.0000000000
60659  -23.841  -19.165  55.915 0.0000000000
78130  -34.656  -5.371  42.560 0.0000000000
73001  -28.403  -8.323  46.176 0.0000000000
57069  -31.488  -20.538  57.991 0.0000000000
58313  -28.191  -21.514  54.465 0.0000000000
80256  -38.439  -3.296  45.519 0.0000000000
83820  -41.737  -0.532  43.466 0.0000000000
86252  -44.490  1.727  42.520 0.0000000000
72854  -28.161  -10.055  55.243 0.0000000000
68925  -27.823  -12.462  49.282 0.0000000000
76777  -28.832  -6.630  52.053 0.0000000000
76823  -33.033  -6.165  50.275 0.0000000000
59475  -16.863  -18.806  54.052 0.0000000000
49728  -3.106  -27.316  62.750 0.0000000000
64226  -33.188  -16.904  53.840 0.0000000000
68826  -30.686  -12.950  57.549 0.0000000000
63149  -20.231  -16.822  50.528 0.0000000000
60768  -26.636  -18.771  48.939 0.0000000000
86327  -43.112  1.679  35.781 0.0000000000
90707  -45.228  5.564  40.686 0.0000000000
74315  -31.757  -6.501  44.492 0.0000000000
76853  -36.013  -5.756  47.497 0.0000000000
53555  -8.313  -23.766  56.241 0.0000000000
44379  -2.235  -32.680  59.168 0.0000000000
81407  -40.331  -1.916  44.505 0.0000000000
75392  -27.995  -7.734  53.973 0.0000000000
57155  -16.763  -21.855  52.376 0.0000000000
50977  -3.744  -25.959  61.820 0.0000000000
60750  -33.418  -19.702  51.208 0.0000000000
60692  -32.640  -18.679  53.947 0.0000000000
61913  -22.493  -17.955  53.610 0.0000000000
63153  -23.981  -17.519  49.852 0.0000000000
60710  -25.012  -18.630  52.794 0.0000000000
57125  -30.813  -21.439  53.774 0.0000000000
58360  -29.099  -20.513  51.382 0.0000000000
58363  -31.416  -20.928  50.853 0.0000000000
60645  -22.396  -17.528  57.513 0.0000000000
63083  -20.424  -16.913  54.557 0.0000000000
82621  -38.913  -1.542  39.689 0.0000000000
86325  -41.545  1.370  36.908 0.0000000000
88533  -44.559  3.699  41.726 0.0000000000
71721  -27.557  -9.898  47.609 0.0000000000
75590  -30.434  -7.084  45.361 0.0000000000
76845  -35.184  -6.074  48.654 0.0000000000
55977  -14.212  -22.399  55.363 0.0000000000
54771  -11.636  -21.869  56.350 0.0000000000
54733  -9.503  -22.279  58.209 0.0000000000
54787  -9.686  -23.017  54.727 0.0000000000
45481  -3.506  -31.975  58.003 0.0000000000
59465  -32.306  -20.190  55.857 0.0000000000
60650  -34.021  -19.049  56.153 0.0000000000
61846  -32.475  -18.530  58.835 0.0000000000
59413  -25.972  -19.471  58.713 0.0000000000
58310  -26.840  -19.338  55.084 0.0000000000
57063  -28.173  -20.117  57.766 0.0000000000
58264  -30.435  -20.385  57.119 0.0000000000
79197  -36.810  -4.627  44.146 0.0000000000
80288  -37.739  -2.858  42.440 0.0000000000
81443  -39.615  -1.449  42.211 0.0000000000
85040  -40.815  0.268  41.045 0.0000000000
86285  -41.960  1.608  40.208 0.0000000000
138923  -43.212  0.704  42.846 0.0000000000
68880  -28.896  -12.850  53.963 0.0000000000
66468  -28.184  -14.327  50.616 0.0000000000
70226  -28.099  -11.043  52.703 0.0000000000
72949  -27.311  -9.010  51.203 0.0000000000
75492  -28.871  -6.954  49.637 0.0000000000
74221  -30.534  -6.644  48.504 0.0000000000
76800  -31.132  -5.781  51.489 0.0000000000
58276  -16.486  -19.880  56.059 0.0000000000
55999  -15.321  -22.183  54.126 0.0000000000
89676  -46.353  5.180  35.744 0.0000000000
49706  -1.931  -27.066  63.534 0.0000000000
63156  -33.174  -18.349  50.668 0.0000000000
64224  -31.753  -16.950  52.803 0.0000000000
63071  -33.623  -17.386  55.470 0.0000000000
66435  -31.815  -15.541  54.816 0.0000000000
67636  -29.742  -14.252  54.783 0.0000000000
71552  -29.528  -11.687  56.780 0.0000000000
59505  -27.655  -19.842  51.875 0.0000000000
63066  -18.004  -16.515  55.866 0.0000000000
63127  -18.280  -16.993  52.258 0.0000000000
87427  -42.667  2.901  38.799 0.0000000000
89668  -43.788  4.526  37.920 0.0000000000
89674  -45.013  4.715  36.494 0.0000000000
91864  -46.390  6.774  39.235 0.0000000000
52277  -5.207  -26.526  56.295 0.0000000000
49844  -3.774  -28.149  58.068 0.0000000000
75613  -33.701  -6.379  43.468 0.0000000000
74249  -32.912  -6.927  47.533 0.0000000000
74273  -34.701  -7.044  46.595 0.0000000000
75597  -35.779  -6.000  45.132 0.0000000000
79162  -37.555  -4.674  46.951 0.0000000000
53506  -7.314  -24.561  58.484 0.0000000000
48677  -3.481  -28.984  59.886 0.0000000000
46510  -2.514  -29.789  60.100 0.0000000000
47566  -1.430  -29.432  61.021 0.0000000000
53438  -5.007  -25.252  61.144 0.0000000000
59506  -32.067  -20.121  52.440 0.0000000000
59507  -32.457  -19.748  52.215 0.0000000000
60691  -32.331  -18.953  54.128 0.0000000000
61898  -23.233  -18.608  54.078 0.0000000000
61914  -23.576  -18.245  53.317 0.0000000000
60687  -23.965  -18.891  54.059 0.0000000000
59494  -31.218  -20.006  54.166 0.0000000000
58327  -30.773  -21.502  53.180 0.0000000000
58329  -31.608  -20.524  52.592 0.0000000000
58364  -32.123  -20.774  50.694 0.0000000000
59425  -24.368  -17.934  57.894 0.0000000000
60618  -23.755  -18.115  58.606 0.0000000000
60658  -22.960  -18.616  56.129 0.0000000000
61884  -22.307  -18.395  55.517 0.0000000000
83904  -40.761  -0.150  36.818 0.0000000000
64243  -30.814  -16.604  51.001 0.0000000000
64242  -30.313  -16.421  50.683 0.0000000000
73000  -27.829  -8.744  46.900 0.0000000000
71737  -27.939  -10.160  45.517 0.0000000000
74290  -29.033  -7.700  45.945 0.0000000000
55996  -12.745  -22.816  54.619 0.0000000000
55976  -13.086  -22.446  55.542 0.0000000000
54808  -12.132  -22.640  55.053 0.0000000000
54770  -11.040  -22.277  56.119 0.0000000000
55994  -11.419  -22.786  54.138 0.0000000000
57090  -31.888  -20.545  57.212 0.0000000000
59448  -33.005  -20.138  56.853 0.0000000000
59416  -32.013  -19.538  58.554 0.0000000000
58247  -26.766  -20.063  58.926 0.0000000000
58261  -27.319  -19.600  57.773 0.0000000000
57041  -28.024  -20.386  58.616 0.0000000000
57021  -30.253  -20.644  59.226 0.0000000000
57044  -29.864  -20.704  58.330 0.0000000000
57088  -30.936  -20.778  57.336 0.0000000000
59445  -31.032  -20.062  56.162 0.0000000000
79189  -37.289  -4.624  44.850 0.0000000000
79198  -37.277  -3.961  43.859 0.0000000000
80269  -37.951  -3.638  44.640 0.0000000000
82582  -40.825  -1.498  44.161 0.0000000000
81417  -39.487  -1.951  43.409 0.0000000000
81431  -40.615  -1.084  42.871 0.0000000000
82594  -40.086  -0.681  41.716 0.0000000000
81445  -41.255  -0.434  42.223 0.0000000000
85041  -42.018  -0.088  42.111 0.0000000000
138917  -42.128  -0.173  42.701 0.0000000000
70211  -28.852  -11.259  53.866 0.0000000000
70227  -28.442  -11.490  53.045 0.0000000000
71615  -28.376  -10.620  53.558 0.0000000000
76737  -28.712  -6.640  54.003 0.0000000000
74129  -27.772  -8.260  52.546 0.0000000000
75427  -28.391  -7.173  51.958 0.0000000000
74195  -27.665  -7.988  49.823 0.0000000000
75447  -29.264  -6.771  51.112 0.0000000000
75475  -29.995  -6.899  50.342 0.0000000000
76779  -30.436  -5.932  52.353 0.0000000000
60644  -17.044  -18.284  55.816 0.0000000000
60629  -17.139  -18.786  56.737 0.0000000000
59458  -17.001  -19.075  54.955 0.0000000000
56020  -16.205  -22.040  52.717 0.0000000000
91878  -47.238  6.619  37.165 0.0000000000
90730  -47.922  6.131  35.813 0.0000000000
49708  -2.839  -27.211  63.206 0.0000000000
60734  -32.690  -18.734  51.929 0.0000000000
61980  -33.658  -18.763  50.674 0.0000000000
61917  -32.744  -17.867  52.383 0.0000000000
63135  -32.471  -17.747  51.349 0.0000000000
64225  -32.653  -16.973  53.328 0.0000000000
61858  -32.957  -18.140  57.466 0.0000000000
61871  -34.564  -18.418  55.607 0.0000000000
63037  -32.933  -16.813  57.319 0.0000000000
67612  -31.333  -13.557  57.833 0.0000000000
65251  -31.428  -15.125  56.867 0.0000000000
66423  -30.451  -14.251  56.559 0.0000000000
66444  -30.907  -15.189  54.587 0.0000000000
67628  -29.803  -14.005  55.294 0.0000000000
68852  -29.470  -13.132  55.130 0.0000000000
70166  -29.748  -12.229  56.789 0.0000000000
61997  -25.133  -18.259  49.293 0.0000000000
58312  -27.940  -20.638  54.631 0.0000000000
59493  -26.781  -19.914  53.555 0.0000000000
58324  -27.685  -21.046  53.851 0.0000000000
58377  -29.391  -20.336  50.041 0.0000000000
63036  -20.257  -16.501  57.533 0.0000000000
63108  -20.110  -16.336  52.864 0.0000000000
64221  -19.242  -16.329  53.161 0.0000000000
63148  -19.437  -16.919  50.973 0.0000000000
60747  -18.781  -18.881  49.883 0.0000000000
86274  -42.615  1.473  40.872 0.0000000000
86296  -41.951  2.149  39.067 0.0000000000
87406  -42.959  2.590  40.575 0.0000000000
90703  -45.373  5.054  41.775 0.0000000000
89655  -44.054  4.226  40.185 0.0000000000
90710  -44.486  4.925  39.576 0.0000000000
89669  -44.656  4.982  37.560 0.0000000000
90715  -45.112  5.582  38.304 0.0000000000
91868  -45.698  6.022  38.225 0.0000000000
91859  -45.632  6.357  39.891 0.0000000000
67677  -28.115  -13.469  49.696 0.0000000000
65321  -28.557  -15.254  49.520 0.0000000000
75635  -33.024  -7.113  42.712 0.0000000000
75612  -33.147  -6.506  43.777 0.0000000000
74200  -31.870  -6.674  48.886 0.0000000000
74248  -31.883  -6.711  47.525 0.0000000000
75513  -33.091  -6.932  48.533 0.0000000000
76852  -35.478  -5.990  47.873 0.0000000000
75533  -34.941  -6.665  47.697 0.0000000000
75534  -35.389  -6.336  47.117 0.0000000000
74296  -35.098  -6.999  46.036 0.0000000000
75552  -35.897  -5.974  46.423 0.0000000000
76879  -36.482  -5.441  46.055 0.0000000000
78055  -36.592  -5.509  47.164 0.0000000000
53509  -9.075  -23.125  57.768 0.0000000000
53485  -8.430  -23.842  58.790 0.0000000000
53484  -7.867  -24.215  59.025 0.0000000000
53507  -7.967  -24.234  58.250 0.0000000000
53553  -6.467  -24.847  57.174 0.0000000000
53576  -7.769  -24.369  55.311 0.0000000000
48719  -4.215  -29.194  57.271 0.0000000000
49822  -3.746  -28.017  59.381 0.0000000000
48700  -3.905  -29.618  58.382 0.0000000000
45480  -3.241  -32.459  58.370 0.0000000000
46536  -3.005  -31.189  59.062 0.0000000000
45437  -2.391  -31.449  60.134 0.0000000000
47567  -1.958  -29.448  60.759 0.0000000000
46521  -1.668  -31.288  60.683 0.0000000000
57000  -27.922  -20.102  60.522 0.0000000000
81362  -39.245  -2.218  47.218 0.0000000000
80257  -39.218  -2.727  45.413 0.0000000000
81377  -39.782  -2.196  46.022 0.0000000000
74083  -27.855  -8.613  55.008 0.0000000000
59502  -17.171  -19.608  52.368 0.0000000000
58322  -17.029  -20.222  53.146 0.0000000000
50903  -4.068  -25.400  63.707 0.0000000000
50952  -3.411  -26.659  62.760 0.0000000000
59547  -33.518  -20.238  50.355 0.0000000000
60714  -32.216  -19.074  52.824 0.0000000000
61918  -33.306  -18.166  54.195 0.0000000000
71526  -30.656  -11.659  58.326 0.0000000000
63130  -21.367  -16.445  51.371 0.0000000000
63151  -22.343  -16.802  50.176 0.0000000000
63111  -22.819  -17.174  51.589 0.0000000000
61959  -24.581  -17.989  50.670 0.0000000000
60730  -25.912  -18.466  51.172 0.0000000000
57141  -29.549  -22.114  53.970 0.0000000000
58342  -28.766  -20.931  52.562 0.0000000000
57163  -30.131  -21.610  52.863 0.0000000000
58362  -30.687  -20.946  51.055 0.0000000000
58380  -31.561  -20.968  49.862 0.0000000000
61857  -21.799  -17.286  57.773 0.0000000000
61867  -21.131  -16.957  57.136 0.0000000000
61883  -21.374  -17.937  55.791 0.0000000000
63084  -21.186  -17.376  54.336 0.0000000000
81464  -38.270  -2.462  39.695 0.0000000000
86326  -42.314  1.688  36.575 0.0000000000
87388  -45.261  2.533  43.061 0.0000000000
88532  -44.125  3.198  41.619 0.0000000000
70303  -27.505  -11.572  48.981 0.0000000000
73027  -30.449  -8.120  43.417 0.0000000000
75592  -31.190  -6.891  44.728 0.0000000000
76824  -34.100  -6.073  50.642 0.0000000000
76836  -33.817  -6.332  49.545 0.0000000000
76825  -35.009  -6.321  50.873 0.0000000000
57076  -14.801  -21.154  56.123 0.0000000000
57055  -13.932  -21.112  56.893 0.0000000000
55932  -11.503  -20.940  57.996 0.0000000000
54749  -10.704  -21.837  56.842 0.0000000000
53557  -9.805  -22.634  56.180 0.0000000000
54767  -8.988  -23.173  55.512 0.0000000000
54785  -8.362  -24.227  54.608 0.0000000000
54804  -9.016  -24.024  54.109 0.0000000000
59481  -32.265  -19.587  55.070 0.0000000000
60672  -33.185  -19.364  54.814 0.0000000000
58300  -33.446  -20.235  56.183 0.0000000000
60636  -33.113  -19.131  57.377 0.0000000000
59442  -25.053  -18.346  56.806 0.0000000000
59476  -25.353  -19.287  55.223 0.0000000000
59444  -26.869  -18.616  56.187 0.0000000000
57103  -28.046  -19.165  56.444 0.0000000000
57105  -29.395  -19.705  55.633 0.0000000000
57042  -28.535  -20.434  58.673 0.0000000000
57086  -29.468  -20.041  56.981 0.0000000000
57106  -29.676  -20.089  55.301 0.0000000000
57107  -30.050  -20.214  55.136 0.0000000000
59479  -30.994  -19.709  55.282 0.0000000000
59412  -25.082  -18.772  58.648 0.0000000000
78131  -35.264  -5.215  43.055 0.0000000000
79223  -35.009  -4.723  41.521 0.0000000000
79206  -36.606  -4.501  42.910 0.0000000000
80287  -37.056  -3.522  42.208 0.0000000000
81440  -37.137  -2.831  41.194 0.0000000000
81405  -39.068  -2.398  43.831 0.0000000000
81428  -38.313  -2.391  42.349 0.0000000000
82601  -38.657  -1.708  41.382 0.0000000000
83851  -38.965  -1.063  40.611 0.0000000000
83862  -39.377  -0.675  39.633 0.0000000000
85063  -40.017  0.744  39.462 0.0000000000
86294  -40.522  1.372  39.191 0.0000000000
86272  -40.805  0.919  40.262 0.0000000000
85053  -42.385  0.896  41.627 0.0000000000
86262  -43.517  1.717  42.400 0.0000000000
83821  -43.673  0.317  43.965 0.0000000000
85030  -45.561  0.858  42.993 0.0000000000
67646  -28.537  -13.993  53.714 0.0000000000
65308  -29.157  -15.632  50.788 0.0000000000
67656  -27.924  -13.756  52.597 0.0000000000
68906  -27.497  -12.707  51.693 0.0000000000
68904  -27.235  -11.851  51.016 0.0000000000
72915  -27.689  -9.273  52.944 0.0000000000
71652  -27.279  -10.182  51.755 0.0000000000
71692  -27.171  -10.571  50.149 0.0000000000
71693  -27.074  -9.734  49.714 0.0000000000
72990  -27.540  -8.631  48.148 0.0000000000
74245  -28.702  -7.135  47.968 0.0000000000
74246  -29.689  -6.565  47.637 0.0000000000
74198  -30.211  -6.737  49.245 0.0000000000
75476  -30.797  -6.517  50.201 0.0000000000
76822  -32.410  -6.243  50.472 0.0000000000
76781  -32.560  -5.958  52.742 0.0000000000
76802  -33.321  -5.975  51.571 0.0000000000
58275  -16.089  -20.029  56.541 0.0000000000
57117  -16.855  -20.667  54.025 0.0000000000
57099  -16.097  -21.140  55.201 0.0000000000
57098  -15.475  -21.288  55.538 0.0000000000
55978  -14.983  -21.887  55.153 0.0000000000
64235  -31.474  -16.986  51.568 0.0000000000
65289  -30.545  -16.399  52.896 0.0000000000
60673  -33.689  -19.094  54.606 0.0000000000
61899  -34.199  -18.244  54.591 0.0000000000
64205  -33.445  -16.804  54.429 0.0000000000
65260  -32.608  -15.846  55.441 0.0000000000
65280  -33.242  -16.121  53.934 0.0000000000
65279  -31.929  -16.127  53.918 0.0000000000
65278  -30.744  -15.771  53.759 0.0000000000
66454  -29.498  -14.799  54.095 0.0000000000
67647  -29.066  -13.744  54.453 0.0000000000
70193  -29.369  -12.224  54.818 0.0000000000
71569  -28.701  -11.029  55.368 0.0000000000
71525  -30.216  -11.180  58.124 0.0000000000
71538  -29.316  -10.692  57.295 0.0000000000
60670  -25.355  -19.518  54.000 0.0000000000
60712  -26.560  -18.849  51.685 0.0000000000
59544  -27.487  -18.746  50.319 0.0000000000
58359  -28.301  -20.237  51.637 0.0000000000
59525  -28.002  -19.412  50.957 0.0000000000
64175  -17.552  -16.444  57.198 0.0000000000
61881  -17.307  -17.268  55.307 0.0000000000
63067  -19.232  -16.598  55.746 0.0000000000
63093  -18.037  -16.701  53.889 0.0000000000
60686  -17.057  -18.332  53.273 0.0000000000
60729  -17.641  -18.897  51.564 0.0000000000
86310  -41.409  1.799  37.733 0.0000000000
87438  -41.898  2.133  37.675 0.0000000000
87439  -42.342  2.639  37.507 0.0000000000
88551  -43.188  3.405  40.146 0.0000000000
88574  -43.061  3.400  37.863 0.0000000000
88583  -43.338  3.353  36.671 0.0000000000
88584  -44.229  3.793  36.258 0.0000000000
88585  -44.919  3.937  35.656 0.0000000000
88590  -45.482  3.789  35.248 0.0000000000
89675  -45.713  5.077  35.967 0.0000000000
91877  -46.555  6.258  37.265 0.0000000000
52249  -5.436  -25.227  58.875 0.0000000000
52235  -4.640  -25.894  59.352 0.0000000000
51061  -4.424  -27.119  56.904 0.0000000000
65322  -29.222  -15.894  49.831 0.0000000000
76933  -34.160  -5.959  42.990 0.0000000000
75529  -30.291  -6.305  47.053 0.0000000000
75531  -31.650  -6.408  46.777 0.0000000000
74292  -32.285  -6.289  45.847 0.0000000000
75514  -33.747  -7.027  48.648 0.0000000000
74272  -34.078  -7.161  46.646 0.0000000000
75570  -33.799  -6.557  45.725 0.0000000000
75571  -34.316  -6.684  45.654 0.0000000000
76898  -34.658  -6.351  44.644 0.0000000000
76916  -34.923  -5.803  43.956 0.0000000000
76918  -36.147  -5.613  44.677 0.0000000000
78105  -36.910  -5.183  44.938 0.0000000000
80238  -37.681  -4.140  46.402 0.0000000000
53440  -6.345  -24.041  61.129 0.0000000000
53441  -7.297  -23.677  60.665 0.0000000000
53482  -6.120  -24.683  59.521 0.0000000000
52264  -5.709  -25.289  57.699 0.0000000000
52278  -5.917  -25.937  56.117 0.0000000000
51019  -4.214  -26.732  59.883 0.0000000000
49770  -3.659  -27.009  60.889 0.0000000000
48643  -3.170  -28.139  61.416 0.0000000000
47596  -3.678  -30.259  58.669 0.0000000000
47570  -3.216  -29.308  59.982 0.0000000000
48642  -2.997  -28.437  61.482 0.0000000000
48624  -2.593  -27.771  62.431 0.0000000000
48639  -1.741  -28.074  61.765 0.0000000000
44378  -1.845  -33.082  58.935 0.0000000000
45434  -1.177  -31.867  59.866 0.0000000000
53439  -5.416  -24.767  61.572 0.0000000000
53459  -5.178  -25.018  60.828 0.0000000000
59496  -31.920  -19.361  52.998 0.0000000000
60668  -23.670  -19.100  54.844 0.0000000000
60660  -24.533  -19.326  55.318 0.0000000000
58346  -31.905  -20.709  51.693 0.0000000000
59459  -24.375  -18.628  56.438 0.0000000000
60647  -23.734  -18.297  56.521 0.0000000000
60667  -23.019  -18.892  55.415 0.0000000000
85087  -40.299  0.422  37.469 0.0000000000
65310  -30.402  -16.425  51.508 0.0000000000
65309  -29.954  -16.223  51.051 0.0000000000
71731  -27.858  -10.037  46.566 0.0000000000
73012  -28.052  -9.165  45.895 0.0000000000
73013  -28.635  -8.518  45.422 0.0000000000
56015  -12.315  -22.993  53.772 0.0000000000
55995  -11.985  -22.769  54.482 0.0000000000
55974  -11.439  -22.634  54.742 0.0000000000
58266  -32.227  -20.110  57.774 0.0000000000
58250  -31.629  -19.997  58.677 0.0000000000
58233  -26.671  -20.436  59.966 0.0000000000
57016  -27.385  -20.358  59.276 0.0000000000
57046  -30.918  -20.613  58.637 0.0000000000
57045  -30.419  -20.743  58.411 0.0000000000
57068  -31.060  -20.687  57.854 0.0000000000
57089  -31.581  -20.605  57.327 0.0000000000
80255  -37.747  -3.964  45.633 0.0000000000
82583  -41.245  -1.020  43.510 0.0000000000
81419  -40.818  -1.159  43.178 0.0000000000
81432  -40.861  -0.795  42.783 0.0000000000
80280  -41.397  -0.404  42.504 0.0000000000
138914  -42.010  -0.277  42.968 0.0000000000
138916  -42.011  -0.288  43.081 0.0000000000
71590  -28.609  -10.824  54.414 0.0000000000
72879  -28.205  -10.242  54.177 0.0000000000
76755  -28.745  -6.581  52.733 0.0000000000
75446  -28.393  -7.373  50.961 0.0000000000
75428  -28.929  -6.668  51.689 0.0000000000
76798  -29.800  -6.499  51.279 0.0000000000
76778  -29.438  -6.298  51.926 0.0000000000
60657  -16.894  -18.122  54.748 0.0000000000
91883  -47.625  6.429  36.389 0.0000000000
91879  -48.133  7.345  37.764 0.0000000000
50926  -3.253  -26.562  63.348 0.0000000000
50925  -3.023  -26.864  63.378 0.0000000000
49689  -2.756  -26.896  63.479 0.0000000000
49709  -3.046  -27.104  63.178 0.0000000000
61940  -32.766  -17.827  53.402 0.0000000000
61963  -32.415  -18.390  52.295 0.0000000000
63114  -32.658  -17.544  53.210 0.0000000000
63097  -32.453  -17.783  52.561 0.0000000000
63038  -32.933  -17.225  57.382 0.0000000000
68827  -31.193  -13.137  57.781 0.0000000000
66413  -30.471  -14.203  56.875 0.0000000000
67610  -30.295  -13.848  57.066 0.0000000000
67619  -30.088  -14.065  56.036 0.0000000000
68825  -29.817  -13.111  57.007 0.0000000000
68841  -29.558  -13.150  55.980 0.0000000000
70167  -30.329  -12.425  57.378 0.0000000000
61977  -19.955  -17.459  49.913 0.0000000000
63167  -20.617  -17.290  49.903 0.0000000000
63129  -20.255  -16.375  51.587 0.0000000000
61976  -19.049  -17.886  50.377 0.0000000000
87397  -42.992  2.136  41.368 0.0000000000
87398  -43.575  2.650  41.651 0.0000000000
89656  -44.786  4.872  40.151 0.0000000000
90711  -44.980  5.610  39.492 0.0000000000
90714  -44.534  5.253  38.973 0.0000000000
90708  -45.895  6.312  40.761 0.0000000000
67690  -28.003  -13.305  48.476 0.0000000000
74346  -31.520  -7.906  42.801 0.0000000000
74327  -32.079  -6.773  43.251 0.0000000000
75611  -32.658  -6.666  43.415 0.0000000000
74316  -32.742  -6.323  44.254 0.0000000000
75496  -32.686  -6.604  49.298 0.0000000000
76835  -33.232  -6.471  49.568 0.0000000000
76846  -36.318  -5.833  48.623 0.0000000000
75535  -35.625  -6.384  46.486 0.0000000000
75551  -35.824  -6.025  46.969 0.0000000000
76863  -36.163  -5.780  46.817 0.0000000000
78047  -36.843  -5.537  48.039 0.0000000000
53531  -8.767  -23.468  57.132 0.0000000000
53508  -8.538  -23.744  58.015 0.0000000000
53530  -8.038  -24.107  57.340 0.0000000000
53554  -7.056  -24.550  56.341 0.0000000000
48718  -4.192  -29.724  57.773 0.0000000000
45458  -2.636  -32.105  59.564 0.0000000000
46522  -2.210  -31.041  60.543 0.0000000000
45436  -2.115  -31.783  60.235 0.0000000000
74064  -28.244  -8.254  55.796 0.0000000000
58336  -17.074  -20.567  52.126 0.0000000000
52186  -4.380  -25.439  62.441 0.0000000000
52166  -4.374  -25.370  63.050 0.0000000000
50927  -3.767  -25.766  63.305 0.0000000000
50953  -3.727  -25.910  62.638 0.0000000000
59546  -32.810  -20.535  50.572 0.0000000000
60713  -31.907  -19.201  52.975 0.0000000000
60732  -32.722  -19.414  51.987 0.0000000000
60693  -32.579  -18.462  53.712 0.0000000000
63096  -22.163  -17.201  52.932 0.0000000000
63110  -22.362  -17.035  52.087 0.0000000000
61934  -22.814  -17.637  52.815 0.0000000000
61915  -24.320  -18.218  52.788 0.0000000000
61936  -24.713  -18.034  51.933 0.0000000000
61937  -25.279  -18.328  51.349 0.0000000000
57124  -30.271  -21.147  54.413 0.0000000000
57162  -29.819  -21.781  53.161 0.0000000000
57142  -30.418  -21.720  53.418 0.0000000000
58345  -31.237  -20.923  51.986 0.0000000000
58344  -30.515  -21.235  52.452 0.0000000000
58379  -30.838  -20.914  49.929 0.0000000000
58381  -32.317  -20.863  49.806 0.0000000000
60631  -23.057  -17.610  57.973 0.0000000000
60617  -22.829  -18.025  59.061 0.0000000000
60630  -22.326  -17.595  58.404 0.0000000000
61868  -21.773  -17.737  56.837 0.0000000000
61912  -21.850  -17.857  54.179 0.0000000000
61896  -21.641  -18.067  54.894 0.0000000000
63095  -21.439  -17.131  53.482 0.0000000000
63109  -21.349  -16.641  52.429 0.0000000000
70337  -27.460  -10.908  48.240 0.0000000000
68940  -27.726  -12.070  48.051 0.0000000000
70370  -27.707  -11.023  47.249 0.0000000000
74313  -29.868  -7.544  44.729 0.0000000000
74314  -30.681  -7.351  44.178 0.0000000000
75591  -30.762  -7.007  44.963 0.0000000000
76839  -37.257  -6.417  49.549 0.0000000000
55958  -14.450  -21.727  55.770 0.0000000000
57075  -14.276  -21.424  56.192 0.0000000000
55957  -13.770  -21.754  56.083 0.0000000000
54791  -12.397  -21.995  56.045 0.0000000000
55956  -12.909  -21.758  56.318 0.0000000000
54751  -11.993  -21.199  56.941 0.0000000000
54735  -11.032  -21.385  57.886 0.0000000000
54750  -11.362  -21.357  57.196 0.0000000000
54788  -10.664  -22.615  54.954 0.0000000000
54769  -10.522  -22.536  55.763 0.0000000000
54768  -9.788  -22.720  55.589 0.0000000000
53556  -9.138  -23.023  56.292 0.0000000000
54786  -8.960  -23.528  54.723 0.0000000000
55972  -9.387  -23.449  54.395 0.0000000000
59466  -33.153  -20.133  55.722 0.0000000000
58299  -32.938  -20.345  56.307 0.0000000000
60635  -32.691  -19.376  57.656 0.0000000000
59430  -33.037  -19.787  57.168 0.0000000000
60621  -32.548  -18.853  58.106 0.0000000000
59427  -25.757  -18.554  57.579 0.0000000000
59443  -25.977  -18.466  56.408 0.0000000000
60633  -26.345  -18.510  56.905 0.0000000000
57062  -27.858  -19.851  57.591 0.0000000000
57083  -27.848  -19.455  57.120 0.0000000000
57084  -28.302  -19.576  57.014 0.0000000000
57104  -28.633  -19.287  55.847 0.0000000000
57085  -28.832  -19.867  57.100 0.0000000000
55921  -28.669  -20.575  59.729 0.0000000000
57018  -28.532  -20.463  59.549 0.0000000000
57066  -29.874  -20.487  57.545 0.0000000000
57065  -29.428  -20.377  57.672 0.0000000000
57087  -30.082  -20.022  56.479 0.0000000000
59446  -31.632  -20.331  56.247 0.0000000000
59463  -30.948  -19.882  55.674 0.0000000000
59464  -31.617  -20.051  55.761 0.0000000000
59480  -31.284  -19.645  54.953 0.0000000000
59426  -24.914  -18.234  57.769 0.0000000000
78132  -35.879  -5.075  43.260 0.0000000000
79205  -35.577  -4.831  42.650 0.0000000000
79207  -37.492  -3.710  42.929 0.0000000000
80298  -37.430  -2.974  41.717 0.0000000000
81393  -39.901  -2.406  45.046 0.0000000000
80271  -39.428  -2.566  44.804 0.0000000000
81406  -39.681  -2.300  44.226 0.0000000000
81430  -39.962  -1.540  42.850 0.0000000000
81429  -39.112  -1.788  42.671 0.0000000000
81442  -38.870  -1.859  41.927 0.0000000000
82612  -38.546  -1.549  40.626 0.0000000000
82602  -39.390  -1.265  41.400 0.0000000000
83846  -40.549  -0.126  41.261 0.0000000000
83845  -40.121  -0.535  41.041 0.0000000000
83853  -39.876  -0.162  40.407 0.0000000000
83863  -39.759  0.148  39.768 0.0000000000
85050  -40.407  0.556  40.218 0.0000000000
86271  -40.598  0.819  40.143 0.0000000000
85051  -41.218  0.711  40.754 0.0000000000
138931  -42.866  0.732  42.495 0.0000000000
85052  -41.936  1.000  41.070 0.0000000000
138930  -42.719  1.354  41.773 0.0000000000
138929  -43.678  0.783  42.920 0.0000000000
83836  -45.661  0.078  42.731 0.0000000000
68879  -28.381  -12.752  53.289 0.0000000000
68894  -27.801  -12.583  52.448 0.0000000000
70252  -27.858  -11.854  52.443 0.0000000000
68892  -27.394  -11.857  51.456 0.0000000000
70251  -27.668  -11.243  52.175 0.0000000000
74099  -27.812  -8.794  54.176 0.0000000000
74113  -27.806  -8.508  53.478 0.0000000000
72931  -27.490  -9.210  52.176 0.0000000000
71670  -27.159  -10.718  51.017 0.0000000000
71671  -27.132  -9.840  50.685 0.0000000000
71710  -27.224  -10.450  49.422 0.0000000000
72967  -27.159  -8.835  50.223 0.0000000000
75473  -28.267  -7.367  50.189 0.0000000000
74218  -27.721  -7.711  49.008 0.0000000000
74244  -27.948  -7.551  48.252 0.0000000000
74219  -28.502  -7.023  48.903 0.0000000000
74220  -29.492  -6.688  48.724 0.0000000000
74196  -29.125  -6.788  49.193 0.0000000000
75449  -30.931  -6.157  50.786 0.0000000000
75477  -31.833  -6.346  50.305 0.0000000000
75450  -31.541  -6.044  50.935 0.0000000000
75429  -33.001  -6.178  53.148 0.0000000000
76803  -34.323  -6.151  51.679 0.0000000000
59424  -16.781  -19.335  56.886 0.0000000000
58260  -16.339  -19.626  57.068 0.0000000000
57134  -16.805  -21.061  52.809 0.0000000000
57133  -16.444  -21.367  53.343 0.0000000000
56000  -15.926  -21.636  53.918 0.0000000000
57116  -16.433  -21.135  54.335 0.0000000000
55979  -15.645  -21.690  54.809 0.0000000000
49705  -1.694  -26.980  63.408 0.0000000000
63112  -31.866  -17.276  52.266 0.0000000000
63134  -31.976  -17.255  51.647 0.0000000000
64234  -31.091  -16.900  51.977 0.0000000000
64223  -31.012  -16.776  52.627 0.0000000000
59483  -33.909  -19.677  55.004 0.0000000000
60661  -34.529  -19.440  55.174 0.0000000000
61885  -34.352  -17.978  55.434 0.0000000000
61886  -35.007  -18.065  54.963 0.0000000000
63072  -34.223  -17.804  55.125 0.0000000000
63086  -33.960  -17.768  54.840 0.0000000000
64196  -33.550  -16.644  54.840 0.0000000000
66425  -31.466  -15.202  55.504 0.0000000000
65259  -31.763  -15.501  55.925 0.0000000000
66436  -32.362  -15.661  54.958 0.0000000000
65270  -32.721  -15.904  54.530 0.0000000000
65269  -32.104  -15.823  54.427 0.0000000000
67637  -30.253  -14.497  54.909 0.0000000000
66443  -30.272  -15.085  54.284 0.0000000000
65277  -30.119  -15.409  53.932 0.0000000000
70180  -29.435  -12.364  55.702 0.0000000000
70179  -29.211  -11.690  55.492 0.0000000000
71551  -29.072  -11.180  56.522 0.0000000000
71512  -30.270  -11.175  59.147 0.0000000000
71540  -30.477  -11.652  57.796 0.0000000000
72803  -29.191  -9.947  57.599 0.0000000000
63152  -23.247  -17.094  49.980 0.0000000000
63169  -22.389  -17.348  49.317 0.0000000000
63170  -23.322  -17.472  49.180 0.0000000000
59477  -26.037  -19.815  54.761 0.0000000000
59504  -26.994  -19.570  52.567 0.0000000000
59503  -26.220  -19.502  53.129 0.0000000000
59524  -27.306  -19.082  51.427 0.0000000000
63050  -17.750  -16.454  56.529 0.0000000000
61866  -17.322  -17.234  56.262 0.0000000000
63068  -20.475  -16.995  55.546 0.0000000000
63052  -20.194  -16.737  56.514 0.0000000000
63082  -19.525  -16.667  54.849 0.0000000000
64220  -18.707  -16.414  53.061 0.0000000000
64210  -18.714  -16.432  53.494 0.0000000000
63106  -18.162  -16.791  53.040 0.0000000000
61911  -17.442  -17.438  53.517 0.0000000000
61933  -17.684  -17.680  52.659 0.0000000000
60709  -17.346  -18.751  52.383 0.0000000000
61956  -18.170  -17.781  51.577 0.0000000000
86309  -40.609  1.414  38.137 0.0000000000
86295  -41.349  1.826  38.936 0.0000000000
87414  -42.292  2.353  39.424 0.0000000000
87425  -41.839  2.244  38.222 0.0000000000
87426  -42.276  2.561  38.527 0.0000000000
87440  -42.598  2.886  38.175 0.0000000000
88542  -43.607  3.357  40.829 0.0000000000
89649  -44.202  3.899  40.766 0.0000000000
89661  -43.909  4.725  39.085 0.0000000000
89660  -43.438  4.047  39.616 0.0000000000
89667  -43.353  4.109  38.729 0.0000000000
88575  -43.672  3.994  37.090 0.0000000000
89673  -44.268  4.439  37.044 0.0000000000
89680  -45.359  4.472  35.673 0.0000000000
90727  -45.662  5.384  36.631 0.0000000000
91869  -46.333  6.380  38.022 0.0000000000
91865  -47.101  7.227  39.857 0.0000000000
52263  -4.966  -26.412  57.012 0.0000000000
52248  -4.703  -26.024  58.222 0.0000000000
66469  -28.336  -14.617  51.233 0.0000000000
66481  -28.748  -15.159  50.282 0.0000000000
75636  -33.498  -6.570  42.368 0.0000000000
74247  -30.879  -6.584  47.714 0.0000000000
74270  -32.342  -6.520  46.803 0.0000000000
76844  -34.422  -6.397  48.959 0.0000000000
75515  -34.554  -6.738  48.351 0.0000000000
74251  -34.578  -7.233  47.212 0.0000000000
75549  -33.712  -6.702  46.181 0.0000000000
75550  -33.977  -6.781  45.986 0.0000000000
74318  -35.017  -6.608  45.239 0.0000000000
75595  -34.901  -6.596  45.082 0.0000000000
76899  -34.936  -6.251  44.554 0.0000000000
76900  -35.341  -6.074  44.543 0.0000000000
76917  -35.724  -5.748  44.394 0.0000000000
75615  -35.869  -5.861  44.830 0.0000000000
78073  -36.875  -5.254  46.530 0.0000000000
78089  -37.079  -4.939  45.553 0.0000000000
79180  -37.326  -4.631  46.000 0.0000000000
53462  -7.601  -23.938  59.790 0.0000000000
53483  -7.061  -24.399  59.251 0.0000000000
53461  -6.706  -24.168  60.128 0.0000000000
53505  -6.424  -24.778  58.634 0.0000000000
53528  -6.717  -24.819  57.975 0.0000000000
52279  -6.595  -25.346  55.613 0.0000000000
52291  -6.581  -25.989  54.902 0.0000000000
51033  -4.083  -26.933  58.802 0.0000000000
49821  -3.598  -28.643  59.702 0.0000000000
49798  -3.762  -27.343  60.360 0.0000000000
49797  -3.581  -28.256  60.198 0.0000000000
49769  -3.455  -27.574  61.126 0.0000000000
48660  -3.300  -28.638  60.608 0.0000000000
46554  -3.780  -31.317  58.000 0.0000000000
46537  -3.411  -30.953  58.619 0.0000000000
47584  -2.848  -29.995  59.515 0.0000000000
47569  -2.911  -29.260  60.451 0.0000000000
48659  -3.089  -28.632  60.998 0.0000000000
47553  -2.769  -28.786  61.071 0.0000000000
48641  -2.706  -28.292  61.747 0.0000000000
46508  -1.750  -30.402  60.766 0.0000000000
47551  -1.904  -28.782  61.286 0.0000000000
47550  -1.631  -28.786  61.337 0.0000000000
45456  -1.437  -32.433  59.454 0.0000000000
52205  -4.566  -25.462  61.551 0.0000000000
59527  -33.060  -20.090  51.370 0.0000000000
60688  -24.647  -18.875  53.558 0.0000000000
58315  -30.835  -20.685  54.187 0.0000000000
57143  -30.835  -21.546  53.427 0.0000000000
58328  -31.086  -20.969  53.270 0.0000000000
59411  -24.484  -18.368  58.481 0.0000000000
60632  -23.832  -17.617  57.391 0.0000000000
60646  -22.889  -17.835  56.830 0.0000000000
61869  -22.249  -18.181  56.226 0.0000000000
61897  -22.590  -18.460  54.644 0.0000000000
82622  -39.408  -1.521  38.933 0.0000000000
85099  -41.059  0.605  36.710 0.0000000000
64244  -31.828  -16.927  50.595 0.0000000000
70393  -27.932  -11.106  46.215 0.0000000000
74312  -29.274  -7.950  45.223 0.0000000000
74291  -29.942  -7.312  45.727 0.0000000000
55997  -13.724  -22.924  54.577 0.0000000000
55975  -12.543  -22.602  55.225 0.0000000000
54790  -12.070  -22.315  55.625 0.0000000000
54789  -11.422  -22.514  55.317 0.0000000000
55973  -11.056  -22.673  54.472 0.0000000000
54806  -10.592  -23.009  54.032 0.0000000000
54805  -9.671  -23.604  54.030 0.0000000000
58298  -32.380  -20.461  56.429 0.0000000000
58283  -32.512  -20.371  56.834 0.0000000000
59429  -32.494  -19.837  57.500 0.0000000000
60620  -32.343  -19.072  58.521 0.0000000000
59414  -26.717  -19.543  58.217 0.0000000000
57040  -27.605  -20.131  58.339 0.0000000000
57019  -29.224  -20.546  58.999 0.0000000000
57067  -30.575  -20.670  57.704 0.0000000000
58265  -30.898  -20.490  57.162 0.0000000000
58280  -30.631  -20.101  56.399 0.0000000000
58281  -31.385  -20.464  56.843 0.0000000000
58282  -32.005  -20.600  56.737 0.0000000000
58232  -26.223  -20.292  59.755 0.0000000000
79188  -36.957  -4.745  44.521 0.0000000000
80278  -37.893  -2.883  43.587 0.0000000000
81418  -40.406  -1.622  43.565 0.0000000000
82603  -39.866  -0.859  41.968 0.0000000000
81444  -40.293  -0.917  42.431 0.0000000000
82604  -40.633  -0.400  41.786 0.0000000000
83854  -40.968  0.167  41.267 0.0000000000
83855  -41.470  0.037  41.587 0.0000000000
138925  -41.637  -0.222  41.954 0.0000000000
138919  -42.732  0.373  43.048 0.0000000000
70212  -29.181  -12.003  53.952 0.0000000000
70228  -28.828  -12.205  53.548 0.0000000000
71637  -28.344  -10.832  53.138 0.0000000000
75393  -28.137  -7.267  54.125 0.0000000000
75410  -27.929  -8.020  53.668 0.0000000000
75411  -28.074  -7.431  53.301 0.0000000000
74153  -27.736  -8.119  51.573 0.0000000000
74179  -27.690  -8.055  50.669 0.0000000000
75474  -29.111  -6.994  50.351 0.0000000000
75493  -29.770  -6.914  49.809 0.0000000000
75448  -30.186  -6.577  50.833 0.0000000000
76799  -30.282  -6.143  51.387 0.0000000000
61843  -17.250  -18.381  57.361 0.0000000000
61855  -17.233  -18.018  56.755 0.0000000000
59440  -16.863  -19.254  55.925 0.0000000000
56018  -14.858  -22.695  53.325 0.0000000000
90729  -47.078  5.717  36.137 0.0000000000
49707  -2.474  -27.144  63.394 0.0000000000
60733  -33.114  -19.064  51.688 0.0000000000
60751  -33.964  -19.549  50.394 0.0000000000
61962  -32.811  -18.447  51.572 0.0000000000
61961  -32.635  -18.107  51.484 0.0000000000
63136  -32.803  -18.133  51.054 0.0000000000
61938  -32.431  -17.994  52.012 0.0000000000
63113  -32.264  -17.542  52.438 0.0000000000
61870  -33.689  -17.998  56.216 0.0000000000
63054  -33.225  -17.324  56.344 0.0000000000
65240  -31.557  -15.109  57.290 0.0000000000
66399  -31.143  -14.444  57.394 0.0000000000
65258  -31.289  -14.952  56.285 0.0000000000
66434  -31.024  -14.948  55.184 0.0000000000
67620  -30.613  -14.523  55.498 0.0000000000
67629  -30.476  -14.510  55.166 0.0000000000
72792  -29.619  -10.404  59.120 0.0000000000
61978  -24.571  -17.935  49.632 0.0000000000
58311  -27.245  -19.771  54.622 0.0000000000
59478  -26.676  -19.995  54.160 0.0000000000
58323  -27.240  -20.367  54.055 0.0000000000
58340  -27.336  -20.321  53.384 0.0000000000
58341  -27.812  -20.635  52.765 0.0000000000
58361  -29.933  -20.720  51.248 0.0000000000
63051  -18.864  -16.290  56.890 0.0000000000
63094  -20.585  -16.809  53.830 0.0000000000
64203  -19.773  -16.524  54.180 0.0000000000
64222  -19.694  -16.375  53.334 0.0000000000
63128  -18.999  -16.596  51.681 0.0000000000
61957  -18.912  -17.317  51.139 0.0000000000
61991  -19.295  -18.588  49.638 0.0000000000
86286  -42.396  2.144  40.213 0.0000000000
87415  -42.709  2.788  39.717 0.0000000000
89650  -44.713  4.384  41.031 0.0000000000
89662  -44.366  5.082  38.355 0.0000000000
90721  -45.375  5.415  37.312 0.0000000000
91863  -45.637  6.200  38.834 0.0000000000
91860  -46.421  6.782  40.307 0.0000000000
51072  -5.286  -26.684  55.893 0.0000000000
51071  -4.724  -27.195  56.116 0.0000000000
67664  -27.932  -13.854  50.613 0.0000000000
66480  -28.348  -14.425  50.115 0.0000000000
66492  -28.176  -14.410  49.004 0.0000000000
75634  -32.621  -6.921  43.058 0.0000000000
74222  -31.502  -6.781  48.359 0.0000000000
74223  -32.504  -6.884  48.322 0.0000000000
74224  -33.238  -7.176  48.111 0.0000000000
74252  -35.080  -6.837  47.055 0.0000000000
74295  -34.829  -6.985  46.033 0.0000000000
74274  -34.940  -6.991  46.378 0.0000000000
74275  -35.574  -7.169  46.100 0.0000000000
74298  -35.739  -6.125  45.836 0.0000000000
75598  -35.957  -5.778  45.377 0.0000000000
75553  -35.977  -5.863  46.133 0.0000000000
78072  -36.453  -5.581  46.675 0.0000000000
78056  -37.357  -5.143  47.545 0.0000000000
53487  -9.258  -22.752  58.236 0.0000000000
53486  -8.935  -23.276  58.604 0.0000000000
53464  -8.818  -23.459  59.262 0.0000000000
53529  -7.323  -24.532  57.659 0.0000000000
53575  -7.082  -25.126  55.116 0.0000000000
48701  -3.905  -29.129  58.013 0.0000000000
48689  -3.725  -28.834  58.627 0.0000000000
48688  -3.588  -29.170  59.175 0.0000000000
46523  -2.538  -30.678  59.955 0.0000000000
47568  -2.487  -29.335  60.596 0.0000000000
46509  -2.152  -30.137  60.320 0.0000000000
46507  -1.282  -30.671  60.990 0.0000000000
56999  -27.675  -20.261  60.402 0.0000000000
80240  -38.804  -3.040  46.562 0.0000000000
81394  -40.287  -1.896  45.256 0.0000000000
82571  -41.218  -1.085  44.450 0.0000000000
83800  -41.747  -0.590  44.076 0.0000000000
74065  -28.530  -9.274  56.249 0.0000000000
72853  -27.998  -9.341  55.134 0.0000000000
74084  -28.156  -9.103  55.547 0.0000000000
75376  -28.106  -7.351  54.935 0.0000000000
76756  -29.682  -6.394  53.158 0.0000000000
59491  -17.004  -19.294  53.234 0.0000000000
58309  -16.978  -19.729  54.100 0.0000000000
60715  -32.307  -18.964  52.666 0.0000000000
63115  -33.131  -17.567  53.949 0.0000000000
70151  -30.842  -12.209  57.867 0.0000000000
63150  -21.366  -16.756  50.403 0.0000000000
63131  -22.316  -16.680  51.151 0.0000000000
63132  -23.191  -17.135  51.002 0.0000000000
61935  -23.449  -17.695  52.094 0.0000000000
61958  -23.929  -17.720  51.248 0.0000000000
63133  -23.793  -17.496  50.554 0.0000000000
61960  -25.304  -18.373  50.676 0.0000000000
60748  -25.806  -18.406  50.087 0.0000000000
57140  -28.760  -22.039  54.672 0.0000000000
58325  -28.529  -21.544  53.653 0.0000000000
58326  -29.268  -21.533  53.202 0.0000000000
58343  -29.677  -21.114  52.493 0.0000000000
58378  -30.158  -20.632  49.966 0.0000000000
61856  -21.191  -16.794  58.172 0.0000000000
61882  -21.026  -17.266  56.343 0.0000000000
63069  -21.054  -17.450  55.031 0.0000000000
85101  -42.766  0.708  36.055 0.0000000000
87387  -44.444  2.494  42.288 0.0000000000
88521  -44.465  3.206  42.046 0.0000000000
90704  -45.918  5.905  41.592 0.0000000000
76837  -34.981  -6.133  49.816 0.0000000000
76838  -36.160  -6.197  49.528 0.0000000000
55946  -13.305  -21.370  56.643 0.0000000000
57054  -13.215  -21.093  57.050 0.0000000000
54734  -10.218  -21.640  58.001 0.0000000000
53534  -10.308  -22.063  56.852 0.0000000000
53510  -9.538  -22.352  57.590 0.0000000000
53532  -9.440  -22.736  56.882 0.0000000000
54766  -8.422  -23.735  55.310 0.0000000000
44404  -2.527  -33.284  58.585 0.0000000000
60690  -32.405  -19.259  54.654 0.0000000000
60671  -32.883  -19.527  54.970 0.0000000000
59482  -33.343  -19.771  55.206 0.0000000000
59467  -33.976  -20.012  55.692 0.0000000000
58284  -33.147  -20.262  56.530 0.0000000000
59449  -33.477  -19.928  56.563 0.0000000000
60607  -32.186  -19.102  59.206 0.0000000000
59460  -25.025  -18.730  55.847 0.0000000000
59461  -26.389  -19.025  55.507 0.0000000000
58294  -26.919  -19.125  55.301 0.0000000000
58277  -27.491  -18.982  56.761 0.0000000000
58295  -27.433  -19.054  55.513 0.0000000000
58296  -28.106  -19.696  54.927 0.0000000000
57121  -28.724  -20.066  54.967 0.0000000000
57122  -28.873  -20.962  54.880 0.0000000000
57017  -27.914  -20.434  59.475 0.0000000000
57064  -28.490  -20.301  58.042 0.0000000000
57043  -29.213  -20.485  58.363 0.0000000000
58263  -29.142  -20.286  57.707 0.0000000000
57123  -29.472  -21.311  54.762 0.0000000000
58297  -30.404  -20.060  55.305 0.0000000000
58314  -30.600  -20.158  54.802 0.0000000000
59399  -24.188  -18.896  59.244 0.0000000000
78143  -34.532  -5.243  41.651 0.0000000000
79213  -35.005  -4.839  42.167 0.0000000000
79214  -35.669  -4.375  41.911 0.0000000000
79215  -36.379  -3.854  41.921 0.0000000000
80296  -36.078  -3.874  41.213 0.0000000000
80270  -38.787  -2.789  44.490 0.0000000000
80279  -38.584  -2.566  43.802 0.0000000000
81416  -38.601  -2.235  43.235 0.0000000000
81427  -38.017  -2.568  42.485 0.0000000000
80289  -38.014  -2.681  41.995 0.0000000000
81441  -37.979  -2.392  41.417 0.0000000000
81454  -37.856  -2.344  40.472 0.0000000000
83844  -39.837  -0.998  41.220 0.0000000000
83852  -39.482  -0.856  40.675 0.0000000000
85062  -39.600  0.067  38.995 0.0000000000
85074  -39.661  -0.031  38.096 0.0000000000
85075  -39.954  0.783  38.529 0.0000000000
86284  -41.202  1.348  40.022 0.0000000000
85064  -41.681  1.152  40.407 0.0000000000
85065  -41.784  1.100  40.575 0.0000000000
86273  -42.261  1.310  40.665 0.0000000000
86261  -42.850  1.671  41.573 0.0000000000
138926  -42.142  -0.148  43.593 0.0000000000
84997  -42.614  0.271  43.607 0.0000000000
138932  -43.063  0.531  43.143 0.0000000000
138924  -44.298  0.899  42.948 0.0000000000
85029  -44.712  1.131  42.877 0.0000000000
86253  -45.125  1.675  42.707 0.0000000000
65287  -28.990  -15.490  52.903 0.0000000000
65300  -29.189  -15.645  51.992 0.0000000000
66461  -28.450  -14.886  52.710 0.0000000000
67665  -27.697  -13.403  51.561 0.0000000000
68905  -27.551  -12.542  50.737 0.0000000000
70273  -27.522  -11.852  49.812 0.0000000000
72878  -27.935  -9.516  54.568 0.0000000000
72897  -27.925  -9.830  53.659 0.0000000000
71636  -27.936  -10.434  52.885 0.0000000000
71651  -27.325  -10.877  51.602 0.0000000000
70272  -27.290  -11.457  50.514 0.0000000000
70302  -27.344  -11.139  49.628 0.0000000000
70336  -27.342  -10.815  48.982 0.0000000000
71711  -27.286  -9.906  48.732 0.0000000000
72981  -27.354  -8.805  49.249 0.0000000000
74267  -28.009  -7.838  47.552 0.0000000000
74268  -28.749  -7.595  46.930 0.0000000000
75494  -30.550  -6.724  49.693 0.0000000000
74199  -31.060  -6.805  49.054 0.0000000000
75495  -31.465  -6.573  49.533 0.0000000000
75478  -32.507  -6.363  50.068 0.0000000000
76780  -31.496  -5.820  52.490 0.0000000000
76759  -32.234  -6.055  53.446 0.0000000000
76801  -32.195  -5.968  51.276 0.0000000000
58293  -16.782  -19.911  55.035 0.0000000000
57100  -16.513  -20.571  55.099 0.0000000000
57078  -16.194  -20.449  55.878 0.0000000000
57077  -15.574  -20.493  56.404 0.0000000000
55998  -14.636  -22.662  54.406 0.0000000000
91884  -48.437  7.013  36.598 0.0000000000
90731  -48.763  6.401  35.612 0.0000000000
63154  -32.349  -17.357  50.755 0.0000000000
65302  -30.662  -16.565  51.990 0.0000000000
60651  -34.912  -18.837  55.327 0.0000000000
60662  -34.697  -18.822  54.600 0.0000000000
60674  -33.607  -18.580  54.405 0.0000000000
63099  -33.604  -17.779  54.492 0.0000000000
64227  -33.189  -17.192  53.986 0.0000000000
64189  -32.737  -16.386  56.218 0.0000000000
64195  -33.214  -16.505  55.436 0.0000000000
65261  -33.330  -16.038  54.888 0.0000000000
65281  -33.964  -16.210  53.740 0.0000000000
65291  -33.379  -16.484  53.831 0.0000000000
65290  -32.653  -16.541  53.641 0.0000000000
64214  -31.679  -16.523  53.382 0.0000000000
66445  -31.730  -15.684  54.434 0.0000000000
64213  -31.274  -16.473  53.300 0.0000000000
65288  -29.714  -15.805  53.259 0.0000000000
66453  -28.978  -15.060  53.442 0.0000000000
68866  -29.268  -12.963  54.537 0.0000000000
70192  -29.064  -11.494  54.583 0.0000000000
72834  -28.535  -10.371  56.127 0.0000000000
70150  -30.358  -11.940  57.426 0.0000000000
71539  -29.863  -11.400  57.342 0.0000000000
71511  -29.802  -10.729  58.510 0.0000000000
71524  -29.668  -10.657  57.871 0.0000000000
72817  -28.849  -10.095  56.903 0.0000000000
60669  -24.789  -19.279  54.538 0.0000000000
60689  -25.515  -19.216  53.297 0.0000000000
59492  -26.019  -19.893  53.811 0.0000000000
60711  -25.792  -18.814  52.273 0.0000000000
60731  -26.671  -18.539  50.768 0.0000000000
60749  -26.702  -18.506  49.658 0.0000000000
58376  -28.664  -19.797  50.222 0.0000000000
59545  -27.989  -19.264  49.882 0.0000000000
59568  -27.244  -19.132  49.115 0.0000000000
63034  -17.263  -16.983  57.355 0.0000000000
64202  -18.939  -16.473  54.166 0.0000000000
63081  -18.257  -16.597  54.870 0.0000000000
61895  -17.324  -17.278  54.367 0.0000000000
60666  -16.873  -17.963  53.959 0.0000000000
59519  -17.318  -19.376  51.939 0.0000000000
60746  -18.147  -19.080  50.625 0.0000000000
86324  -40.876  1.230  37.269 0.0000000000
86311  -41.918  1.918  37.268 0.0000000000
87449  -42.845  2.607  36.462 0.0000000000
87407  -43.244  2.682  41.089 0.0000000000
88541  -43.174  3.131  40.566 0.0000000000
89654  -43.560  3.902  40.124 0.0000000000
88562  -42.992  3.470  39.157 0.0000000000
88573  -42.747  3.055  37.505 0.0000000000
88582  -42.761  3.130  37.155 0.0000000000
87450  -43.771  2.680  35.621 0.0000000000
87461  -44.618  2.320  35.092 0.0000000000
87451  -44.713  3.153  35.485 0.0000000000
89681  -45.930  4.565  35.310 0.0000000000
90722  -46.065  5.877  37.152 0.0000000000
90723  -46.626  6.044  36.793 0.0000000000
91870  -47.403  7.250  38.627 0.0000000000
52236  -5.278  -25.139  59.834 0.0000000000
51048  -4.245  -27.060  57.656 0.0000000000
49859  -4.119  -28.023  56.828 0.0000000000
65323  -29.595  -16.070  50.416 0.0000000000
74269  -29.718  -7.053  46.610 0.0000000000
75546  -30.438  -6.660  46.396 0.0000000000
75530  -31.070  -6.306  47.000 0.0000000000
75568  -30.990  -6.699  45.628 0.0000000000
75548  -31.647  -6.401  46.108 0.0000000000
75497  -33.374  -6.648  49.232 0.0000000000
75532  -34.415  -7.239  47.912 0.0000000000
74250  -33.759  -7.436  47.512 0.0000000000
74271  -33.238  -6.760  46.639 0.0000000000
74293  -33.082  -6.245  45.517 0.0000000000
75593  -33.608  -6.296  44.988 0.0000000000
75594  -34.227  -6.346  44.724 0.0000000000
75572  -34.734  -6.736  45.494 0.0000000000
76915  -34.498  -6.058  44.037 0.0000000000
78116  -34.861  -5.628  43.426 0.0000000000
78117  -35.543  -5.481  43.700 0.0000000000
78118  -36.122  -5.208  43.789 0.0000000000
76901  -36.536  -5.369  45.110 0.0000000000
78120  -36.630  -5.372  44.902 0.0000000000
78104  -36.821  -4.976  44.527 0.0000000000
80239  -38.106  -3.602  46.347 0.0000000000
78048  -37.561  -5.447  48.352 0.0000000000
52220  -4.686  -25.570  60.466 0.0000000000
51002  -3.921  -26.338  60.835 0.0000000000
51001  -3.618  -26.729  61.347 0.0000000000
50976  -3.501  -26.731  62.016 0.0000000000
49746  -3.283  -27.434  62.080 0.0000000000
47611  -4.123  -30.431  57.863 0.0000000000
47585  -3.329  -29.672  59.369 0.0000000000
47595  -3.233  -30.407  58.997 0.0000000000
48626  -3.087  -27.864  62.058 0.0000000000
48625  -2.922  -27.809  62.353 0.0000000000
48623  -1.855  -27.659  62.670 0.0000000000
47552  -2.384  -28.779  61.193 0.0000000000
48640  -2.272  -28.186  61.855 0.0000000000
48622  -1.878  -27.543  62.641 0.0000000000
45457  -1.972  -32.328  59.596 0.0000000000
45435  -1.571  -31.857  60.084 0.0000000000
46520  -1.135  -31.337  60.509 0.0000000000
44403  -2.124  -33.670  58.584 0.0000000000
46553  -3.389  -31.586  58.430 0.0000000000
48607  -2.223  -27.304  63.232 0.0000000000
48608  -2.535  -27.421  63.011 0.0000000000
48609  -2.815  -27.503  62.806 0.0000000000
49726  -1.906  -27.397  63.019 0.0000000000
49727  -3.189  -27.376  63.076 0.0000000000
51081  -5.518  -27.331  55.297 0.0000000000
52221  -5.211  -25.072  60.397 0.0000000000
53511  -10.084  -21.963  57.200 0.0000000000
53533  -9.966  -22.259  56.873 0.0000000000
53558  -10.202  -22.421  56.370 0.0000000000
53559  -10.455  -22.177  56.584 0.0000000000
54772  -12.153  -21.518  56.567 0.0000000000
54807  -11.790  -22.639  54.925 0.0000000000
55905  -28.476  -20.419  59.842 0.0000000000
55922  -28.766  -20.507  59.620 0.0000000000
55931  -10.931  -21.403  58.192 0.0000000000
55971  -9.155  -23.629  54.384 0.0000000000
55992  -9.344  -23.631  54.231 0.0000000000
55993  -9.532  -23.514  54.202 0.0000000000
58246  -26.142  -20.058  59.318 0.0000000000
58248  -28.650  -20.371  58.220 0.0000000000
58249  -28.866  -20.374  58.187 0.0000000000
58262  -28.819  -20.259  57.794 0.0000000000
58278  -29.053  -20.123  57.426 0.0000000000
58279  -29.206  -20.152  57.392 0.0000000000
59402  -32.015  -19.260  59.229 0.0000000000
59415  -32.026  -19.322  58.978 0.0000000000
59428  -26.708  -18.911  57.392 0.0000000000
59441  -24.449  -18.033  57.023 0.0000000000
59447  -32.055  -20.486  56.221 0.0000000000
59462  -26.933  -18.829  55.644 0.0000000000
59501  -17.245  -19.372  52.187 0.0000000000
60594  -32.179  -19.025  59.548 0.0000000000
60608  -32.277  -18.856  59.382 0.0000000000
60619  -32.174  -19.149  58.906 0.0000000000
60634  -26.679  -18.564  56.650 0.0000000000
60648  -26.512  -18.509  56.453 0.0000000000
60649  -26.741  -18.521  56.367 0.0000000000
60708  -17.246  -19.187  52.320 0.0000000000
60728  -17.337  -19.129  52.098 0.0000000000
61916  -32.416  -17.841  52.353 0.0000000000
61939  -32.430  -17.941  52.558 0.0000000000
61975  -18.201  -18.394  51.007 0.0000000000
61979  -25.041  -18.308  50.081 0.0000000000
63022  -33.020  -17.073  57.510 0.0000000000
63049  -17.417  -16.821  56.821 0.0000000000
63070  -33.104  -16.924  56.001 0.0000000000
63085  -33.747  -17.380  54.965 0.0000000000
63098  -32.510  -17.780  52.791 0.0000000000
63107  -18.848  -16.387  52.612 0.0000000000
64162  -17.463  -16.441  57.832 0.0000000000
64166  -32.983  -16.879  57.659 0.0000000000
64186  -17.637  -16.460  56.851 0.0000000000
64187  -17.950  -16.179  56.981 0.0000000000
64204  -20.216  -16.653  54.066 0.0000000000
64206  -33.556  -17.406  54.606 0.0000000000
64211  -19.397  -16.404  53.667 0.0000000000
64212  -20.001  -16.433  53.668 0.0000000000
64215  -33.570  -16.575  53.928 0.0000000000
64216  -33.350  -17.158  54.236 0.0000000000
65250  -31.206  -14.859  56.698 0.0000000000
65271  -33.770  -15.953  54.337 0.0000000000
65292  -33.688  -16.412  53.736 0.0000000000
66400  -31.423  -14.724  57.484 0.0000000000
66414  -30.870  -14.530  57.004 0.0000000000
66415  -31.216  -14.804  57.130 0.0000000000
66424  -30.846  -14.604  55.948 0.0000000000
66426  -32.016  -15.590  55.267 0.0000000000
67611  -30.922  -13.632  57.537 0.0000000000
68893  -27.550  -12.145  51.872 0.0000000000
70165  -29.385  -11.858  56.267 0.0000000000
70250  -27.287  -11.348  51.322 0.0000000000
71614  -28.097  -10.358  53.384 0.0000000000
72898  -28.173  -10.285  53.770 0.0000000000
74082  -27.851  -8.005  54.413 0.0000000000
74098  -27.904  -8.218  53.919 0.0000000000
74112  -27.928  -8.265  53.676 0.0000000000
74197  -29.548  -6.786  49.381 0.0000000000
74253  -35.144  -6.966  46.544 0.0000000000
74254  -35.854  -6.874  46.236 0.0000000000
74276  -36.027  -6.727  46.046 0.0000000000
74294  -34.477  -6.951  46.236 0.0000000000
74297  -35.576  -6.761  45.965 0.0000000000
74317  -34.957  -6.875  45.692 0.0000000000
74319  -35.541  -6.114  45.103 0.0000000000
74320  -35.768  -5.979  45.555 0.0000000000
74328  -32.678  -6.534  43.645 0.0000000000
75375  -28.023  -7.554  54.372 0.0000000000
75491  -28.147  -7.354  49.559 0.0000000000
75511  -28.171  -7.274  49.201 0.0000000000
75512  -28.422  -7.128  49.339 0.0000000000
75536  -35.944  -6.569  46.136 0.0000000000
75547  -31.058  -6.439  46.280 0.0000000000
75567  -30.618  -6.895  45.883 0.0000000000
75569  -31.437  -6.571  45.276 0.0000000000
75573  -35.887  -5.802  45.819 0.0000000000
75596  -35.370  -6.334  44.911 0.0000000000
75614  -35.656  -6.036  44.778 0.0000000000
75616  -36.159  -5.763  45.111 0.0000000000
76864  -36.236  -5.649  46.345 0.0000000000
76865  -36.064  -5.615  46.030 0.0000000000
76880  -36.327  -5.513  45.719 0.0000000000
76919  -36.362  -5.568  44.968 0.0000000000
78090  -36.898  -5.001  45.420 0.0000000000
78106  -37.042  -5.149  45.210 0.0000000000
78119  -36.534  -5.341  44.683 0.0000000000
79204  -35.100  -5.041  42.614 0.0000000000
80281  -41.681  -0.377  42.586 0.0000000000
80290  -41.364  -0.424  42.052 0.0000000000
80299  -37.834  -2.790  41.866 0.0000000000
80300  -41.753  -0.339  41.883 0.0000000000
80301  -41.674  -0.339  42.133 0.0000000000
81415  -38.046  -2.511  42.814 0.0000000000
82592  -39.769  -1.112  41.399 0.0000000000
82593  -39.818  -0.988  41.593 0.0000000000
82613  -39.069  -1.134  40.868 0.0000000000
83833  -39.984  -1.016  41.369 0.0000000000
83834  -39.970  -0.855  41.445 0.0000000000
83835  -40.277  -0.513  41.482 0.0000000000
83861  -38.935  -0.994  40.211 0.0000000000
84998  -43.153  0.415  43.893 0.0000000000
85039  -40.481  0.161  40.828 0.0000000000
85042  -44.084  1.114  42.746 0.0000000000
86283  -40.560  1.028  39.919 0.0000000000
88543  -44.264  3.701  41.158 0.0000000000
88552  -43.605  3.748  40.358 0.0000000000
90716  -45.717  5.868  37.792 0.0000000000
90728  -46.253  5.573  36.385 0.0000000000
138915  -41.641  -0.525  43.064 0.0000000000
138918  -41.340  -0.669  43.021 0.0000000000
138920  -42.794  0.469  42.837 0.0000000000
138927  -42.488  0.158  42.945 0.0000000000
138928  -43.716  0.456  43.475 0.0000000000
