#!ascii label  , from subject sub.01.bl.02 vox2ras=TkReg
1409
110198  -51.760  24.805  29.804 0.0000000000
124923  -42.355  43.668  25.696 0.0000000000
113500  -40.954  28.485  29.845 0.0000000000
115968  -48.510  31.805  25.979 0.0000000000
122817  -45.828  40.518  21.439 0.0000000000
121993  -46.430  39.161  28.238 0.0000000000
119037  -47.276  35.971  24.202 0.0000000000
115996  -43.089  31.221  24.690 0.0000000000
105252  -45.639  19.888  40.194 0.0000000000
109165  -48.127  22.782  37.672 0.0000000000
123559  -36.493  40.839  21.002 0.0000000000
124994  -41.326  42.689  18.301 0.0000000000
122868  -45.986  41.020  15.766 0.0000000000
111120  -47.621  25.523  30.755 0.0000000000
119752  -42.117  36.768  27.360 0.0000000000
115153  -47.398  31.121  30.105 0.0000000000
112811  -51.271  27.143  23.472 0.0000000000
114454  -47.063  28.984  18.659 0.0000000000
112065  -42.585  27.469  21.284 0.0000000000
110238  -49.751  25.096  26.114 0.0000000000
121287  -48.425  38.333  19.387 0.0000000000
121255  -47.103  38.234  22.863 0.0000000000
119081  -47.636  35.755  21.504 0.0000000000
119775  -45.434  35.903  23.052 0.0000000000
107333  -47.717  21.328  39.470 0.0000000000
107320  -45.745  22.001  40.602 0.0000000000
124242  -33.728  41.979  21.941 0.0000000000
125006  -43.824  43.093  17.143 0.0000000000
109227  -45.166  23.140  32.377 0.0000000000
111117  -44.370  25.814  30.216 0.0000000000
124885  -37.910  43.398  27.120 0.0000000000
123472  -41.058  41.966  28.196 0.0000000000
119006  -48.775  35.840  28.369 0.0000000000
118982  -47.451  35.621  30.195 0.0000000000
116734  -49.575  32.525  27.945 0.0000000000
114336  -48.902  29.482  26.396 0.0000000000
116022  -50.009  31.024  23.915 0.0000000000
112837  -49.775  27.292  20.495 0.0000000000
113568  -47.758  29.183  23.610 0.0000000000
115258  -43.018  30.674  21.525 0.0000000000
124934  -44.947  43.769  23.961 0.0000000000
124179  -43.694  42.675  27.464 0.0000000000
122041  -44.674  39.716  24.742 0.0000000000
120504  -47.969  37.527  26.081 0.0000000000
118254  -47.379  34.352  26.551 0.0000000000
115978  -45.780  31.226  25.892 0.0000000000
118261  -44.841  33.824  25.155 0.0000000000
118268  -42.199  34.604  25.050 0.0000000000
106317  -47.892  20.929  36.800 0.0000000000
108297  -49.910  22.260  36.369 0.0000000000
110135  -50.927  24.407  34.536 0.0000000000
124207  -33.375  41.836  25.686 0.0000000000
122776  -36.138  40.596  25.252 0.0000000000
122789  -39.510  40.701  23.980 0.0000000000
124949  -42.035  43.383  21.892 0.0000000000
124284  -43.647  42.919  20.400 0.0000000000
122103  -45.373  39.524  18.177 0.0000000000
120596  -48.498  36.897  16.292 0.0000000000
122148  -47.364  39.497  13.692 0.0000000000
108280  -45.039  22.244  36.799 0.0000000000
110131  -48.288  24.017  33.743 0.0000000000
111955  -50.693  26.637  31.277 0.0000000000
116727  -42.083  32.688  28.820 0.0000000000
121202  -44.911  38.601  28.232 0.0000000000
117483  -45.045  33.655  28.945 0.0000000000
114302  -43.964  29.641  30.625 0.0000000000
112752  -46.532  27.691  28.927 0.0000000000
112012  -49.642  26.955  27.565 0.0000000000
111146  -52.139  25.229  26.479 0.0000000000
111224  -50.081  25.310  22.344 0.0000000000
112093  -46.478  26.599  19.579 0.0000000000
112124  -44.333  26.609  17.554 0.0000000000
114409  -45.302  29.723  22.185 0.0000000000
113624  -44.105  28.816  19.002 0.0000000000
112105  -41.551  26.045  18.272 0.0000000000
109237  -51.439  23.907  31.282 0.0000000000
110196  -50.484  24.264  29.179 0.0000000000
110208  -51.134  24.510  28.400 0.0000000000
119866  -48.811  36.476  18.272 0.0000000000
119807  -48.528  36.654  20.781 0.0000000000
119113  -47.782  36.054  19.677 0.0000000000
119828  -46.540  36.319  20.503 0.0000000000
111967  -42.971  26.834  30.375 0.0000000000
124907  -40.395  43.425  26.552 0.0000000000
116732  -48.658  33.310  27.015 0.0000000000
117484  -48.972  34.022  28.944 0.0000000000
116733  -49.340  33.011  27.417 0.0000000000
115982  -49.843  31.074  25.482 0.0000000000
115981  -49.117  31.506  25.128 0.0000000000
114398  -49.201  30.073  23.243 0.0000000000
114357  -48.056  30.548  24.466 0.0000000000
123553  -44.994  41.775  22.266 0.0000000000
123537  -44.343  41.795  24.304 0.0000000000
122799  -45.207  40.412  23.333 0.0000000000
119766  -47.669  36.637  23.771 0.0000000000
120508  -47.131  37.603  24.864 0.0000000000
119762  -47.632  36.679  25.083 0.0000000000
119024  -48.071  36.339  26.628 0.0000000000
119027  -47.307  35.665  25.288 0.0000000000
118262  -46.197  34.154  25.689 0.0000000000
118272  -46.091  34.726  24.792 0.0000000000
119046  -44.060  35.701  23.735 0.0000000000
108232  -48.002  21.788  39.112 0.0000000000
107361  -49.144  21.431  37.951 0.0000000000
108283  -49.697  22.663  36.882 0.0000000000
109186  -50.716  23.449  35.323 0.0000000000
110119  -49.999  24.320  35.988 0.0000000000
123557  -34.733  41.188  21.237 0.0000000000
122784  -34.942  40.606  23.959 0.0000000000
122053  -36.647  39.672  22.935 0.0000000000
122787  -37.734  40.013  24.239 0.0000000000
122816  -38.009  40.520  22.040 0.0000000000
124979  -39.907  42.909  19.100 0.0000000000
124268  -40.493  42.709  20.568 0.0000000000
124269  -41.424  42.874  20.430 0.0000000000
124959  -42.829  43.671  21.319 0.0000000000
124995  -42.847  43.260  19.233 0.0000000000
124307  -45.383  42.594  16.430 0.0000000000
123585  -44.839  41.308  17.615 0.0000000000
122116  -45.462  39.640  17.150 0.0000000000
121311  -46.764  38.547  17.076 0.0000000000
121337  -46.843  39.195  15.587 0.0000000000
120606  -47.701  37.652  15.059 0.0000000000
122870  -47.066  40.303  14.679 0.0000000000
108276  -40.843  22.199  36.612 0.0000000000
108226  -40.609  22.570  39.528 0.0000000000
108262  -42.430  21.765  37.707 0.0000000000
107358  -43.779  21.626  38.033 0.0000000000
108293  -43.521  22.232  35.737 0.0000000000
110157  -46.202  24.180  31.819 0.0000000000
109215  -47.063  23.834  33.427 0.0000000000
110178  -47.963  24.969  32.040 0.0000000000
111086  -49.600  25.171  32.833 0.0000000000
111953  -49.186  25.890  31.286 0.0000000000
119015  -40.577  35.800  27.733 0.0000000000
118236  -40.725  34.376  28.362 0.0000000000
119001  -42.186  35.156  28.087 0.0000000000
123476  -45.132  40.609  27.826 0.0000000000
123460  -43.981  40.831  28.895 0.0000000000
122714  -45.112  39.515  28.528 0.0000000000
117449  -47.812  33.564  30.688 0.0000000000
118222  -46.620  34.313  29.796 0.0000000000
116700  -46.391  32.450  30.608 0.0000000000
115952  -44.454  31.537  30.104 0.0000000000
115151  -45.731  30.623  30.510 0.0000000000
113505  -45.492  29.068  29.958 0.0000000000
114313  -46.469  29.664  29.470 0.0000000000
113570  -49.857  28.425  24.598 0.0000000000
112784  -49.134  27.669  26.269 0.0000000000
112038  -50.644  26.795  25.412 0.0000000000
112014  -51.177  26.554  27.001 0.0000000000
112040  -51.861  26.278  25.139 0.0000000000
110271  -51.727  24.866  24.006 0.0000000000
111227  -52.012  25.876  22.074 0.0000000000
112847  -48.594  28.068  18.872 0.0000000000
112129  -48.968  26.670  18.763 0.0000000000
112127  -46.931  27.407  17.728 0.0000000000
112108  -45.455  26.670  18.113 0.0000000000
112877  -45.874  27.494  16.251 0.0000000000
115192  -44.284  30.738  25.354 0.0000000000
114374  -44.938  29.516  24.116 0.0000000000
114393  -43.898  30.009  23.309 0.0000000000
113602  -43.218  28.863  21.275 0.0000000000
113603  -43.654  29.324  20.727 0.0000000000
113613  -43.311  28.373  20.562 0.0000000000
112845  -42.890  27.464  18.741 0.0000000000
112092  -42.391  26.989  19.544 0.0000000000
112077  -41.095  26.063  19.781 0.0000000000
108323  -50.975  21.765  32.291 0.0000000000
111178  -48.168  25.263  25.114 0.0000000000
122063  -47.541  39.413  20.505 0.0000000000
122056  -46.805  39.474  22.141 0.0000000000
121263  -48.075  38.383  21.053 0.0000000000
119789  -48.411  36.566  21.868 0.0000000000
119062  -47.672  35.861  22.324 0.0000000000
119048  -45.976  35.487  23.487 0.0000000000
119079  -46.439  35.779  22.341 0.0000000000
105253  -46.439  20.342  39.987 0.0000000000
107309  -47.192  20.811  42.281 0.0000000000
108247  -46.946  22.526  38.867 0.0000000000
124275  -34.381  42.289  19.790 0.0000000000
124298  -42.703  42.723  17.961 0.0000000000
125016  -45.596  43.602  15.858 0.0000000000
124311  -46.399  42.825  14.978 0.0000000000
109195  -43.598  22.628  34.286 0.0000000000
110174  -44.593  24.301  31.212 0.0000000000
111118  -45.442  25.750  30.051 0.0000000000
122018  -41.428  39.482  27.509 0.0000000000
120468  -47.937  37.425  29.059 0.0000000000
120458  -46.932  37.517  29.924 0.0000000000
118992  -48.623  35.854  29.421 0.0000000000
117466  -48.566  33.735  30.173 0.0000000000
115955  -48.649  32.006  29.684 0.0000000000
115167  -47.856  30.584  28.687 0.0000000000
115174  -49.488  31.134  27.506 0.0000000000
115199  -49.996  30.350  25.212 0.0000000000
114400  -50.329  29.233  23.729 0.0000000000
112827  -50.633  27.065  21.837 0.0000000000
114425  -50.125  28.931  22.424 0.0000000000
113606  -48.738  28.204  21.607 0.0000000000
113604  -46.882  28.563  20.753 0.0000000000
115233  -42.894  31.088  23.508 0.0000000000
114308  -39.837  29.807  29.492 0.0000000000
125615  -43.690  44.310  24.699 0.0000000000
125579  -42.807  44.387  27.285 0.0000000000
124911  -44.231  43.404  25.706 0.0000000000
123506  -43.926  41.483  26.262 0.0000000000
122021  -45.924  39.343  26.960 0.0000000000
121253  -45.959  38.619  24.022 0.0000000000
121246  -46.576  38.027  25.401 0.0000000000
121234  -47.369  38.220  27.073 0.0000000000
120500  -48.395  37.285  27.297 0.0000000000
119020  -47.972  35.055  27.155 0.0000000000
117495  -47.627  33.402  26.840 0.0000000000
115967  -47.418  31.869  26.250 0.0000000000
116736  -46.158  32.763  26.122 0.0000000000
117502  -45.456  33.114  25.684 0.0000000000
117501  -44.188  33.122  25.392 0.0000000000
119034  -44.626  35.027  24.175 0.0000000000
118260  -43.700  33.833  25.039 0.0000000000
106299  -48.103  20.798  38.575 0.0000000000
106327  -49.294  21.309  36.406 0.0000000000
107372  -49.957  21.452  34.675 0.0000000000
108318  -51.447  22.607  33.735 0.0000000000
109217  -51.708  23.558  33.217 0.0000000000
110179  -51.893  24.569  31.633 0.0000000000
124188  -34.228  42.073  26.790 0.0000000000
123518  -34.738  41.407  25.430 0.0000000000
124189  -35.397  42.030  26.648 0.0000000000
123503  -36.983  42.140  26.326 0.0000000000
123522  -38.992  41.353  25.400 0.0000000000
124225  -40.843  42.267  25.272 0.0000000000
124266  -38.039  41.873  20.688 0.0000000000
123562  -39.240  41.419  21.923 0.0000000000
123552  -40.979  41.650  23.190 0.0000000000
124237  -42.321  43.006  23.602 0.0000000000
124951  -43.663  44.063  22.664 0.0000000000
124257  -44.322  43.349  21.518 0.0000000000
123564  -44.758  41.666  21.582 0.0000000000
124294  -44.019  42.033  18.809 0.0000000000
123579  -44.535  41.076  19.661 0.0000000000
122828  -45.902  39.879  19.831 0.0000000000
122090  -47.445  38.832  18.845 0.0000000000
121313  -48.443  37.533  17.748 0.0000000000
119925  -49.031  35.900  14.826 0.0000000000
119934  -47.246  37.302  14.031 0.0000000000
123605  -46.906  41.608  13.708 0.0000000000
107346  -45.362  22.086  38.541 0.0000000000
108282  -47.034  22.802  37.073 0.0000000000
109197  -45.412  23.077  34.508 0.0000000000
109182  -46.229  22.885  35.429 0.0000000000
109184  -49.046  23.736  35.527 0.0000000000
110133  -49.757  24.803  34.349 0.0000000000
111088  -51.340  25.757  32.334 0.0000000000
111123  -52.151  25.533  30.322 0.0000000000
115160  -41.659  30.397  29.543 0.0000000000
124852  -42.729  42.870  28.404 0.0000000000
122755  -42.900  40.304  27.842 0.0000000000
120497  -43.515  37.562  27.616 0.0000000000
120466  -46.344  37.301  29.317 0.0000000000
119737  -44.849  36.644  28.232 0.0000000000
119018  -43.583  36.089  27.763 0.0000000000
117481  -43.135  33.105  28.657 0.0000000000
115951  -43.508  31.225  29.925 0.0000000000
114301  -42.969  29.673  30.211 0.0000000000
112744  -44.358  27.844  30.215 0.0000000000
111980  -45.421  27.385  29.606 0.0000000000
111982  -47.156  26.753  29.120 0.0000000000
113529  -48.099  28.859  27.730 0.0000000000
112755  -47.909  27.672  28.328 0.0000000000
111984  -49.202  26.620  29.454 0.0000000000
111985  -50.172  26.738  29.331 0.0000000000
111987  -51.902  26.128  29.093 0.0000000000
110219  -51.894  24.844  27.436 0.0000000000
110240  -51.616  24.844  26.265 0.0000000000
111193  -49.565  25.328  24.018 0.0000000000
111206  -48.014  26.082  23.040 0.0000000000
111254  -50.306  26.033  20.736 0.0000000000
112082  -48.308  26.035  21.118 0.0000000000
112066  -46.996  26.351  21.505 0.0000000000
111237  -45.675  26.286  20.325 0.0000000000
111263  -43.904  26.099  18.586 0.0000000000
114355  -46.666  29.804  25.047 0.0000000000
114410  -46.275  28.810  22.516 0.0000000000
114434  -46.447  29.207  20.328 0.0000000000
115259  -43.989  30.391  21.397 0.0000000000
114432  -44.933  29.605  20.208 0.0000000000
114452  -45.391  29.105  18.654 0.0000000000
113647  -44.423  28.171  16.945 0.0000000000
112138  -42.909  26.334  17.414 0.0000000000
110188  -51.414  24.406  30.263 0.0000000000
109254  -50.654  24.091  29.794 0.0000000000
110197  -51.169  24.415  29.558 0.0000000000
110207  -50.144  24.548  28.224 0.0000000000
119126  -48.415  36.035  18.339 0.0000000000
119114  -48.213  36.240  19.373 0.0000000000
119125  -47.878  36.025  18.734 0.0000000000
111966  -42.025  26.841  30.424 0.0000000000
112741  -41.502  27.689  30.144 0.0000000000
124922  -41.347  43.281  26.062 0.0000000000
124888  -40.692  43.981  27.496 0.0000000000
124908  -41.630  44.077  26.761 0.0000000000
116739  -49.101  32.603  26.612 0.0000000000
115969  -49.512  31.912  26.112 0.0000000000
115980  -48.544  31.510  25.371 0.0000000000
115197  -48.815  31.337  24.564 0.0000000000
115179  -48.247  31.452  25.501 0.0000000000
123565  -45.443  41.044  21.857 0.0000000000
123545  -45.337  40.785  22.881 0.0000000000
122809  -46.164  40.295  22.024 0.0000000000
119026  -46.667  34.944  25.194 0.0000000000
119036  -46.579  35.297  24.353 0.0000000000
105270  -45.804  20.246  39.046 0.0000000000
108268  -48.290  22.547  38.064 0.0000000000
108269  -49.082  22.500  37.905 0.0000000000
109167  -49.206  23.137  37.170 0.0000000000
109175  -49.695  23.685  36.401 0.0000000000
109174  -48.699  23.409  36.694 0.0000000000
123558  -35.650  40.960  20.942 0.0000000000
122804  -35.924  40.019  22.417 0.0000000000
122814  -36.686  40.332  21.622 0.0000000000
122054  -37.298  39.762  22.797 0.0000000000
123560  -37.318  40.851  21.237 0.0000000000
125003  -40.259  43.044  17.669 0.0000000000
124992  -39.708  42.900  18.272 0.0000000000
124993  -40.686  42.804  18.578 0.0000000000
124281  -40.934  42.706  19.920 0.0000000000
124282  -41.626  42.837  19.696 0.0000000000
124981  -42.089  43.066  19.722 0.0000000000
124292  -42.450  42.899  18.918 0.0000000000
123588  -45.676  41.721  16.059 0.0000000000
123586  -45.299  41.482  16.864 0.0000000000
122854  -45.643  40.565  16.498 0.0000000000
122117  -46.137  39.450  16.560 0.0000000000
122127  -46.564  39.693  15.762 0.0000000000
122128  -46.914  39.672  15.168 0.0000000000
122869  -46.588  40.726  15.232 0.0000000000
108290  -40.462  22.407  35.754 0.0000000000
108291  -41.426  22.260  35.767 0.0000000000
108261  -41.226  22.067  37.584 0.0000000000
108277  -41.888  21.996  36.652 0.0000000000
108278  -42.970  21.985  36.621 0.0000000000
110187  -46.815  24.977  30.872 0.0000000000
110177  -47.360  24.796  31.570 0.0000000000
111101  -47.883  25.206  31.582 0.0000000000
111102  -48.670  25.322  31.827 0.0000000000
111121  -48.508  25.932  31.008 0.0000000000
120495  -41.570  37.676  27.267 0.0000000000
119751  -41.084  36.741  27.404 0.0000000000
119000  -41.212  35.149  28.181 0.0000000000
119016  -41.643  35.918  27.723 0.0000000000
123477  -45.764  40.002  27.908 0.0000000000
124155  -45.024  40.744  28.290 0.0000000000
122715  -45.754  39.330  28.503 0.0000000000
116701  -47.332  32.547  30.904 0.0000000000
117448  -47.065  33.276  30.711 0.0000000000
115936  -46.607  31.580  30.691 0.0000000000
116699  -45.828  32.104  30.398 0.0000000000
114305  -46.347  30.200  29.925 0.0000000000
115152  -46.713  30.732  30.279 0.0000000000
112803  -50.254  27.750  24.477 0.0000000000
112795  -49.933  27.398  25.178 0.0000000000
112796  -50.552  27.157  24.802 0.0000000000
112039  -51.166  26.702  25.108 0.0000000000
112805  -51.349  26.911  24.048 0.0000000000
112059  -52.147  25.894  23.508 0.0000000000
112070  -51.988  26.637  22.659 0.0000000000
113626  -47.954  28.361  18.873 0.0000000000
113640  -48.446  27.967  18.256 0.0000000000
113650  -47.172  28.230  17.333 0.0000000000
112870  -46.686  27.840  16.861 0.0000000000
113649  -46.380  28.535  16.981 0.0000000000
115976  -43.704  31.455  25.439 0.0000000000
115214  -43.611  30.577  24.548 0.0000000000
112816  -42.637  27.881  21.977 0.0000000000
112825  -42.907  27.964  20.926 0.0000000000
112833  -43.154  27.903  19.836 0.0000000000
112079  -42.520  27.246  20.593 0.0000000000
112078  -41.713  26.541  20.382 0.0000000000
112064  -42.197  26.829  21.588 0.0000000000
108324  -51.391  22.476  32.642 0.0000000000
111144  -48.550  24.871  26.688 0.0000000000
122076  -48.126  38.860  19.964 0.0000000000
121272  -47.793  38.887  20.803 0.0000000000
121273  -48.280  38.397  20.415 0.0000000000
119082  -48.155  36.054  21.167 0.0000000000
119063  -48.128  35.919  21.852 0.0000000000
119788  -48.171  36.123  22.242 0.0000000000
119061  -46.977  35.689  22.702 0.0000000000
119080  -46.931  35.667  21.851 0.0000000000
119805  -45.965  36.213  21.633 0.0000000000
106235  -46.864  20.015  43.075 0.0000000000
108215  -46.600  21.951  40.182 0.0000000000
108214  -46.179  22.117  40.022 0.0000000000
124263  -34.018  42.102  20.334 0.0000000000
125681  -45.221  44.037  15.850 0.0000000000
125021  -46.167  43.745  15.297 0.0000000000
125690  -45.505  44.691  15.226 0.0000000000
111116  -43.392  25.812  30.496 0.0000000000
110183  -43.364  25.111  30.878 0.0000000000
110184  -43.960  24.995  30.721 0.0000000000
110185  -44.978  24.880  30.518 0.0000000000
124178  -37.227  43.071  27.414 0.0000000000
122753  -41.772  40.213  27.837 0.0000000000
119729  -48.451  36.650  28.816 0.0000000000
119722  -48.185  36.729  29.761 0.0000000000
117490  -49.355  33.248  28.289 0.0000000000
117485  -49.111  33.196  28.957 0.0000000000
116722  -48.907  32.720  29.310 0.0000000000
116721  -48.574  32.814  29.962 0.0000000000
115956  -49.035  32.324  29.077 0.0000000000
115168  -48.932  31.110  28.298 0.0000000000
115169  -49.431  31.509  28.017 0.0000000000
115999  -50.108  30.860  24.524 0.0000000000
115983  -50.098  30.702  24.955 0.0000000000
115218  -50.206  30.324  24.658 0.0000000000
114380  -50.084  29.450  24.501 0.0000000000
115238  -50.263  30.278  23.774 0.0000000000
114413  -50.285  29.380  23.049 0.0000000000
115253  -50.118  30.262  23.000 0.0000000000
113581  -48.497  29.221  23.053 0.0000000000
113592  -49.180  29.057  22.453 0.0000000000
113591  -48.116  28.517  22.177 0.0000000000
113605  -47.762  28.232  21.132 0.0000000000
113590  -47.023  28.367  21.808 0.0000000000
125616  -44.360  44.269  24.417 0.0000000000
124924  -44.064  44.142  25.555 0.0000000000
124925  -44.410  43.770  25.132 0.0000000000
122780  -43.860  41.002  24.788 0.0000000000
123505  -43.838  41.589  25.555 0.0000000000
122769  -44.252  40.213  26.142 0.0000000000
122770  -44.738  40.039  26.651 0.0000000000
122032  -45.144  39.483  26.326 0.0000000000
121259  -47.279  38.530  22.175 0.0000000000
122049  -46.439  39.171  22.766 0.0000000000
121254  -46.587  38.464  23.355 0.0000000000
120509  -47.696  37.318  25.322 0.0000000000
120503  -47.326  37.695  25.781 0.0000000000
121241  -46.772  38.253  26.403 0.0000000000
121242  -47.573  37.892  26.423 0.0000000000
120505  -48.360  37.215  26.491 0.0000000000
119023  -47.653  35.554  26.451 0.0000000000
118250  -48.078  34.580  27.213 0.0000000000
116737  -47.021  32.658  26.484 0.0000000000
117494  -46.604  33.523  26.330 0.0000000000
117503  -46.055  33.518  25.976 0.0000000000
116744  -44.499  32.284  25.707 0.0000000000
119776  -45.915  35.723  23.002 0.0000000000
119047  -45.041  35.516  23.588 0.0000000000
119032  -42.556  35.264  24.542 0.0000000000
119033  -43.609  35.186  24.363 0.0000000000
106270  -46.758  20.704  40.723 0.0000000000
106285  -47.314  20.712  39.475 0.0000000000
107364  -49.693  21.813  36.790 0.0000000000
106319  -49.236  21.347  37.301 0.0000000000
107368  -49.842  21.871  35.717 0.0000000000
107373  -50.204  21.968  34.895 0.0000000000
108317  -51.031  22.297  34.176 0.0000000000
108309  -50.663  22.540  34.848 0.0000000000
109202  -51.417  23.530  34.224 0.0000000000
110146  -51.452  24.343  33.687 0.0000000000
110162  -51.784  24.771  32.648 0.0000000000
124223  -32.420  42.226  24.738 0.0000000000
124206  -32.230  41.936  25.706 0.0000000000
124187  -33.409  41.883  26.677 0.0000000000
124243  -33.770  42.199  22.393 0.0000000000
123540  -34.172  41.472  23.387 0.0000000000
122785  -35.728  39.967  24.393 0.0000000000
122775  -35.196  40.779  24.968 0.0000000000
124209  -35.014  41.714  25.979 0.0000000000
123519  -35.594  41.398  25.823 0.0000000000
123502  -36.205  41.886  26.393 0.0000000000
123520  -36.633  41.308  25.939 0.0000000000
122788  -38.963  40.483  24.377 0.0000000000
122778  -38.300  40.656  25.164 0.0000000000
123532  -39.149  40.932  24.815 0.0000000000
123523  -40.066  41.657  25.427 0.0000000000
123534  -40.788  41.733  24.700 0.0000000000
124253  -38.384  41.642  21.185 0.0000000000
124267  -39.299  42.473  20.516 0.0000000000
124256  -41.292  42.739  21.349 0.0000000000
124244  -40.709  41.921  22.322 0.0000000000
124245  -41.388  42.311  22.688 0.0000000000
124236  -41.640  42.417  23.983 0.0000000000
124246  -42.346  43.253  22.720 0.0000000000
124943  -43.122  43.523  23.175 0.0000000000
124950  -43.037  43.601  22.224 0.0000000000
124970  -43.353  43.463  20.862 0.0000000000
124960  -44.012  43.813  21.692 0.0000000000
124270  -43.924  43.064  21.397 0.0000000000
124258  -44.955  43.005  21.624 0.0000000000
124271  -44.194  42.287  21.051 0.0000000000
125005  -43.145  43.000  17.300 0.0000000000
124299  -43.519  42.549  17.948 0.0000000000
122843  -44.829  40.327  18.254 0.0000000000
123582  -44.495  41.157  18.504 0.0000000000
122835  -45.130  40.189  19.215 0.0000000000
122827  -45.196  40.418  19.973 0.0000000000
122073  -46.014  39.651  19.555 0.0000000000
122074  -46.439  39.564  19.524 0.0000000000
122089  -46.504  39.136  18.787 0.0000000000
121326  -47.369  38.129  16.487 0.0000000000
121312  -47.624  38.023  17.491 0.0000000000
120582  -48.121  37.465  16.871 0.0000000000
120584  -49.092  36.574  17.390 0.0000000000
119893  -49.018  36.417  16.528 0.0000000000
119906  -48.829  36.392  15.722 0.0000000000
121350  -47.398  38.521  14.394 0.0000000000
120617  -47.642  37.437  14.348 0.0000000000
120627  -47.273  37.773  13.912 0.0000000000
121362  -47.288  38.470  13.549 0.0000000000
123596  -46.555  41.810  14.616 0.0000000000
107318  -43.106  21.902  40.733 0.0000000000
108264  -44.402  21.902  37.464 0.0000000000
107359  -44.641  21.784  38.253 0.0000000000
108265  -45.420  22.056  37.900 0.0000000000
108266  -46.481  22.524  37.965 0.0000000000
108281  -46.065  22.431  37.017 0.0000000000
109213  -44.780  22.765  33.353 0.0000000000
109196  -44.369  22.745  34.257 0.0000000000
109216  -47.822  23.857  33.666 0.0000000000
109198  -46.714  23.324  34.530 0.0000000000
109199  -48.071  23.666  34.442 0.0000000000
109183  -47.583  23.132  35.896 0.0000000000
110124  -49.362  24.160  34.806 0.0000000000
110132  -48.954  24.208  34.141 0.0000000000
111104  -50.393  26.094  31.793 0.0000000000
111087  -50.441  25.751  32.622 0.0000000000
111947  -51.258  26.372  31.729 0.0000000000
111105  -51.631  26.084  31.664 0.0000000000
111956  -51.533  26.494  30.993 0.0000000000
116726  -41.220  32.902  28.646 0.0000000000
115949  -41.461  31.250  29.173 0.0000000000
124891  -43.291  43.688  27.348 0.0000000000
124871  -42.731  43.485  28.131 0.0000000000
124872  -43.248  42.852  28.116 0.0000000000
121991  -44.519  39.219  28.174 0.0000000000
122727  -43.869  40.259  28.468 0.0000000000
122000  -43.921  39.418  27.909 0.0000000000
121231  -43.170  38.678  27.723 0.0000000000
120475  -43.994  38.099  27.950 0.0000000000
119721  -47.566  36.701  30.239 0.0000000000
120457  -46.473  37.636  29.465 0.0000000000
119720  -46.885  36.660  29.908 0.0000000000
118989  -46.023  34.763  29.137 0.0000000000
119004  -45.590  35.689  28.794 0.0000000000
119003  -44.385  35.497  28.108 0.0000000000
118239  -43.826  34.293  28.289 0.0000000000
117482  -44.341  33.506  28.761 0.0000000000
115934  -44.616  31.109  30.378 0.0000000000
116718  -44.249  32.086  29.554 0.0000000000
115149  -43.783  30.530  30.386 0.0000000000
115148  -43.202  30.273  30.138 0.0000000000
113502  -43.211  28.736  30.477 0.0000000000
113503  -44.156  28.750  30.491 0.0000000000
113513  -45.753  28.773  29.575 0.0000000000
112745  -44.932  27.965  29.800 0.0000000000
112751  -45.834  27.906  29.257 0.0000000000
111981  -46.171  26.888  29.399 0.0000000000
115173  -48.575  30.345  27.646 0.0000000000
115172  -47.872  30.013  28.203 0.0000000000
114324  -48.380  29.479  27.263 0.0000000000
112770  -48.929  27.520  27.173 0.0000000000
112756  -48.476  27.614  27.919 0.0000000000
111993  -48.437  26.994  28.683 0.0000000000
111994  -49.280  26.891  28.318 0.0000000000
111995  -50.301  26.774  28.306 0.0000000000
112015  -51.706  26.141  26.652 0.0000000000
111997  -51.745  26.044  27.730 0.0000000000
111145  -52.084  25.459  27.092 0.0000000000
111135  -52.120  25.414  28.278 0.0000000000
110220  -52.238  25.051  26.863 0.0000000000
110241  -52.098  24.969  26.412 0.0000000000
111209  -50.724  25.371  23.091 0.0000000000
110270  -51.242  25.013  24.064 0.0000000000
111208  -49.885  25.292  23.157 0.0000000000
111207  -48.994  25.484  23.138 0.0000000000
112057  -48.988  25.463  22.585 0.0000000000
112838  -50.278  26.849  21.077 0.0000000000
112084  -51.003  26.387  21.757 0.0000000000
112850  -49.954  26.741  20.323 0.0000000000
112111  -48.256  26.614  19.248 0.0000000000
112095  -48.300  26.281  20.214 0.0000000000
112094  -47.450  26.598  19.904 0.0000000000
112081  -47.588  26.403  20.869 0.0000000000
112080  -46.665  26.524  20.698 0.0000000000
112125  -45.186  26.789  17.398 0.0000000000
111264  -45.011  26.366  18.710 0.0000000000
111276  -43.466  26.126  17.612 0.0000000000
115979  -46.784  31.167  25.969 0.0000000000
115195  -47.220  30.592  25.430 0.0000000000
115194  -46.175  30.421  25.638 0.0000000000
114395  -45.560  29.223  23.292 0.0000000000
114423  -46.163  28.992  21.412 0.0000000000
114422  -45.589  29.723  21.135 0.0000000000
116034  -42.815  31.245  22.028 0.0000000000
115249  -43.452  30.767  22.068 0.0000000000
114440  -44.235  29.075  19.755 0.0000000000
114431  -44.127  29.571  20.377 0.0000000000
114441  -44.780  29.144  19.407 0.0000000000
114442  -45.565  29.396  19.447 0.0000000000
114451  -44.946  28.956  18.744 0.0000000000
113636  -44.867  28.715  18.073 0.0000000000
113635  -43.938  28.363  17.970 0.0000000000
112106  -42.256  26.745  18.557 0.0000000000
112858  -42.846  27.152  17.899 0.0000000000
112123  -42.350  26.520  17.818 0.0000000000
112137  -42.375  25.788  17.556 0.0000000000
109242  -50.805  23.855  30.528 0.0000000000
110195  -49.539  24.283  29.196 0.0000000000
120559  -48.833  37.230  18.900 0.0000000000
120547  -48.691  37.344  20.010 0.0000000000
119849  -48.615  36.621  19.160 0.0000000000
119099  -48.151  36.191  20.286 0.0000000000
119098  -47.552  35.954  20.608 0.0000000000
119097  -47.077  35.804  21.149 0.0000000000
119829  -47.234  36.217  19.854 0.0000000000
111115  -42.526  26.034  30.730 0.0000000000
124906  -39.255  43.403  26.733 0.0000000000
124887  -39.652  43.653  27.362 0.0000000000
124869  -41.109  43.660  28.183 0.0000000000
118251  -48.678  34.807  27.829 0.0000000000
118241  -48.890  35.096  28.926 0.0000000000
117489  -48.959  33.775  27.775 0.0000000000
116740  -49.674  32.301  27.043 0.0000000000
115970  -49.913  31.527  26.707 0.0000000000
115998  -49.735  31.301  24.498 0.0000000000
115237  -49.848  30.788  23.220 0.0000000000
116020  -49.186  31.195  23.913 0.0000000000
114378  -48.850  30.564  23.689 0.0000000000
114377  -48.290  30.069  23.992 0.0000000000
124239  -45.557  43.216  23.210 0.0000000000
124228  -44.771  42.940  24.542 0.0000000000
123544  -44.936  41.457  23.121 0.0000000000
122791  -44.409  40.685  24.153 0.0000000000
122047  -44.989  39.806  23.913 0.0000000000
120517  -47.648  37.493  22.979 0.0000000000
120512  -47.125  37.792  23.869 0.0000000000
120513  -47.544  37.255  24.322 0.0000000000
120510  -48.079  37.076  25.828 0.0000000000
119759  -48.235  36.784  26.246 0.0000000000
119763  -47.957  36.805  25.812 0.0000000000
119758  -47.766  36.406  25.962 0.0000000000
118263  -47.117  34.891  25.808 0.0000000000
118253  -46.698  34.018  26.243 0.0000000000
118271  -45.272  34.477  24.727 0.0000000000
106309  -47.208  20.545  37.486 0.0000000000
106286  -48.113  21.044  39.081 0.0000000000
108233  -48.212  21.698  38.876 0.0000000000
107348  -49.197  22.016  38.145 0.0000000000
108298  -50.313  22.714  35.952 0.0000000000
108284  -50.056  23.209  36.385 0.0000000000
110126  -50.405  24.182  35.439 0.0000000000
124224  -33.188  42.058  24.556 0.0000000000
123548  -34.365  41.205  22.256 0.0000000000
122794  -34.915  40.542  22.888 0.0000000000
122795  -35.514  39.975  23.457 0.0000000000
122039  -36.245  39.644  24.159 0.0000000000
122777  -37.207  40.552  25.329 0.0000000000
122046  -37.168  39.655  23.457 0.0000000000
122796  -37.903  39.869  23.102 0.0000000000
122808  -39.025  40.423  22.962 0.0000000000
124289  -39.328  42.687  18.822 0.0000000000
124958  -41.952  43.440  20.910 0.0000000000
124969  -42.626  43.567  20.434 0.0000000000
124983  -43.114  43.387  19.960 0.0000000000
124306  -44.855  42.734  16.871 0.0000000000
124300  -44.384  42.273  17.604 0.0000000000
124301  -45.018  42.130  17.126 0.0000000000
122844  -45.079  40.427  17.357 0.0000000000
122104  -46.144  39.026  17.652 0.0000000000
120595  -47.835  37.566  15.936 0.0000000000
121338  -47.231  38.611  15.387 0.0000000000
122138  -47.242  39.520  14.524 0.0000000000
108289  -39.591  22.612  35.753 0.0000000000
108275  -39.900  22.448  36.543 0.0000000000
108260  -40.207  22.392  37.433 0.0000000000
108242  -40.472  22.353  38.411 0.0000000000
107330  -43.328  21.799  39.672 0.0000000000
107357  -43.150  21.617  37.889 0.0000000000
108263  -43.462  21.819  37.366 0.0000000000
108279  -44.013  22.094  36.614 0.0000000000
109235  -45.827  24.032  31.827 0.0000000000
109214  -45.869  23.394  33.465 0.0000000000
109229  -46.859  23.967  32.704 0.0000000000
110142  -47.284  24.104  32.765 0.0000000000
110143  -47.871  24.200  33.148 0.0000000000
110161  -49.050  24.732  32.971 0.0000000000
111085  -48.979  24.915  32.522 0.0000000000
111103  -49.755  25.678  31.894 0.0000000000
111954  -49.891  26.173  31.175 0.0000000000
118999  -40.449  35.008  28.095 0.0000000000
118237  -41.653  34.359  28.381 0.0000000000
117480  -41.981  33.501  28.585 0.0000000000
123475  -44.451  41.406  27.922 0.0000000000
123474  -43.844  41.678  28.565 0.0000000000
123461  -44.804  41.041  28.080 0.0000000000
122713  -44.504  40.202  28.946 0.0000000000
121992  -44.946  39.306  28.445 0.0000000000
118215  -47.393  34.282  30.315 0.0000000000
118991  -47.222  35.461  29.939 0.0000000000
118214  -46.772  33.611  30.339 0.0000000000
118221  -45.706  33.821  29.234 0.0000000000
117464  -44.964  32.984  29.359 0.0000000000
116719  -45.262  32.157  30.104 0.0000000000
115935  -45.552  31.490  30.488 0.0000000000
115150  -44.776  30.493  30.548 0.0000000000
114303  -44.925  29.662  30.614 0.0000000000
114304  -45.767  29.795  30.111 0.0000000000
114312  -45.843  29.335  29.816 0.0000000000
114317  -46.672  29.094  28.934 0.0000000000
114358  -49.013  28.990  25.906 0.0000000000
113545  -48.724  28.401  26.341 0.0000000000
113557  -49.154  28.456  25.728 0.0000000000
112785  -49.697  27.115  26.163 0.0000000000
112771  -49.503  27.157  26.861 0.0000000000
112013  -50.285  26.779  27.175 0.0000000000
112030  -51.187  26.566  26.041 0.0000000000
112031  -51.618  26.303  25.830 0.0000000000
111181  -52.124  25.683  25.354 0.0000000000
110272  -52.090  24.954  24.516 0.0000000000
111196  -52.284  25.266  23.974 0.0000000000
111211  -52.054  25.409  23.053 0.0000000000
111225  -50.803  25.660  22.305 0.0000000000
112836  -49.174  27.670  19.921 0.0000000000
112863  -49.382  26.933  18.946 0.0000000000
112862  -48.920  27.313  18.138 0.0000000000
112128  -48.124  27.257  18.451 0.0000000000
112110  -47.284  26.848  18.849 0.0000000000
112109  -46.201  26.760  18.491 0.0000000000
112141  -45.619  26.990  16.687 0.0000000000
112150  -45.450  27.159  16.226 0.0000000000
115977  -44.768  31.355  25.816 0.0000000000
114354  -45.540  29.775  25.057 0.0000000000
115215  -44.528  30.100  24.820 0.0000000000
114373  -43.967  29.875  23.864 0.0000000000
114394  -44.452  29.832  23.083 0.0000000000
114420  -42.466  29.781  21.747 0.0000000000
114421  -43.382  29.815  21.088 0.0000000000
112834  -43.591  28.470  19.420 0.0000000000
112846  -43.441  28.200  18.786 0.0000000000
112091  -41.593  26.441  19.215 0.0000000000
107384  -51.002  21.357  32.915 0.0000000000
122818  -46.614  40.026  21.220 0.0000000000
122810  -46.677  39.878  21.705 0.0000000000
122060  -47.383  39.473  21.146 0.0000000000
121262  -47.630  38.655  21.395 0.0000000000
120521  -47.855  37.931  21.863 0.0000000000
120532  -48.394  37.619  21.231 0.0000000000
120522  -48.258  37.267  22.215 0.0000000000
120518  -48.218  37.026  22.675 0.0000000000
119050  -47.405  36.053  23.202 0.0000000000
119049  -46.792  35.665  23.488 0.0000000000
119060  -46.351  35.686  22.934 0.0000000000
119787  -45.879  35.918  22.558 0.0000000000
119806  -46.651  35.959  21.299 0.0000000000
105235  -45.602  19.891  41.278 0.0000000000
106236  -47.502  20.594  43.354 0.0000000000
107308  -46.979  21.156  41.695 0.0000000000
107322  -47.078  21.247  40.281 0.0000000000
108231  -47.297  21.930  39.643 0.0000000000
108248  -47.795  22.274  38.729 0.0000000000
108267  -47.533  22.635  37.943 0.0000000000
124251  -33.693  42.222  21.641 0.0000000000
123556  -33.973  41.725  21.051 0.0000000000
123568  -34.536  41.711  20.369 0.0000000000
123569  -35.367  41.369  20.444 0.0000000000
124297  -41.882  42.580  18.159 0.0000000000
125014  -44.167  43.719  16.511 0.0000000000
125015  -44.952  43.475  16.359 0.0000000000
124310  -45.975  42.758  15.714 0.0000000000
123595  -46.133  41.826  15.347 0.0000000000
125691  -46.180  44.325  14.851 0.0000000000
109233  -44.443  23.738  31.808 0.0000000000
110175  -45.633  24.335  31.280 0.0000000000
110186  -45.978  24.947  30.689 0.0000000000
111119  -46.472  25.500  30.267 0.0000000000
121229  -41.006  38.601  27.360 0.0000000000
121230  -42.034  38.616  27.397 0.0000000000
121205  -47.198  38.414  28.494 0.0000000000
121985  -46.758  38.363  29.037 0.0000000000
120459  -47.526  37.507  29.734 0.0000000000
118983  -48.238  35.804  30.296 0.0000000000
118224  -48.632  34.880  29.829 0.0000000000
118216  -48.148  34.708  30.654 0.0000000000
116702  -48.157  32.778  30.619 0.0000000000
115937  -47.745  31.710  30.536 0.0000000000
115959  -47.802  31.044  29.261 0.0000000000
115960  -48.398  31.362  29.050 0.0000000000
115180  -48.819  30.006  26.941 0.0000000000
115181  -49.443  30.519  26.564 0.0000000000
114337  -49.499  29.977  26.052 0.0000000000
114379  -49.743  28.995  24.884 0.0000000000
113571  -50.232  28.444  24.044 0.0000000000
113583  -50.505  28.217  23.403 0.0000000000
113595  -50.922  27.614  22.988 0.0000000000
113594  -50.447  28.273  22.762 0.0000000000
113608  -50.213  27.912  22.221 0.0000000000
112826  -49.944  27.521  21.443 0.0000000000
114412  -49.818  29.748  22.661 0.0000000000
113607  -49.643  28.465  22.019 0.0000000000
113618  -49.256  27.754  21.006 0.0000000000
113617  -48.454  27.941  20.499 0.0000000000
113616  -47.535  28.466  20.013 0.0000000000
114444  -47.083  28.980  19.531 0.0000000000
115213  -42.992  30.858  23.990 0.0000000000
115995  -42.542  31.445  24.109 0.0000000000
116018  -42.586  31.383  22.971 0.0000000000
116041  -42.462  31.042  21.793 0.0000000000
115257  -42.132  30.546  21.740 0.0000000000
113589  -42.446  28.826  22.339 0.0000000000
112809  -42.491  28.217  22.603 0.0000000000
125590  -42.436  44.390  26.854 0.0000000000
125603  -43.586  44.350  25.656 0.0000000000
124910  -43.864  43.760  26.129 0.0000000000
124195  -43.746  43.050  26.777 0.0000000000
123526  -44.186  42.200  25.323 0.0000000000
124196  -44.089  42.785  26.087 0.0000000000
124180  -44.085  42.246  26.903 0.0000000000
123491  -44.443  41.205  27.127 0.0000000000
122757  -45.307  40.085  27.008 0.0000000000
122022  -46.107  39.600  27.414 0.0000000000
122055  -46.216  39.754  22.584 0.0000000000
122048  -45.767  39.413  23.324 0.0000000000
122042  -45.349  39.121  24.345 0.0000000000
121250  -46.556  38.131  24.403 0.0000000000
121249  -45.863  38.488  24.906 0.0000000000
122035  -45.210  39.126  25.334 0.0000000000
121245  -45.866  38.576  25.907 0.0000000000
121233  -46.532  38.874  27.277 0.0000000000
121214  -47.108  38.628  27.927 0.0000000000
120479  -47.842  37.862  27.612 0.0000000000
120480  -48.244  37.345  28.192 0.0000000000
119740  -48.563  36.627  27.823 0.0000000000
119756  -48.460  36.694  26.940 0.0000000000
119021  -48.335  35.862  27.337 0.0000000000
117488  -48.248  34.052  27.225 0.0000000000
116738  -48.072  32.571  26.646 0.0000000000
115966  -46.437  31.956  26.096 0.0000000000
116745  -45.522  32.112  25.822 0.0000000000
116743  -43.479  32.480  25.560 0.0000000000
119035  -45.615  35.008  24.133 0.0000000000
118270  -44.189  34.427  24.636 0.0000000000
105271  -46.619  20.445  39.393 0.0000000000
106298  -47.399  20.524  38.438 0.0000000000
106310  -48.056  20.797  37.754 0.0000000000
106311  -48.771  21.144  37.893 0.0000000000
106318  -48.677  21.084  37.071 0.0000000000
107378  -50.150  21.244  34.256 0.0000000000
107379  -50.565  21.649  34.041 0.0000000000
107385  -51.169  21.982  33.444 0.0000000000
109201  -51.070  23.198  34.752 0.0000000000
109230  -51.714  23.702  32.206 0.0000000000
110189  -51.843  24.688  30.652 0.0000000000
123530  -33.753  41.779  24.163 0.0000000000
123531  -34.462  41.276  24.512 0.0000000000
123517  -33.939  41.625  25.085 0.0000000000
124208  -34.424  41.840  25.960 0.0000000000
124176  -35.185  42.001  27.372 0.0000000000
124177  -36.279  42.616  27.639 0.0000000000
124190  -36.524  42.588  26.829 0.0000000000
124191  -37.496  42.788  26.694 0.0000000000
123521  -37.750  41.580  25.914 0.0000000000
124210  -37.880  42.339  26.315 0.0000000000
124193  -38.899  42.833  26.387 0.0000000000
124194  -39.642  42.940  26.245 0.0000000000
124213  -40.342  42.535  25.801 0.0000000000
124214  -41.057  42.762  25.562 0.0000000000
123571  -37.139  41.330  20.724 0.0000000000
123572  -37.670  41.334  21.075 0.0000000000
123549  -38.912  40.910  22.077 0.0000000000
123550  -39.424  40.923  22.637 0.0000000000
124255  -40.133  42.143  21.777 0.0000000000
123551  -40.407  41.539  22.725 0.0000000000
123542  -40.602  41.315  23.733 0.0000000000
123543  -41.202  41.833  23.768 0.0000000000
124226  -41.348  42.457  24.846 0.0000000000
124227  -42.195  42.907  24.700 0.0000000000
124932  -43.134  43.648  24.389 0.0000000000
124933  -43.612  44.180  24.132 0.0000000000
125633  -44.125  44.384  23.107 0.0000000000
125642  -44.231  44.247  22.423 0.0000000000
124953  -45.363  43.905  22.397 0.0000000000
124248  -45.609  43.424  22.412 0.0000000000
123574  -45.287  40.988  21.283 0.0000000000
124293  -43.337  42.962  19.136 0.0000000000
124285  -43.973  42.066  19.985 0.0000000000
123573  -44.701  41.285  20.696 0.0000000000
122822  -45.642  40.437  20.687 0.0000000000
122823  -46.612  39.911  20.475 0.0000000000
122075  -47.491  39.273  19.692 0.0000000000
121286  -47.956  38.801  19.081 0.0000000000
121299  -47.025  38.491  18.124 0.0000000000
121300  -48.038  38.321  18.443 0.0000000000
121301  -48.639  37.685  18.498 0.0000000000
120570  -49.030  36.893  17.909 0.0000000000
119867  -49.126  36.174  17.649 0.0000000000
120618  -48.049  37.074  14.899 0.0000000000
119923  -47.539  36.471  14.329 0.0000000000
122883  -46.953  41.015  14.456 0.0000000000
122884  -47.269  40.484  13.961 0.0000000000
107306  -44.846  22.066  41.942 0.0000000000
107331  -44.333  21.926  39.549 0.0000000000
107332  -45.076  22.191  39.776 0.0000000000
108229  -45.801  22.220  39.703 0.0000000000
108246  -45.858  22.326  38.869 0.0000000000
109173  -47.952  23.016  37.170 0.0000000000
108307  -43.997  22.485  34.955 0.0000000000
108294  -44.616  22.491  35.790 0.0000000000
109181  -45.319  22.850  35.379 0.0000000000
108295  -45.646  22.598  36.107 0.0000000000
108296  -46.557  22.677  36.287 0.0000000000
110125  -49.823  24.344  35.298 0.0000000000
111071  -50.600  24.960  34.290 0.0000000000
111077  -49.818  25.138  33.717 0.0000000000
111078  -50.174  25.393  33.546 0.0000000000
111079  -50.925  25.178  33.540 0.0000000000
110163  -51.790  25.405  32.195 0.0000000000
110190  -52.097  25.158  31.137 0.0000000000
111122  -52.051  25.070  30.054 0.0000000000
115159  -40.666  30.446  29.207 0.0000000000
114309  -40.852  29.415  29.527 0.0000000000
113510  -41.578  29.100  29.809 0.0000000000
125578  -42.256  44.405  27.447 0.0000000000
124166  -42.207  42.205  28.540 0.0000000000
123459  -43.372  41.426  28.696 0.0000000000
123458  -42.798  41.564  28.685 0.0000000000
123490  -42.112  40.774  28.001 0.0000000000
122019  -42.312  39.489  27.726 0.0000000000
120496  -42.611  37.689  27.338 0.0000000000
121197  -46.442  38.092  29.253 0.0000000000
121196  -45.969  38.316  28.959 0.0000000000
120465  -45.851  37.726  28.739 0.0000000000
118990  -46.822  35.661  29.533 0.0000000000
119738  -45.776  36.592  28.724 0.0000000000
120476  -44.718  37.673  28.094 0.0000000000
120498  -44.236  37.268  27.875 0.0000000000
119754  -43.856  36.796  27.662 0.0000000000
119017  -42.648  35.974  27.704 0.0000000000
119002  -43.225  35.208  28.033 0.0000000000
118238  -42.673  34.240  28.237 0.0000000000
116728  -42.659  32.461  28.865 0.0000000000
117463  -43.899  32.736  29.044 0.0000000000
116717  -43.206  32.158  29.143 0.0000000000
116716  -42.197  31.979  29.043 0.0000000000
115950  -42.458  31.218  29.443 0.0000000000
114310  -41.898  29.679  29.893 0.0000000000
113501  -42.128  28.765  30.110 0.0000000000
112742  -42.563  27.776  30.325 0.0000000000
112743  -43.525  27.793  30.456 0.0000000000
111968  -43.881  26.824  30.247 0.0000000000
113504  -44.975  28.811  30.220 0.0000000000
111969  -44.801  26.866  29.902 0.0000000000
111970  -45.558  26.578  29.715 0.0000000000
111126  -46.087  26.113  29.796 0.0000000000
111128  -47.591  26.207  29.905 0.0000000000
114314  -47.205  30.104  29.123 0.0000000000
114318  -47.270  29.520  28.637 0.0000000000
113517  -46.883  28.519  28.681 0.0000000000
113530  -48.368  28.492  27.180 0.0000000000
113519  -48.098  28.244  27.898 0.0000000000
112754  -47.261  27.678  28.612 0.0000000000
111992  -47.762  27.085  28.802 0.0000000000
111983  -48.183  26.580  29.552 0.0000000000
111971  -48.148  26.209  30.406 0.0000000000
111972  -49.025  26.297  30.486 0.0000000000
111973  -50.030  26.525  30.337 0.0000000000
111974  -50.919  26.936  30.240 0.0000000000
111996  -51.145  26.559  28.110 0.0000000000
111986  -51.083  26.728  29.199 0.0000000000
111975  -51.671  26.548  29.996 0.0000000000
111988  -52.130  26.068  29.534 0.0000000000
111129  -52.179  25.336  29.428 0.0000000000
110209  -51.791  24.839  28.821 0.0000000000
110218  -50.904  24.679  27.197 0.0000000000
110239  -50.628  24.979  25.856 0.0000000000
110257  -51.615  24.877  25.127 0.0000000000
111180  -50.173  25.216  24.836 0.0000000000
111165  -49.761  25.194  25.560 0.0000000000
111192  -48.562  25.518  24.089 0.0000000000
112085  -52.002  26.721  21.598 0.0000000000
111240  -50.722  25.955  21.442 0.0000000000
111239  -50.135  25.479  21.479 0.0000000000
112113  -49.639  26.456  19.886 0.0000000000
111266  -49.385  25.905  20.361 0.0000000000
112083  -48.899  25.604  21.392 0.0000000000
112068  -48.350  25.918  22.032 0.0000000000
111221  -47.161  26.168  22.278 0.0000000000
111205  -46.698  25.957  23.199 0.0000000000
111220  -45.925  26.263  21.870 0.0000000000
111236  -44.745  25.758  20.898 0.0000000000
111251  -45.627  26.393  19.225 0.0000000000
111250  -44.796  25.974  19.608 0.0000000000
115178  -47.727  31.313  25.713 0.0000000000
114356  -47.604  30.227  24.719 0.0000000000
114376  -47.223  29.419  24.315 0.0000000000
114375  -46.079  29.301  24.297 0.0000000000
114396  -46.693  28.879  23.557 0.0000000000
113580  -47.396  28.636  22.840 0.0000000000
114443  -46.362  29.396  19.460 0.0000000000
115234  -43.544  30.547  23.097 0.0000000000
115264  -43.793  30.196  20.996 0.0000000000
115265  -44.462  30.070  20.750 0.0000000000
115260  -44.887  30.137  21.091 0.0000000000
114433  -45.547  29.652  20.334 0.0000000000
114453  -46.196  29.254  18.575 0.0000000000
113648  -45.419  28.634  16.844 0.0000000000
113660  -45.139  28.143  16.120 0.0000000000
112148  -44.459  27.116  16.615 0.0000000000
112859  -43.403  27.763  17.964 0.0000000000
112868  -43.749  27.309  17.181 0.0000000000
112139  -44.024  26.738  17.022 0.0000000000
105236  -46.319  20.091  40.852 0.0000000000
106210  -46.068  20.386  43.707 0.0000000000
106212  -47.315  20.951  44.001 0.0000000000
106258  -46.454  20.527  41.949 0.0000000000
106259  -47.239  20.546  42.682 0.0000000000
106284  -46.767  20.460  38.928 0.0000000000
106287  -48.304  21.259  38.877 0.0000000000
106300  -48.457  21.191  38.576 0.0000000000
106312  -49.188  21.378  37.711 0.0000000000
107271  -47.405  21.340  43.459 0.0000000000
107288  -47.541  21.028  42.669 0.0000000000
107334  -48.158  21.420  39.058 0.0000000000
107335  -48.404  21.520  38.697 0.0000000000
107343  -42.942  21.657  38.569 0.0000000000
107344  -44.001  21.755  38.835 0.0000000000
107345  -44.975  22.050  38.945 0.0000000000
107347  -48.906  21.627  38.265 0.0000000000
107360  -45.129  21.938  38.416 0.0000000000
107362  -49.408  21.825  37.711 0.0000000000
107369  -50.256  22.262  35.356 0.0000000000
107380  -51.080  22.098  33.845 0.0000000000
108230  -46.477  22.264  39.589 0.0000000000
108244  -42.297  21.714  38.417 0.0000000000
108245  -45.426  22.218  39.326 0.0000000000
108249  -48.486  22.017  38.530 0.0000000000
108250  -48.982  22.061  38.294 0.0000000000
108308  -44.730  22.808  34.991 0.0000000000
108310  -51.218  22.787  34.386 0.0000000000
109166  -48.591  23.004  37.528 0.0000000000
109176  -50.313  23.609  36.026 0.0000000000
109185  -49.672  24.101  35.873 0.0000000000
109187  -51.071  23.745  34.835 0.0000000000
109200  -48.909  23.867  34.713 0.0000000000
109228  -46.143  23.844  32.458 0.0000000000
109234  -45.333  23.779  31.735 0.0000000000
109243  -51.404  24.212  30.694 0.0000000000
110120  -50.164  24.036  36.062 0.0000000000
110127  -50.847  24.004  35.101 0.0000000000
110134  -50.316  24.785  34.766 0.0000000000
110144  -48.666  24.420  33.374 0.0000000000
110145  -49.375  24.722  33.574 0.0000000000
110158  -46.880  24.223  32.143 0.0000000000
110159  -47.627  24.507  32.398 0.0000000000
110160  -48.403  24.721  32.619 0.0000000000
110176  -46.491  24.532  31.376 0.0000000000
110180  -52.022  25.248  31.813 0.0000000000
110256  -51.070  24.962  24.632 0.0000000000
110258  -51.978  25.002  25.516 0.0000000000
110281  -51.995  24.985  23.459 0.0000000000
110282  -52.136  24.975  23.766 0.0000000000
111069  -49.978  25.312  34.035 0.0000000000
111070  -50.301  25.216  34.174 0.0000000000
111089  -51.791  25.689  31.863 0.0000000000
111106  -52.042  25.830  31.226 0.0000000000
111127  -46.854  26.040  29.743 0.0000000000
111130  -52.182  25.853  29.651 0.0000000000
111164  -48.965  25.113  25.964 0.0000000000
111166  -51.976  25.734  26.072 0.0000000000
111167  -52.098  25.269  25.813 0.0000000000
111179  -49.196  25.297  24.943 0.0000000000
111182  -52.225  25.334  24.888 0.0000000000
111194  -50.593  25.196  23.927 0.0000000000
111195  -51.252  25.142  23.658 0.0000000000
111210  -51.553  25.344  23.150 0.0000000000
111222  -47.802  26.185  22.278 0.0000000000
111223  -49.391  25.369  22.505 0.0000000000
111226  -51.557  25.755  22.229 0.0000000000
111238  -49.487  25.396  21.766 0.0000000000
111241  -51.717  26.014  21.543 0.0000000000
111242  -52.131  26.022  21.493 0.0000000000
111252  -49.481  25.566  20.948 0.0000000000
111253  -49.974  25.856  20.559 0.0000000000
111255  -51.925  26.013  21.123 0.0000000000
111256  -52.203  25.989  21.102 0.0000000000
111265  -45.584  26.524  18.633 0.0000000000
111267  -49.523  26.131  20.120 0.0000000000
111268  -52.298  26.182  20.972 0.0000000000
111269  -52.242  26.010  20.846 0.0000000000
111946  -50.848  26.322  32.074 0.0000000000
111957  -52.038  26.199  30.506 0.0000000000
111976  -52.109  26.121  29.861 0.0000000000
112029  -50.455  26.702  26.139 0.0000000000
112041  -52.173  25.902  24.767 0.0000000000
112048  -51.424  26.730  24.499 0.0000000000
112049  -51.887  26.445  24.117 0.0000000000
112050  -52.235  25.730  24.253 0.0000000000
112056  -48.667  25.689  22.587 0.0000000000
112058  -51.885  26.562  23.137 0.0000000000
112067  -47.709  26.259  21.693 0.0000000000
112069  -48.943  25.496  22.130 0.0000000000
112071  -52.087  26.199  22.588 0.0000000000
112086  -52.160  26.124  22.238 0.0000000000
112096  -48.930  25.848  20.567 0.0000000000
112097  -50.060  26.182  20.409 0.0000000000
112098  -50.325  26.325  20.830 0.0000000000
112099  -52.261  26.657  21.090 0.0000000000
112100  -52.161  25.883  21.453 0.0000000000
112107  -44.756  26.555  18.063 0.0000000000
112112  -49.095  26.230  19.712 0.0000000000
112114  -50.001  26.404  20.326 0.0000000000
112115  -52.302  26.434  20.961 0.0000000000
112116  -52.338  26.198  20.989 0.0000000000
112126  -45.944  26.951  17.461 0.0000000000
112130  -49.311  26.570  19.262 0.0000000000
112140  -44.927  26.943  16.809 0.0000000000
112142  -46.137  27.288  16.754 0.0000000000
112149  -44.897  27.188  16.301 0.0000000000
112151  -45.795  27.174  16.202 0.0000000000
112158  -45.188  27.377  15.964 0.0000000000
112159  -45.402  27.368  15.996 0.0000000000
112160  -45.659  27.284  16.034 0.0000000000
112750  -45.385  28.132  29.585 0.0000000000
112794  -49.392  27.762  25.629 0.0000000000
112804  -50.832  27.392  24.120 0.0000000000
112810  -50.817  27.592  23.549 0.0000000000
112817  -50.861  27.356  22.431 0.0000000000
112818  -51.583  26.920  22.601 0.0000000000
112819  -52.020  26.666  22.417 0.0000000000
112828  -51.615  26.763  21.893 0.0000000000
112829  -52.028  26.685  22.149 0.0000000000
112835  -48.486  28.025  19.449 0.0000000000
112839  -52.185  26.871  21.371 0.0000000000
112840  -52.024  27.053  21.783 0.0000000000
112848  -49.045  27.697  18.862 0.0000000000
112849  -49.614  27.133  19.625 0.0000000000
112851  -52.233  26.769  20.973 0.0000000000
112852  -52.266  26.671  21.091 0.0000000000
112860  -47.247  27.805  17.309 0.0000000000
112861  -47.796  27.791  17.740 0.0000000000
112867  -42.924  26.823  17.530 0.0000000000
112869  -44.275  27.722  16.572 0.0000000000
112871  -47.310  28.000  17.201 0.0000000000
112875  -44.216  27.143  16.784 0.0000000000
112876  -44.531  27.439  16.408 0.0000000000
112887  -44.968  27.489  15.947 0.0000000000
112888  -45.307  27.533  15.813 0.0000000000
112889  -45.594  27.361  15.908 0.0000000000
113511  -41.958  29.249  30.013 0.0000000000
113512  -45.256  28.574  29.831 0.0000000000
113514  -46.292  28.617  29.093 0.0000000000
113518  -47.602  28.561  28.235 0.0000000000
113558  -49.538  28.434  25.174 0.0000000000
113569  -48.290  29.523  23.544 0.0000000000
113582  -48.849  29.631  22.994 0.0000000000
113584  -50.830  27.637  23.305 0.0000000000
113593  -49.739  29.152  22.370 0.0000000000
113614  -43.741  28.799  20.136 0.0000000000
113615  -46.931  28.836  20.217 0.0000000000
113625  -44.677  28.917  18.805 0.0000000000
113627  -48.600  28.051  18.619 0.0000000000
113637  -45.851  28.985  17.731 0.0000000000
113638  -46.762  28.790  17.814 0.0000000000
113639  -47.623  28.401  18.018 0.0000000000
113646  -43.806  27.950  17.437 0.0000000000
113659  -44.635  27.865  16.179 0.0000000000
113661  -45.906  28.088  16.287 0.0000000000
113672  -44.782  27.654  15.995 0.0000000000
113673  -44.999  27.784  15.772 0.0000000000
113674  -45.464  27.669  15.924 0.0000000000
114300  -42.261  29.430  30.092 0.0000000000
114311  -42.441  29.779  30.051 0.0000000000
114323  -47.941  29.477  27.942 0.0000000000
114359  -49.608  29.475  25.454 0.0000000000
114360  -50.045  29.943  24.966 0.0000000000
114397  -48.587  29.713  23.461 0.0000000000
114399  -49.766  30.362  22.919 0.0000000000
114407  -42.180  29.414  22.267 0.0000000000
114408  -44.601  30.067  22.468 0.0000000000
114411  -49.381  29.625  22.797 0.0000000000
114424  -50.201  29.077  22.137 0.0000000000
114435  -46.986  28.942  19.982 0.0000000000
115161  -42.682  30.344  29.903 0.0000000000
115162  -43.291  30.598  30.118 0.0000000000
115163  -46.675  30.336  29.851 0.0000000000
115164  -47.274  30.602  29.627 0.0000000000
115193  -45.117  30.484  25.624 0.0000000000
115196  -48.207  31.071  24.910 0.0000000000
115198  -49.751  30.320  25.750 0.0000000000
115216  -48.286  30.705  24.344 0.0000000000
115217  -48.709  30.999  24.092 0.0000000000
115235  -44.193  30.133  22.615 0.0000000000
115236  -49.228  30.897  23.604 0.0000000000
115251  -45.064  30.071  21.586 0.0000000000
115252  -49.986  30.452  22.817 0.0000000000
115266  -44.970  29.883  20.622 0.0000000000
115933  -44.080  31.122  30.267 0.0000000000
115938  -48.347  32.313  30.310 0.0000000000
115953  -44.979  31.566  30.307 0.0000000000
115954  -47.878  31.333  29.747 0.0000000000
115961  -49.230  31.907  28.589 0.0000000000
115964  -49.681  31.848  27.634 0.0000000000
115997  -49.212  31.360  24.293 0.0000000000
116021  -49.564  31.225  23.838 0.0000000000
116042  -42.759  31.070  21.718 0.0000000000
116720  -45.939  32.420  30.291 0.0000000000
116729  -49.293  32.658  28.713 0.0000000000
117447  -46.570  33.121  30.541 0.0000000000
117462  -43.425  32.651  28.916 0.0000000000
117465  -46.088  33.076  30.024 0.0000000000
117467  -48.839  33.302  29.491 0.0000000000
117479  -41.069  33.633  28.485 0.0000000000
117493  -46.052  33.237  26.056 0.0000000000
118223  -47.234  35.064  29.909 0.0000000000
118240  -45.049  34.422  28.629 0.0000000000
118365  -49.186  34.722  14.415 0.0000000000
118379  -49.081  34.585  14.020 0.0000000000
118981  -47.146  36.031  29.943 0.0000000000
119005  -46.209  36.241  29.077 0.0000000000
119019  -44.217  36.346  27.888 0.0000000000
119127  -48.899  35.878  17.797 0.0000000000
119187  -48.352  35.592  14.324 0.0000000000
119188  -49.105  35.430  14.660 0.0000000000
119204  -48.927  35.044  13.905 0.0000000000
119728  -46.449  36.612  29.348 0.0000000000
119739  -46.198  36.627  29.007 0.0000000000
119753  -43.080  36.795  27.460 0.0000000000
119755  -44.309  36.760  27.887 0.0000000000
119777  -48.039  36.516  22.737 0.0000000000
119778  -48.351  36.812  22.409 0.0000000000
119830  -48.514  36.557  19.945 0.0000000000
119882  -49.117  36.454  16.894 0.0000000000
119883  -49.275  36.181  16.966 0.0000000000
119894  -49.290  35.948  16.022 0.0000000000
119924  -48.489  36.325  14.826 0.0000000000
120464  -45.053  37.954  28.169 0.0000000000
120467  -47.613  37.964  28.403 0.0000000000
120477  -45.465  37.298  28.435 0.0000000000
120478  -46.136  37.055  28.892 0.0000000000
120499  -48.044  37.726  26.805 0.0000000000
120516  -47.162  38.003  23.274 0.0000000000
120531  -48.028  38.177  21.383 0.0000000000
120571  -49.166  36.406  17.534 0.0000000000
120583  -48.840  36.773  17.110 0.0000000000
120607  -48.279  36.978  15.446 0.0000000000
120626  -46.958  37.775  13.667 0.0000000000
121195  -45.685  38.536  28.730 0.0000000000
121198  -46.885  38.072  29.425 0.0000000000
121203  -45.454  38.498  28.536 0.0000000000
121204  -46.068  37.922  29.065 0.0000000000
121206  -47.231  38.155  29.006 0.0000000000
121211  -43.924  38.734  27.852 0.0000000000
121212  -44.456  38.609  28.022 0.0000000000
121213  -46.758  38.919  27.739 0.0000000000
121232  -46.178  39.007  26.996 0.0000000000
121240  -46.037  38.856  26.711 0.0000000000
121258  -46.819  38.758  22.614 0.0000000000
121325  -46.752  38.871  16.118 0.0000000000
121982  -45.553  38.819  28.622 0.0000000000
121983  -45.999  38.872  28.885 0.0000000000
121984  -46.342  38.561  28.877 0.0000000000
121990  -43.896  39.600  27.988 0.0000000000
121994  -46.652  38.774  28.499 0.0000000000
121995  -46.913  38.446  28.874 0.0000000000
122001  -44.244  38.937  27.941 0.0000000000
122002  -46.532  39.170  27.946 0.0000000000
122003  -46.794  38.885  28.139 0.0000000000
122020  -43.035  39.764  27.775 0.0000000000
122031  -44.622  39.767  26.081 0.0000000000
122034  -44.608  39.718  25.659 0.0000000000
122038  -35.939  39.689  24.156 0.0000000000
122040  -36.866  39.609  24.070 0.0000000000
122044  -35.947  39.649  23.844 0.0000000000
122045  -36.478  39.590  23.615 0.0000000000
122052  -36.061  39.657  23.232 0.0000000000
122057  -47.254  39.215  21.661 0.0000000000
122059  -46.989  39.661  21.551 0.0000000000
122064  -47.886  39.021  20.294 0.0000000000
122087  -45.333  39.887  19.076 0.0000000000
122088  -45.681  39.647  19.195 0.0000000000
122102  -45.230  39.878  18.790 0.0000000000
122716  -46.231  38.956  28.633 0.0000000000
122726  -43.073  41.032  28.371 0.0000000000
122728  -44.399  39.953  28.682 0.0000000000
122729  -45.097  39.964  28.939 0.0000000000
122730  -46.102  39.512  28.243 0.0000000000
122731  -46.184  39.159  28.500 0.0000000000
122736  -42.697  40.747  28.020 0.0000000000
122737  -43.324  40.329  27.993 0.0000000000
122738  -44.983  40.692  27.340 0.0000000000
122739  -45.585  40.156  27.550 0.0000000000
122740  -46.055  39.814  27.814 0.0000000000
122754  -42.470  40.224  27.851 0.0000000000
122756  -44.948  40.582  27.113 0.0000000000
122758  -45.895  39.934  27.415 0.0000000000
122768  -43.701  40.985  25.530 0.0000000000
122779  -38.853  40.848  24.946 0.0000000000
122781  -44.172  40.348  25.175 0.0000000000
122786  -36.640  39.920  24.678 0.0000000000
122790  -44.092  41.227  24.445 0.0000000000
122797  -38.628  40.164  23.429 0.0000000000
122798  -39.283  40.540  23.471 0.0000000000
122800  -45.707  40.275  22.737 0.0000000000
122803  -35.117  40.613  21.910 0.0000000000
122805  -36.982  39.887  22.233 0.0000000000
122806  -37.735  40.081  22.362 0.0000000000
122807  -38.513  40.457  22.486 0.0000000000
122812  -35.314  40.795  21.383 0.0000000000
122813  -35.852  40.547  21.515 0.0000000000
122815  -37.524  40.411  21.787 0.0000000000
122819  -47.135  39.744  20.732 0.0000000000
122821  -44.998  40.787  20.282 0.0000000000
122824  -47.202  39.657  20.252 0.0000000000
122829  -46.869  39.727  19.965 0.0000000000
122830  -47.229  39.610  19.989 0.0000000000
122836  -45.555  39.873  19.440 0.0000000000
122855  -46.210  40.304  15.977 0.0000000000
123446  -44.168  40.348  29.038 0.0000000000
123447  -44.758  40.125  28.941 0.0000000000
123448  -45.126  40.086  28.479 0.0000000000
123462  -45.257  40.283  28.166 0.0000000000
123473  -42.201  41.594  28.369 0.0000000000
123489  -41.404  40.994  28.126 0.0000000000
123492  -44.814  40.621  26.992 0.0000000000
123504  -37.505  42.260  26.298 0.0000000000
123507  -44.505  40.584  26.776 0.0000000000
123524  -40.553  41.996  25.341 0.0000000000
123525  -43.880  41.530  25.015 0.0000000000
123533  -39.804  41.030  24.539 0.0000000000
123535  -41.256  42.095  24.324 0.0000000000
123536  -44.001  41.396  24.639 0.0000000000
123541  -39.856  40.983  23.504 0.0000000000
123547  -33.952  41.673  21.754 0.0000000000
123554  -45.427  40.936  22.457 0.0000000000
123561  -38.241  41.150  21.585 0.0000000000
123563  -39.792  41.538  22.274 0.0000000000
123567  -33.988  41.912  20.624 0.0000000000
123576  -34.841  41.912  19.831 0.0000000000
123577  -35.331  41.722  19.921 0.0000000000
124135  -44.448  40.727  28.958 0.0000000000
124136  -44.826  40.623  28.646 0.0000000000
124137  -45.034  40.502  28.139 0.0000000000
124150  -42.385  42.754  28.439 0.0000000000
124151  -42.644  42.248  28.676 0.0000000000
124152  -43.387  42.234  28.613 0.0000000000
124153  -44.612  40.886  28.730 0.0000000000
124154  -45.000  40.875  28.117 0.0000000000
124165  -41.833  42.722  28.382 0.0000000000
124167  -43.864  42.207  28.088 0.0000000000
124168  -44.186  42.018  27.530 0.0000000000
124192  -38.199  42.764  26.555 0.0000000000
124211  -38.523  42.164  26.137 0.0000000000
124212  -39.433  42.197  25.993 0.0000000000
124215  -41.724  42.932  25.437 0.0000000000
124216  -44.387  43.066  25.383 0.0000000000
124229  -45.256  43.227  23.806 0.0000000000
124238  -45.148  42.549  23.602 0.0000000000
124247  -45.539  42.539  22.625 0.0000000000
124254  -38.876  41.830  21.291 0.0000000000
124259  -45.401  43.712  21.917 0.0000000000
124274  -33.717  42.462  20.144 0.0000000000
124283  -42.097  42.898  19.394 0.0000000000
124290  -41.073  42.689  19.322 0.0000000000
124291  -41.606  42.678  18.917 0.0000000000
124833  -44.663  41.135  28.937 0.0000000000
124834  -44.460  41.110  29.077 0.0000000000
124853  -43.015  42.603  28.558 0.0000000000
124854  -44.913  41.077  28.699 0.0000000000
124855  -44.834  41.008  28.810 0.0000000000
124866  -37.976  43.600  27.828 0.0000000000
124883  -33.978  42.063  27.153 0.0000000000
124884  -34.227  42.169  27.129 0.0000000000
124886  -38.671  43.649  27.301 0.0000000000
124889  -41.739  44.348  27.727 0.0000000000
124890  -42.546  44.187  27.849 0.0000000000
124902  -33.898  42.168  26.965 0.0000000000
124903  -34.096  42.208  27.048 0.0000000000
124904  -37.996  43.102  26.802 0.0000000000
124905  -38.450  43.292  26.773 0.0000000000
124909  -42.323  44.171  26.375 0.0000000000
124921  -40.757  43.060  25.956 0.0000000000
124935  -45.285  43.512  23.514 0.0000000000
124944  -43.616  44.095  23.549 0.0000000000
124945  -45.017  44.028  23.437 0.0000000000
124946  -45.288  43.786  23.098 0.0000000000
124952  -45.067  44.142  22.262 0.0000000000
124961  -44.970  43.932  21.760 0.0000000000
124962  -45.297  44.023  22.014 0.0000000000
124966  -39.964  42.942  19.901 0.0000000000
124967  -40.459  42.804  19.982 0.0000000000
124968  -42.025  43.250  20.119 0.0000000000
124980  -40.495  42.807  19.476 0.0000000000
124982  -42.529  43.290  19.634 0.0000000000
124996  -42.985  43.404  19.454 0.0000000000
125007  -44.464  43.083  16.894 0.0000000000
125022  -46.419  43.765  14.522 0.0000000000
125577  -41.999  44.443  27.531 0.0000000000
125589  -42.009  44.408  27.287 0.0000000000
125591  -43.217  44.374  26.605 0.0000000000
125602  -42.805  44.391  26.054 0.0000000000
125604  -44.105  44.324  25.124 0.0000000000
125614  -43.086  44.209  25.277 0.0000000000
125626  -44.002  44.404  23.899 0.0000000000
125627  -44.628  44.256  23.529 0.0000000000
125628  -44.998  44.127  23.105 0.0000000000
125634  -44.710  44.257  22.738 0.0000000000
125635  -45.134  44.086  22.718 0.0000000000
125643  -44.628  44.163  22.128 0.0000000000
