#!ascii label  , from subject sub.01.bl.02 vox2ras=TkReg
1810
58134  -29.676  -20.528  64.507 0.0000000000
83707  -41.678  0.018  49.512 0.0000000000
76637  -30.990  -5.614  59.261 0.0000000000
55990  -2.897  -23.802  54.888 0.0000000000
64093  -17.113  -16.279  61.725 0.0000000000
65257  -2.611  -15.184  56.155 0.0000000000
65127  0.136  -15.004  63.571 0.0000000000
79073  -36.165  -3.973  52.480 0.0000000000
64265  -1.388  -15.678  49.128 0.0000000000
50975  -1.080  -26.625  62.412 0.0000000000
63039  -33.037  -16.746  58.421 0.0000000000
56998  -27.012  -20.538  59.952 0.0000000000
59335  -23.479  -18.828  63.541 0.0000000000
86150  -45.168  2.011  48.121 0.0000000000
77954  -33.835  -5.174  56.437 0.0000000000
57057  -15.322  -20.022  57.647 0.0000000000
72891  -1.849  -9.953  53.288 0.0000000000
60628  -6.598  -18.897  57.057 0.0000000000
61932  -6.065  -18.899  51.331 0.0000000000
56060  -5.117  -23.959  51.688 0.0000000000
55770  -5.670  -22.488  66.545 0.0000000000
56888  -2.693  -21.363  66.482 0.0000000000
75275  -29.857  -8.259  62.254 0.0000000000
61724  -20.293  -17.385  66.346 0.0000000000
61844  -21.137  -17.051  59.247 0.0000000000
65212  -1.385  -14.861  60.009 0.0000000000
60587  -2.751  -19.945  60.951 0.0000000000
81289  -39.670  -2.761  51.197 0.0000000000
55823  -8.935  -21.792  63.633 0.0000000000
56976  -11.945  -20.278  59.715 0.0000000000
64219  -2.682  -16.036  52.105 0.0000000000
58414  -2.988  -20.891  47.770 0.0000000000
63976  -1.359  -16.433  67.390 0.0000000000
58156  -1.551  -21.521  63.232 0.0000000000
53504  -0.635  -25.463  58.526 0.0000000000
60539  -31.450  -18.636  64.202 0.0000000000
56985  -30.646  -20.017  61.069 0.0000000000
60581  -32.275  -18.575  61.530 0.0000000000
56964  -27.962  -20.819  62.689 0.0000000000
55923  -28.987  -20.450  59.523 0.0000000000
56933  -26.282  -21.261  64.376 0.0000000000
84934  -43.680  1.521  48.500 0.0000000000
82518  -39.641  -1.331  47.904 0.0000000000
83752  -41.763  0.179  46.264 0.0000000000
83754  -43.398  0.407  45.586 0.0000000000
76682  -32.154  -5.708  57.343 0.0000000000
75348  -28.744  -7.248  57.020 0.0000000000
76719  -29.978  -7.092  55.533 0.0000000000
75396  -31.949  -6.351  54.359 0.0000000000
59454  -4.206  -21.268  56.178 0.0000000000
58320  -6.037  -21.539  53.499 0.0000000000
56038  -3.616  -23.974  53.082 0.0000000000
52374  -3.904  -26.558  51.588 0.0000000000
52338  -3.099  -26.749  52.788 0.0000000000
53374  -6.085  -23.961  63.482 0.0000000000
52077  -4.306  -24.224  64.860 0.0000000000
72746  -30.773  -10.299  62.567 0.0000000000
67541  -32.371  -14.659  60.804 0.0000000000
66401  -32.108  -14.849  58.178 0.0000000000
68772  -31.252  -12.491  59.623 0.0000000000
71512  -30.270  -11.175  59.147 0.0000000000
61701  -21.736  -18.276  67.991 0.0000000000
59399  -24.188  -18.896  59.244 0.0000000000
60578  -21.859  -19.047  61.456 0.0000000000
87370  -46.236  2.568  44.045 0.0000000000
89602  -47.403  4.541  44.270 0.0000000000
65176  -0.474  -14.910  61.886 0.0000000000
62979  -2.805  -17.151  60.955 0.0000000000
62950  -1.666  -17.498  63.369 0.0000000000
80171  -38.236  -3.639  51.802 0.0000000000
76804  -35.343  -6.174  51.579 0.0000000000
75453  -37.979  -6.564  50.998 0.0000000000
79120  -38.408  -4.685  49.771 0.0000000000
60511  -8.674  -19.978  64.538 0.0000000000
59299  -9.987  -20.220  63.963 0.0000000000
67606  -2.554  -13.423  56.101 0.0000000000
68848  -2.646  -12.618  54.246 0.0000000000
64201  -3.121  -16.027  54.221 0.0000000000
57227  -4.967  -22.599  48.374 0.0000000000
59558  -3.819  -20.507  49.465 0.0000000000
57241  -3.564  -22.703  47.561 0.0000000000
63997  -3.024  -16.743  67.288 0.0000000000
53356  -0.741  -25.080  64.809 0.0000000000
56913  -1.481  -22.280  64.840 0.0000000000
54639  -0.412  -24.118  63.094 0.0000000000
56991  -0.684  -23.193  61.214 0.0000000000
53458  -0.558  -25.480  60.531 0.0000000000
65205  -32.775  -16.295  61.542 0.0000000000
59267  -23.627  -19.248  67.096 0.0000000000
58114  -24.796  -20.108  66.163 0.0000000000
58180  -25.159  -20.117  62.557 0.0000000000
86165  -47.414  2.436  47.332 0.0000000000
85000  -45.405  0.659  44.087 0.0000000000
77974  -35.394  -4.366  54.886 0.0000000000
75430  -33.207  -6.227  53.405 0.0000000000
63018  -17.200  -17.154  58.043 0.0000000000
60603  -16.073  -18.387  59.062 0.0000000000
68890  -2.614  -13.096  51.390 0.0000000000
63044  -3.547  -16.443  56.973 0.0000000000
61878  -4.154  -17.374  54.944 0.0000000000
61880  -7.023  -18.189  54.538 0.0000000000
57174  -6.651  -22.037  51.455 0.0000000000
54925  -5.681  -24.431  49.469 0.0000000000
60474  -5.143  -19.676  66.868 0.0000000000
60457  -3.464  -19.490  68.338 0.0000000000
55767  -3.798  -22.154  67.000 0.0000000000
52097  -2.283  -24.982  64.727 0.0000000000
76612  -29.507  -6.568  60.889 0.0000000000
74016  -28.968  -8.845  58.741 0.0000000000
64051  -19.070  -16.059  64.685 0.0000000000
60520  -22.022  -18.605  65.757 0.0000000000
62955  -21.222  -16.988  62.669 0.0000000000
64133  -19.115  -16.126  60.677 0.0000000000
68800  -2.042  -13.175  57.981 0.0000000000
67530  -1.758  -13.059  59.956 0.0000000000
65239  -1.844  -15.322  58.326 0.0000000000
63014  -3.138  -16.774  59.149 0.0000000000
60612  -4.481  -19.741  59.093 0.0000000000
59421  -2.886  -21.700  57.486 0.0000000000
82467  -40.926  -1.003  50.760 0.0000000000
80210  -38.864  -3.352  48.868 0.0000000000
60489  -6.889  -20.375  65.414 0.0000000000
55785  -7.367  -22.300  65.486 0.0000000000
53416  -7.040  -23.679  61.648 0.0000000000
59381  -14.988  -19.063  59.878 0.0000000000
58160  -13.279  -18.541  60.759 0.0000000000
59328  -11.471  -19.620  61.529 0.0000000000
56958  -10.518  -21.660  61.174 0.0000000000
53418  -8.701  -23.415  60.537 0.0000000000
71582  -2.656  -11.003  54.055 0.0000000000
68877  -2.886  -12.550  52.814 0.0000000000
64231  -2.094  -15.856  50.485 0.0000000000
60704  -3.049  -18.578  52.675 0.0000000000
59534  -3.007  -18.915  50.832 0.0000000000
60761  -2.709  -18.336  48.937 0.0000000000
65096  -0.464  -15.558  65.963 0.0000000000
59239  -1.577  -19.302  67.563 0.0000000000
60486  -0.820  -18.413  66.043 0.0000000000
61749  -0.996  -17.794  64.400 0.0000000000
59361  -1.748  -20.979  62.040 0.0000000000
58241  -1.649  -22.493  58.958 0.0000000000
55955  -2.162  -23.854  57.041 0.0000000000
48676  -0.908  -29.315  60.402 0.0000000000
49843  -1.098  -28.293  57.928 0.0000000000
52318  -2.269  -26.862  54.526 0.0000000000
59322  -30.903  -19.333  64.463 0.0000000000
59289  -30.597  -19.311  65.602 0.0000000000
58167  -30.360  -20.262  63.604 0.0000000000
59338  -31.033  -19.516  63.617 0.0000000000
56953  -29.203  -20.808  63.835 0.0000000000
58183  -29.613  -20.237  62.319 0.0000000000
58120  -29.171  -20.630  65.160 0.0000000000
56920  -28.235  -21.197  64.738 0.0000000000
84923  -42.524  0.484  49.741 0.0000000000
82502  -41.189  -0.527  48.939 0.0000000000
83731  -40.744  -0.193  47.136 0.0000000000
83732  -41.429  0.220  47.559 0.0000000000
84943  -42.552  1.186  47.470 0.0000000000
76660  -31.358  -5.813  58.088 0.0000000000
77905  -32.934  -5.255  58.585 0.0000000000
77884  -31.892  -5.143  59.479 0.0000000000
76699  -29.226  -6.773  56.269 0.0000000000
77936  -30.369  -5.978  57.317 0.0000000000
76701  -31.175  -6.393  56.417 0.0000000000
58305  -3.368  -22.561  55.409 0.0000000000
57115  -4.088  -22.664  54.417 0.0000000000
56013  -3.353  -23.805  54.017 0.0000000000
54874  -3.050  -25.038  52.816 0.0000000000
54823  -2.655  -24.696  54.115 0.0000000000
53414  -5.507  -24.760  62.566 0.0000000000
52187  -5.038  -25.220  62.875 0.0000000000
70106  -31.469  -13.467  62.420 0.0000000000
67539  -31.631  -13.469  59.906 0.0000000000
70104  -31.306  -12.475  61.299 0.0000000000
71479  -30.876  -11.145  61.794 0.0000000000
87337  -47.889  3.236  45.665 0.0000000000
88503  -46.711  3.393  44.163 0.0000000000
90661  -48.423  5.445  44.898 0.0000000000
65141  0.265  -15.155  63.161 0.0000000000
64107  -1.488  -16.228  62.432 0.0000000000
64089  -0.928  -16.351  63.227 0.0000000000
79074  -37.025  -3.837  52.290 0.0000000000
80147  -38.012  -3.415  53.826 0.0000000000
76785  -35.899  -5.390  52.010 0.0000000000
76805  -36.457  -5.827  51.222 0.0000000000
79085  -36.735  -4.726  51.796 0.0000000000
79102  -37.785  -4.908  50.768 0.0000000000
61755  -10.155  -18.909  63.427 0.0000000000
61756  -10.953  -18.431  63.355 0.0000000000
64074  -17.142  -15.727  63.282 0.0000000000
62939  -16.402  -16.722  62.359 0.0000000000
67676  -2.018  -14.022  49.713 0.0000000000
66412  -2.519  -14.102  56.170 0.0000000000
66422  -2.768  -14.002  55.357 0.0000000000
64194  -2.906  -15.904  55.564 0.0000000000
54942  -4.537  -23.431  47.592 0.0000000000
56115  -4.215  -22.915  48.131 0.0000000000
54954  -4.113  -23.612  47.065 0.0000000000
65086  -3.414  -15.765  66.132 0.0000000000
62866  -3.842  -17.648  67.091 0.0000000000
52144  -0.705  -25.814  63.915 0.0000000000
54619  -0.516  -24.326  64.484 0.0000000000
52164  -0.517  -25.495  63.112 0.0000000000
53413  -0.691  -25.210  62.282 0.0000000000
51000  -0.981  -26.979  61.584 0.0000000000
62945  -32.422  -17.579  62.566 0.0000000000
62975  -32.608  -17.447  61.666 0.0000000000
64101  -33.127  -16.153  62.710 0.0000000000
66320  -33.066  -15.289  62.485 0.0000000000
56962  -26.963  -20.635  62.355 0.0000000000
58164  -26.038  -20.940  63.793 0.0000000000
58218  -26.532  -20.465  60.975 0.0000000000
59401  -25.631  -20.053  59.908 0.0000000000
86163  -45.818  1.870  47.439 0.0000000000
86181  -44.291  1.461  46.020 0.0000000000
83778  -44.361  0.304  44.774 0.0000000000
86182  -45.327  1.580  46.381 0.0000000000
86200  -45.838  1.509  45.593 0.0000000000
77973  -34.460  -4.772  54.862 0.0000000000
77941  -35.334  -4.119  55.924 0.0000000000
77940  -34.789  -4.459  56.414 0.0000000000
76741  -32.643  -6.184  54.913 0.0000000000
75414  -32.589  -6.279  53.664 0.0000000000
76742  -33.414  -5.494  54.603 0.0000000000
76761  -34.379  -5.298  53.441 0.0000000000
72908  -1.464  -9.792  52.635 0.0000000000
71649  -2.350  -10.878  52.160 0.0000000000
71650  -2.674  -11.537  52.450 0.0000000000
63017  -5.687  -17.443  57.776 0.0000000000
63047  -6.013  -16.880  55.726 0.0000000000
60643  -6.771  -19.141  56.091 0.0000000000
57152  -4.918  -22.980  52.628 0.0000000000
58334  -6.533  -21.727  52.745 0.0000000000
56061  -5.772  -23.243  51.331 0.0000000000
56079  -5.904  -23.726  50.467 0.0000000000
54900  -5.141  -24.872  50.815 0.0000000000
53679  -4.823  -25.621  50.792 0.0000000000
58088  -5.814  -21.535  67.303 0.0000000000
58086  -4.940  -21.144  68.097 0.0000000000
55754  -4.877  -22.373  67.183 0.0000000000
50902  -3.729  -25.578  63.956 0.0000000000
52099  -3.583  -24.881  64.580 0.0000000000
50901  -2.942  -26.352  63.804 0.0000000000
50900  -2.294  -26.354  63.992 0.0000000000
75274  -29.512  -7.692  61.816 0.0000000000
72765  -29.987  -10.059  61.228 0.0000000000
72792  -29.619  -10.404  59.120 0.0000000000
73992  -29.168  -8.395  61.103 0.0000000000
75292  -28.676  -7.290  60.036 0.0000000000
61713  -19.978  -16.993  66.885 0.0000000000
62881  -19.146  -16.484  66.439 0.0000000000
62897  -19.513  -16.678  65.602 0.0000000000
59301  -23.495  -19.290  65.716 0.0000000000
59284  -22.439  -18.928  66.284 0.0000000000
59318  -22.919  -18.595  64.249 0.0000000000
61822  -21.163  -18.214  60.357 0.0000000000
60562  -21.842  -18.321  62.020 0.0000000000
61821  -20.974  -17.929  60.871 0.0000000000
62954  -20.416  -16.225  62.145 0.0000000000
63003  -19.769  -16.387  59.678 0.0000000000
64164  -18.820  -15.930  58.701 0.0000000000
67528  -0.989  -14.004  61.064 0.0000000000
66341  -1.379  -13.943  59.920 0.0000000000
66379  -1.303  -14.138  58.878 0.0000000000
65228  -1.472  -14.998  59.124 0.0000000000
64161  -2.226  -16.272  58.654 0.0000000000
63012  -2.096  -16.252  59.651 0.0000000000
62965  -3.181  -18.477  61.391 0.0000000000
62981  -3.458  -18.383  60.430 0.0000000000
60611  -3.783  -20.175  59.553 0.0000000000
59407  -3.775  -20.898  58.902 0.0000000000
59397  -3.466  -20.648  59.719 0.0000000000
81312  -40.035  -2.279  50.668 0.0000000000
82446  -40.624  -1.399  51.468 0.0000000000
81273  -40.181  -1.930  52.430 0.0000000000
80197  -38.607  -3.914  50.238 0.0000000000
79128  -38.510  -4.518  48.831 0.0000000000
80198  -38.901  -3.191  49.897 0.0000000000
82483  -39.789  -1.906  49.585 0.0000000000
61752  -7.253  -19.585  63.936 0.0000000000
58112  -8.993  -21.076  64.877 0.0000000000
59281  -8.174  -20.953  65.264 0.0000000000
55803  -8.149  -22.048  64.782 0.0000000000
54604  -7.273  -22.915  64.132 0.0000000000
54621  -8.047  -22.875  63.108 0.0000000000
58245  -16.165  -19.518  57.812 0.0000000000
59398  -15.639  -18.928  59.178 0.0000000000
58243  -15.245  -19.879  58.496 0.0000000000
56995  -12.962  -20.086  59.149 0.0000000000
56978  -13.714  -19.781  59.492 0.0000000000
56961  -12.545  -19.790  59.963 0.0000000000
58159  -12.201  -19.310  60.890 0.0000000000
58174  -11.495  -20.446  60.690 0.0000000000
58158  -11.223  -20.304  61.382 0.0000000000
56959  -11.077  -20.930  60.580 0.0000000000
54699  -9.281  -23.107  59.551 0.0000000000
71563  -2.993  -11.293  54.589 0.0000000000
66442  -2.989  -14.053  53.362 0.0000000000
68863  -2.604  -12.607  53.681 0.0000000000
66451  -3.003  -14.299  52.328 0.0000000000
66450  -2.776  -14.636  51.647 0.0000000000
64233  -2.565  -15.703  51.639 0.0000000000
61893  -5.735  -17.744  53.447 0.0000000000
61907  -3.955  -18.193  53.402 0.0000000000
61930  -4.687  -18.436  52.283 0.0000000000
58388  -3.502  -20.719  48.848 0.0000000000
59535  -3.280  -19.484  50.334 0.0000000000
59556  -3.042  -19.291  49.666 0.0000000000
60742  -2.762  -18.187  50.431 0.0000000000
60778  -2.871  -19.249  48.630 0.0000000000
60797  -2.681  -18.921  47.958 0.0000000000
63995  -0.644  -16.542  67.021 0.0000000000
58085  -2.893  -20.977  67.813 0.0000000000
60456  -2.592  -19.403  68.130 0.0000000000
58098  -2.526  -20.856  66.778 0.0000000000
58141  -1.617  -21.665  64.323 0.0000000000
59297  -1.555  -20.267  65.251 0.0000000000
59296  -1.365  -19.626  64.909 0.0000000000
60507  -1.130  -18.649  65.306 0.0000000000
60545  -1.609  -19.494  64.034 0.0000000000
60560  -1.914  -19.758  63.462 0.0000000000
59343  -1.695  -20.845  62.926 0.0000000000
55912  -0.697  -23.965  59.701 0.0000000000
56992  -1.011  -22.932  60.737 0.0000000000
55929  -1.045  -23.840  59.036 0.0000000000
57030  -1.743  -23.032  58.226 0.0000000000
54747  -1.384  -24.827  57.337 0.0000000000
47610  -0.717  -30.460  58.711 0.0000000000
48687  -0.860  -29.428  59.390 0.0000000000
61764  -32.727  -17.370  64.276 0.0000000000
57022  -30.873  -20.292  59.638 0.0000000000
59391  -31.926  -19.104  60.436 0.0000000000
58205  -31.540  -19.356  61.433 0.0000000000
61783  -31.983  -18.318  62.725 0.0000000000
56980  -27.430  -20.237  61.525 0.0000000000
55888  -27.920  -19.859  60.729 0.0000000000
55908  -29.217  -20.314  59.795 0.0000000000
56950  -27.640  -21.268  63.465 0.0000000000
86149  -44.217  1.738  47.882 0.0000000000
82557  -40.493  -1.278  45.430 0.0000000000
83775  -41.393  -0.326  45.021 0.0000000000
83801  -42.396  0.103  44.302 0.0000000000
83753  -42.942  0.307  45.792 0.0000000000
86160  -43.105  1.396  46.817 0.0000000000
76703  -32.734  -5.540  56.682 0.0000000000
76685  -33.755  -5.198  57.319 0.0000000000
76663  -33.414  -5.318  57.949 0.0000000000
78983  -33.463  -4.483  59.032 0.0000000000
74045  -28.684  -8.184  56.657 0.0000000000
75361  -28.631  -7.330  55.991 0.0000000000
76718  -29.044  -6.723  55.203 0.0000000000
76738  -30.027  -6.941  54.296 0.0000000000
76739  -30.690  -6.896  54.033 0.0000000000
76720  -30.968  -6.997  55.725 0.0000000000
76702  -31.962  -5.943  56.450 0.0000000000
59438  -5.671  -20.341  56.403 0.0000000000
59456  -6.023  -20.646  55.579 0.0000000000
58307  -4.863  -22.059  54.818 0.0000000000
57131  -4.601  -22.643  53.694 0.0000000000
56059  -4.161  -24.278  52.344 0.0000000000
53663  -4.374  -25.584  51.431 0.0000000000
53662  -3.635  -25.593  52.143 0.0000000000
51126  -3.418  -26.841  52.329 0.0000000000
54569  -5.597  -23.051  65.369 0.0000000000
53326  -4.594  -23.622  65.471 0.0000000000
52102  -4.825  -24.428  64.151 0.0000000000
72745  -30.306  -9.611  62.175 0.0000000000
66389  -33.499  -15.063  59.374 0.0000000000
65242  -32.645  -15.572  58.118 0.0000000000
67579  -32.577  -14.503  59.202 0.0000000000
68811  -31.678  -13.805  58.560 0.0000000000
70152  -31.250  -12.623  58.264 0.0000000000
70123  -30.925  -11.965  59.468 0.0000000000
71478  -30.304  -10.836  61.344 0.0000000000
60461  -21.101  -18.131  67.299 0.0000000000
59366  -23.986  -19.465  61.571 0.0000000000
59348  -22.776  -18.861  62.503 0.0000000000
60592  -22.523  -19.287  60.622 0.0000000000
60616  -22.064  -18.006  59.295 0.0000000000
88501  -45.455  3.568  43.322 0.0000000000
89633  -45.794  4.592  42.823 0.0000000000
90691  -46.194  5.226  42.700 0.0000000000
91841  -46.569  6.346  42.225 0.0000000000
65193  -1.227  -14.744  61.094 0.0000000000
64143  -1.936  -15.882  60.113 0.0000000000
64125  -1.930  -15.931  61.339 0.0000000000
62963  -2.515  -17.189  62.172 0.0000000000
61806  -3.094  -19.002  61.737 0.0000000000
80172  -39.129  -3.330  51.594 0.0000000000
80161  -38.991  -3.237  52.531 0.0000000000
76838  -36.160  -6.197  49.528 0.0000000000
76839  -37.257  -6.417  49.549 0.0000000000
76848  -37.927  -5.709  48.928 0.0000000000
78028  -38.286  -5.584  50.174 0.0000000000
79103  -38.136  -4.579  50.628 0.0000000000
61753  -8.492  -19.362  63.735 0.0000000000
61754  -9.367  -19.217  63.619 0.0000000000
60512  -9.369  -19.971  64.347 0.0000000000
58128  -9.505  -20.885  64.414 0.0000000000
55945  -12.590  -21.132  56.957 0.0000000000
55898  -10.784  -21.499  59.626 0.0000000000
70157  -3.055  -12.289  55.875 0.0000000000
70172  -2.983  -12.063  55.064 0.0000000000
67618  -2.792  -13.304  54.827 0.0000000000
66433  -2.915  -14.039  54.361 0.0000000000
65275  -3.152  -15.069  53.567 0.0000000000
59539  -6.068  -20.555  49.909 0.0000000000
60744  -5.218  -19.817  50.309 0.0000000000
58390  -4.859  -21.324  48.953 0.0000000000
58416  -3.751  -21.758  48.234 0.0000000000
58430  -2.853  -21.619  47.477 0.0000000000
66238  -3.449  -14.347  65.886 0.0000000000
65067  -2.615  -15.324  66.883 0.0000000000
63977  -1.904  -16.292  67.616 0.0000000000
54583  -1.335  -23.855  65.303 0.0000000000
56887  -2.513  -21.405  66.178 0.0000000000
54602  -0.919  -24.105  65.129 0.0000000000
55837  -0.557  -23.561  64.260 0.0000000000
55854  -0.696  -23.141  62.903 0.0000000000
56957  -1.017  -22.596  62.409 0.0000000000
55866  -0.553  -23.349  62.288 0.0000000000
54678  -0.467  -24.328  61.229 0.0000000000
53481  -0.430  -25.484  59.570 0.0000000000
61848  -32.807  -17.557  58.816 0.0000000000
61823  -32.379  -18.517  59.875 0.0000000000
61825  -32.782  -17.720  60.183 0.0000000000
64153  -33.351  -16.483  59.783 0.0000000000
66351  -32.797  -15.517  60.955 0.0000000000
67523  -32.123  -14.736  61.955 0.0000000000
59320  -24.123  -19.340  65.068 0.0000000000
56917  -25.771  -21.054  65.396 0.0000000000
58163  -25.419  -20.244  63.660 0.0000000000
58179  -24.695  -19.758  62.841 0.0000000000
59385  -24.890  -19.930  60.790 0.0000000000
138922  -44.578  0.580  43.278 0.0000000000
86238  -45.767  1.599  43.927 0.0000000000
86219  -46.640  2.076  44.957 0.0000000000
79062  -35.332  -3.989  53.046 0.0000000000
79053  -36.332  -3.931  54.820 0.0000000000
77975  -35.912  -4.220  54.898 0.0000000000
76758  -31.735  -6.025  53.342 0.0000000000
76783  -34.458  -5.983  52.551 0.0000000000
76762  -35.015  -5.062  53.020 0.0000000000
64113  -17.297  -16.468  60.512 0.0000000000
62971  -16.586  -17.045  60.703 0.0000000000
61832  -16.600  -17.867  59.004 0.0000000000
59410  -16.706  -19.406  57.789 0.0000000000
68903  -2.361  -13.341  50.366 0.0000000000
67663  -2.076  -14.300  49.980 0.0000000000
64185  -2.703  -15.691  57.035 0.0000000000
63061  -3.567  -16.819  55.574 0.0000000000
63062  -4.273  -17.017  55.651 0.0000000000
63064  -5.942  -16.928  54.770 0.0000000000
60685  -7.164  -19.227  52.625 0.0000000000
59474  -7.161  -20.071  54.300 0.0000000000
59490  -7.185  -20.280  53.109 0.0000000000
59518  -6.773  -20.348  50.838 0.0000000000
57204  -5.904  -22.509  49.541 0.0000000000
61696  -4.071  -18.759  67.804 0.0000000000
60458  -4.218  -19.947  68.270 0.0000000000
58074  -3.697  -21.295  68.211 0.0000000000
55766  -3.226  -22.116  66.550 0.0000000000
53310  -4.147  -23.262  65.987 0.0000000000
54566  -3.185  -23.037  65.982 0.0000000000
54565  -2.557  -23.253  65.574 0.0000000000
53340  -1.542  -24.604  65.062 0.0000000000
50898  -1.283  -26.220  64.265 0.0000000000
49725  -1.676  -27.225  62.924 0.0000000000
76636  -29.868  -6.025  59.594 0.0000000000
77883  -31.118  -5.153  60.055 0.0000000000
77844  -30.744  -5.215  61.738 0.0000000000
65252  -32.060  -15.867  56.509 0.0000000000
74046  -29.021  -9.087  57.143 0.0000000000
76635  -29.086  -6.632  59.828 0.0000000000
64032  -18.290  -16.190  65.200 0.0000000000
64075  -18.471  -15.559  63.753 0.0000000000
60463  -22.166  -18.722  67.705 0.0000000000
60478  -21.425  -18.586  67.007 0.0000000000
60495  -20.966  -18.043  65.964 0.0000000000
60553  -22.702  -18.183  63.724 0.0000000000
60537  -22.009  -17.902  64.332 0.0000000000
61760  -20.652  -17.351  64.826 0.0000000000
62940  -20.388  -16.361  63.360 0.0000000000
64095  -19.541  -15.734  62.775 0.0000000000
64114  -18.165  -15.835  61.161 0.0000000000
64148  -18.091  -16.136  59.192 0.0000000000
91855  -47.051  7.212  41.911 0.0000000000
92978  -47.554  7.721  40.534 0.0000000000
92979  -48.268  8.024  40.212 0.0000000000
67589  -2.462  -13.172  56.806 0.0000000000
67605  -2.147  -13.935  56.917 0.0000000000
68781  -2.073  -13.021  58.509 0.0000000000
67565  -1.386  -14.093  58.344 0.0000000000
64184  -2.398  -15.341  57.458 0.0000000000
63043  -2.955  -16.208  57.521 0.0000000000
63029  -3.356  -16.501  58.161 0.0000000000
63016  -4.963  -17.290  58.507 0.0000000000
62999  -2.976  -17.047  60.051 0.0000000000
63001  -4.365  -17.769  59.245 0.0000000000
60613  -5.289  -19.225  58.551 0.0000000000
60626  -5.064  -20.186  58.077 0.0000000000
59436  -3.665  -21.201  56.775 0.0000000000
58290  -3.025  -22.393  55.954 0.0000000000
82485  -41.099  -0.868  49.690 0.0000000000
78057  -37.724  -5.078  48.088 0.0000000000
79129  -38.806  -4.038  48.071 0.0000000000
80221  -38.989  -3.173  47.738 0.0000000000
81349  -39.127  -2.277  48.432 0.0000000000
82500  -39.671  -1.644  49.125 0.0000000000
60475  -5.861  -20.099  66.585 0.0000000000
59245  -6.475  -21.102  66.848 0.0000000000
60490  -7.861  -20.472  64.855 0.0000000000
59263  -7.233  -21.004  66.047 0.0000000000
56889  -6.901  -22.371  66.112 0.0000000000
53393  -6.877  -23.729  62.703 0.0000000000
61794  -15.931  -17.436  61.717 0.0000000000
60561  -15.463  -17.728  61.821 0.0000000000
59346  -14.777  -18.264  61.089 0.0000000000
57013  -14.602  -20.002  59.079 0.0000000000
58197  -14.586  -18.811  60.220 0.0000000000
59331  -14.315  -18.281  61.478 0.0000000000
59315  -13.551  -18.134  61.864 0.0000000000
59314  -12.286  -18.393  61.828 0.0000000000
60548  -11.620  -18.294  63.000 0.0000000000
59312  -10.525  -20.025  63.229 0.0000000000
58142  -10.598  -20.485  62.564 0.0000000000
55840  -9.900  -21.656  62.218 0.0000000000
55881  -10.360  -22.224  60.246 0.0000000000
54661  -9.571  -22.799  60.984 0.0000000000
54642  -8.745  -23.031  61.789 0.0000000000
53417  -7.999  -23.388  61.103 0.0000000000
72870  -2.380  -10.522  53.592 0.0000000000
70186  -2.514  -11.533  54.051 0.0000000000
70185  -2.350  -11.172  53.939 0.0000000000
71606  -2.435  -11.328  53.292 0.0000000000
68891  -2.828  -12.531  52.199 0.0000000000
67654  -2.396  -14.573  50.612 0.0000000000
64241  -1.494  -15.625  49.948 0.0000000000
63076  -3.132  -16.755  54.806 0.0000000000
61905  -2.970  -17.399  53.995 0.0000000000
61927  -2.665  -17.748  52.792 0.0000000000
60724  -3.635  -19.122  51.526 0.0000000000
60722  -2.738  -18.437  51.774 0.0000000000
61952  -2.477  -17.310  51.385 0.0000000000
61951  -2.273  -16.486  50.687 0.0000000000
61974  -2.298  -17.033  50.186 0.0000000000
63165  -2.093  -16.732  49.289 0.0000000000
62020  -2.670  -18.261  48.274 0.0000000000
61695  -3.216  -18.540  68.109 0.0000000000
61694  -2.416  -18.287  67.763 0.0000000000
61692  -0.999  -17.657  67.390 0.0000000000
58097  -2.161  -20.688  66.390 0.0000000000
60473  -1.003  -18.689  67.081 0.0000000000
61704  -0.350  -17.581  66.982 0.0000000000
62875  -0.252  -17.130  66.538 0.0000000000
62907  -0.461  -17.388  65.201 0.0000000000
64064  -0.641  -16.198  63.912 0.0000000000
61789  -1.797  -18.716  63.765 0.0000000000
60573  -2.194  -19.860  62.703 0.0000000000
59362  -2.153  -20.659  61.610 0.0000000000
58193  -1.346  -21.932  62.094 0.0000000000
59378  -1.665  -21.570  61.357 0.0000000000
59395  -2.125  -21.566  60.329 0.0000000000
58242  -2.193  -22.079  58.675 0.0000000000
58272  -2.432  -22.660  56.914 0.0000000000
55989  -2.624  -24.047  55.259 0.0000000000
48658  -1.172  -28.863  61.219 0.0000000000
47583  -0.929  -30.306  60.687 0.0000000000
49768  -1.079  -28.073  60.980 0.0000000000
51018  -0.892  -27.259  60.565 0.0000000000
51032  -0.959  -27.323  59.542 0.0000000000
52247  -1.013  -26.326  58.002 0.0000000000
49858  -1.491  -28.168  57.128 0.0000000000
52262  -1.122  -26.391  56.911 0.0000000000
53551  -1.341  -25.522  56.379 0.0000000000
53592  -2.222  -25.556  55.136 0.0000000000
54822  -2.512  -24.929  54.652 0.0000000000
52337  -2.619  -26.911  53.585 0.0000000000
49972  -3.065  -28.886  52.770 0.0000000000
59321  -30.564  -19.903  64.308 0.0000000000
59303  -30.517  -19.524  64.875 0.0000000000
58121  -29.908  -19.999  65.017 0.0000000000
58150  -30.227  -20.338  64.200 0.0000000000
59337  -30.596  -20.084  63.900 0.0000000000
56923  -29.594  -20.681  64.305 0.0000000000
58166  -29.720  -20.522  63.480 0.0000000000
56922  -29.210  -20.789  64.380 0.0000000000
84922  -42.055  0.343  49.468 0.0000000000
84907  -42.723  0.442  50.313 0.0000000000
83717  -40.975  -0.412  48.145 0.0000000000
83718  -41.479  0.102  48.571 0.0000000000
84932  -42.045  0.489  49.033 0.0000000000
76638  -31.841  -5.445  58.735 0.0000000000
76659  -30.338  -5.878  58.416 0.0000000000
76680  -29.823  -5.932  57.669 0.0000000000
77903  -30.706  -5.896  58.009 0.0000000000
57113  -3.041  -23.122  55.261 0.0000000000
57114  -3.492  -23.081  54.688 0.0000000000
55991  -3.152  -23.660  54.643 0.0000000000
56012  -2.982  -24.253  54.185 0.0000000000
53439  -5.416  -24.767  61.572 0.0000000000
70105  -31.361  -13.018  61.879 0.0000000000
64063  -0.227  -15.598  63.128 0.0000000000
65142  -0.141  -15.405  63.521 0.0000000000
80159  -37.156  -3.647  53.073 0.0000000000
80158  -36.476  -3.737  53.567 0.0000000000
79072  -35.595  -4.248  52.685 0.0000000000
78001  -36.318  -5.069  51.911 0.0000000000
62933  -10.782  -17.774  63.013 0.0000000000
62910  -10.961  -18.047  63.336 0.0000000000
62911  -11.301  -17.970  63.337 0.0000000000
64073  -16.536  -15.980  63.732 0.0000000000
65320  -1.376  -15.212  49.446 0.0000000000
66490  -1.576  -14.535  49.340 0.0000000000
66411  -2.357  -14.519  56.683 0.0000000000
66421  -2.677  -14.598  55.705 0.0000000000
54955  -4.727  -23.731  47.348 0.0000000000
62876  -4.044  -17.313  66.465 0.0000000000
50951  -1.258  -26.600  63.018 0.0000000000
52165  -0.906  -26.060  62.998 0.0000000000
52185  -0.825  -25.908  62.239 0.0000000000
62946  -32.661  -17.103  63.108 0.0000000000
64100  -32.752  -16.720  62.496 0.0000000000
64082  -33.210  -16.369  63.331 0.0000000000
64083  -33.423  -15.868  63.177 0.0000000000
56979  -26.988  -20.313  61.270 0.0000000000
58200  -26.492  -20.495  62.050 0.0000000000
86162  -44.803  1.610  47.167 0.0000000000
77972  -33.871  -5.091  55.610 0.0000000000
77955  -34.405  -4.916  56.003 0.0000000000
76723  -33.264  -5.252  56.023 0.0000000000
75398  -33.026  -6.315  54.535 0.0000000000
72892  -1.672  -9.076  53.434 0.0000000000
71629  -2.173  -10.684  52.997 0.0000000000
61852  -6.281  -18.152  57.505 0.0000000000
61853  -6.668  -18.144  56.569 0.0000000000
57172  -5.526  -23.020  51.962 0.0000000000
56078  -5.512  -24.316  50.826 0.0000000000
56881  -5.881  -22.069  66.994 0.0000000000
58077  -5.244  -21.728  67.680 0.0000000000
55755  -5.362  -22.312  67.022 0.0000000000
50882  -3.295  -25.518  64.260 0.0000000000
76574  -29.816  -7.121  62.531 0.0000000000
75262  -29.929  -7.705  62.632 0.0000000000
61859  -32.829  -17.323  58.268 0.0000000000
72764  -29.421  -9.287  60.641 0.0000000000
61714  -20.557  -17.642  67.089 0.0000000000
61723  -19.836  -16.917  66.543 0.0000000000
59319  -23.422  -18.982  64.681 0.0000000000
59300  -22.687  -18.866  65.267 0.0000000000
61833  -20.924  -17.564  60.074 0.0000000000
62988  -20.734  -16.929  60.554 0.0000000000
63004  -20.393  -16.715  59.662 0.0000000000
63020  -20.375  -16.570  58.614 0.0000000000
66340  -1.254  -14.276  60.368 0.0000000000
66358  -1.358  -14.465  59.387 0.0000000000
64142  -1.581  -15.385  59.602 0.0000000000
61818  -3.161  -18.990  61.223 0.0000000000
61819  -3.296  -18.948  60.746 0.0000000000
60601  -3.339  -20.081  60.218 0.0000000000
60600  -2.874  -20.531  60.502 0.0000000000
81290  -40.212  -2.056  51.591 0.0000000000
80182  -39.051  -3.266  50.716 0.0000000000
81311  -39.534  -2.732  50.371 0.0000000000
56900  -8.923  -21.330  64.682 0.0000000000
56914  -8.540  -21.715  64.608 0.0000000000
54605  -7.813  -22.753  63.726 0.0000000000
55838  -8.236  -22.501  63.487 0.0000000000
58259  -15.824  -19.791  57.291 0.0000000000
58244  -15.597  -19.620  58.391 0.0000000000
56994  -11.803  -20.439  59.194 0.0000000000
58175  -12.083  -19.911  60.453 0.0000000000
56960  -11.982  -20.150  60.102 0.0000000000
56975  -11.200  -20.894  59.888 0.0000000000
71564  -3.485  -10.820  54.774 0.0000000000
66441  -3.081  -14.684  52.839 0.0000000000
65286  -2.835  -15.292  52.260 0.0000000000
65285  -2.796  -15.076  52.092 0.0000000000
61909  -5.710  -18.200  52.693 0.0000000000
61908  -4.846  -18.105  53.101 0.0000000000
61931  -5.554  -18.527  51.857 0.0000000000
59583  -3.313  -20.611  48.486 0.0000000000
59557  -3.277  -20.163  49.389 0.0000000000
59582  -3.103  -20.082  48.424 0.0000000000
59604  -2.686  -20.455  47.452 0.0000000000
63974  -0.627  -16.773  67.273 0.0000000000
56878  -2.948  -21.050  67.183 0.0000000000
58084  -2.533  -20.706  67.376 0.0000000000
58140  -1.771  -21.114  63.852 0.0000000000
59311  -1.692  -20.610  64.519 0.0000000000
59310  -1.576  -20.035  64.209 0.0000000000
59327  -1.785  -20.509  63.558 0.0000000000
54715  -0.572  -24.607  59.173 0.0000000000
55930  -1.497  -23.675  58.387 0.0000000000
54731  -1.175  -24.532  58.186 0.0000000000
45500  -0.614  -32.340  58.331 0.0000000000
46571  -0.626  -31.415  58.059 0.0000000000
61763  -32.188  -17.885  64.056 0.0000000000
57004  -30.733  -20.089  60.579 0.0000000000
58222  -31.154  -19.873  60.345 0.0000000000
58204  -31.039  -19.713  61.533 0.0000000000
60554  -31.564  -18.736  63.099 0.0000000000
61762  -31.861  -18.240  63.432 0.0000000000
61784  -32.252  -17.767  63.113 0.0000000000
56981  -27.686  -20.214  61.760 0.0000000000
56982  -28.052  -20.110  61.783 0.0000000000
58203  -30.161  -20.019  61.399 0.0000000000
58202  -29.410  -19.933  61.347 0.0000000000
58221  -29.913  -19.932  60.783 0.0000000000
57003  -29.939  -20.094  60.140 0.0000000000
56951  -28.274  -21.101  63.583 0.0000000000
56935  -27.941  -21.316  64.234 0.0000000000
56963  -27.453  -20.820  62.560 0.0000000000
84925  -44.524  2.096  49.377 0.0000000000
84924  -43.673  1.282  49.385 0.0000000000
81362  -39.245  -2.218  47.218 0.0000000000
81377  -39.782  -2.196  46.022 0.0000000000
82538  -39.667  -1.433  46.719 0.0000000000
83751  -40.464  -0.497  45.971 0.0000000000
82558  -40.924  -1.013  45.004 0.0000000000
84933  -42.836  0.997  48.588 0.0000000000
86148  -43.338  1.539  47.732 0.0000000000
76683  -32.981  -5.475  57.483 0.0000000000
76662  -33.203  -5.361  58.006 0.0000000000
77885  -32.715  -5.039  59.318 0.0000000000
77886  -33.149  -5.007  58.931 0.0000000000
78966  -32.875  -4.500  60.012 0.0000000000
76700  -30.107  -6.305  56.580 0.0000000000
75377  -30.746  -7.167  54.818 0.0000000000
59455  -5.084  -21.220  55.858 0.0000000000
57130  -3.855  -23.268  53.838 0.0000000000
57151  -4.211  -23.300  53.133 0.0000000000
56039  -4.361  -23.700  52.556 0.0000000000
54875  -3.542  -24.800  52.534 0.0000000000
53638  -3.061  -25.725  52.714 0.0000000000
51137  -3.576  -27.519  52.223 0.0000000000
52359  -3.241  -27.390  52.666 0.0000000000
53343  -5.816  -23.087  64.581 0.0000000000
53342  -5.171  -23.608  64.683 0.0000000000
53358  -5.335  -24.208  63.873 0.0000000000
73981  -30.498  -9.409  62.865 0.0000000000
66371  -33.038  -14.832  60.022 0.0000000000
66388  -33.056  -14.685  59.405 0.0000000000
67560  -32.550  -14.464  59.828 0.0000000000
68774  -31.650  -13.651  59.146 0.0000000000
68773  -31.507  -13.067  59.282 0.0000000000
68791  -31.498  -13.126  58.605 0.0000000000
70137  -31.288  -12.536  58.838 0.0000000000
70136  -30.984  -12.114  58.531 0.0000000000
71500  -30.523  -11.345  60.970 0.0000000000
61700  -21.259  -18.012  67.788 0.0000000000
59384  -23.774  -19.505  60.360 0.0000000000
59365  -23.111  -19.606  61.226 0.0000000000
60593  -23.116  -19.381  60.313 0.0000000000
87389  -45.699  2.339  43.539 0.0000000000
87388  -45.261  2.533  43.061 0.0000000000
87369  -45.676  2.881  43.672 0.0000000000
89616  -46.773  4.193  43.895 0.0000000000
89615  -46.007  4.252  43.258 0.0000000000
90673  -46.556  4.733  43.385 0.0000000000
90690  -45.531  4.693  42.464 0.0000000000
90692  -46.857  6.037  42.995 0.0000000000
90674  -47.105  5.289  43.690 0.0000000000
64106  -1.202  -15.353  61.683 0.0000000000
62964  -3.107  -18.024  61.672 0.0000000000
61805  -2.822  -18.814  62.394 0.0000000000
75452  -37.522  -6.512  50.764 0.0000000000
75479  -36.978  -6.517  50.249 0.0000000000
75480  -37.511  -6.953  50.233 0.0000000000
75498  -37.879  -7.009  49.727 0.0000000000
76840  -38.156  -6.348  49.529 0.0000000000
76828  -38.407  -6.496  50.337 0.0000000000
79087  -38.042  -4.058  51.188 0.0000000000
80181  -38.498  -3.750  50.999 0.0000000000
60529  -9.876  -19.403  63.778 0.0000000000
61736  -9.604  -19.461  63.892 0.0000000000
60513  -9.837  -19.984  64.103 0.0000000000
59298  -9.445  -20.485  64.487 0.0000000000
57031  -12.159  -20.542  57.852 0.0000000000
54750  -11.362  -21.357  57.196 0.0000000000
68818  -2.730  -12.734  56.127 0.0000000000
68836  -2.819  -12.587  54.986 0.0000000000
65267  -2.965  -15.163  54.927 0.0000000000
66432  -2.903  -14.511  54.932 0.0000000000
65268  -3.056  -14.665  54.323 0.0000000000
58391  -5.563  -21.551  49.289 0.0000000000
59560  -5.372  -20.910  49.439 0.0000000000
57203  -5.218  -21.941  48.784 0.0000000000
57226  -3.932  -22.404  48.124 0.0000000000
57225  -3.326  -22.053  47.828 0.0000000000
57240  -3.070  -22.256  47.177 0.0000000000
56127  -3.433  -22.904  46.915 0.0000000000
63998  -3.340  -16.535  66.853 0.0000000000
65068  -2.994  -15.436  66.514 0.0000000000
63979  -2.864  -16.125  67.015 0.0000000000
63978  -2.531  -16.384  67.397 0.0000000000
53339  -1.042  -24.669  65.333 0.0000000000
53371  -0.238  -24.870  63.857 0.0000000000
54618  -0.300  -23.995  63.907 0.0000000000
55836  -0.694  -23.209  63.632 0.0000000000
53437  -0.737  -25.246  61.462 0.0000000000
53436  -0.606  -24.765  61.995 0.0000000000
54698  -0.496  -24.550  60.253 0.0000000000
61847  -32.615  -18.244  58.508 0.0000000000
59390  -32.041  -19.100  59.752 0.0000000000
60596  -32.310  -18.597  60.877 0.0000000000
64120  -32.733  -16.618  61.762 0.0000000000
62989  -32.788  -17.289  60.884 0.0000000000
63005  -33.034  -17.055  60.559 0.0000000000
63006  -33.131  -17.147  59.824 0.0000000000
64152  -33.144  -16.623  60.505 0.0000000000
65223  -33.158  -15.985  60.511 0.0000000000
65206  -32.826  -15.926  61.337 0.0000000000
67524  -32.695  -14.984  62.242 0.0000000000
57019  -29.224  -20.546  58.999 0.0000000000
58113  -24.188  -19.534  66.161 0.0000000000
58131  -24.669  -19.829  65.559 0.0000000000
56918  -26.667  -21.305  65.156 0.0000000000
58181  -25.973  -20.490  62.818 0.0000000000
58162  -24.739  -19.738  63.408 0.0000000000
59351  -24.691  -19.774  62.551 0.0000000000
59367  -24.701  -19.835  61.963 0.0000000000
58198  -25.340  -20.181  61.440 0.0000000000
59400  -24.920  -19.466  59.620 0.0000000000
87322  -47.831  2.560  46.968 0.0000000000
83776  -42.639  0.068  45.192 0.0000000000
83802  -43.502  0.218  44.428 0.0000000000
84999  -44.826  0.383  44.344 0.0000000000
83803  -44.524  0.256  44.240 0.0000000000
82584  -45.717  -0.884  43.197 0.0000000000
83837  -45.997  0.266  42.848 0.0000000000
85031  -45.871  0.769  43.007 0.0000000000
85018  -45.596  1.020  43.687 0.0000000000
86184  -47.111  2.299  46.732 0.0000000000
86201  -46.745  1.989  45.653 0.0000000000
87336  -47.504  2.622  46.069 0.0000000000
77987  -34.968  -4.364  53.816 0.0000000000
77988  -35.802  -4.155  54.618 0.0000000000
79028  -35.263  -4.033  56.345 0.0000000000
77907  -33.752  -4.952  58.031 0.0000000000
77923  -33.934  -4.969  57.554 0.0000000000
75395  -31.232  -6.756  54.160 0.0000000000
76757  -30.838  -6.399  53.469 0.0000000000
75413  -31.852  -6.216  53.831 0.0000000000
76782  -33.531  -6.128  52.672 0.0000000000
77986  -34.407  -4.785  54.038 0.0000000000
62986  -16.699  -17.034  59.709 0.0000000000
63002  -16.984  -17.178  58.836 0.0000000000
60615  -17.151  -18.938  57.619 0.0000000000
72921  -1.368  -9.601  51.786 0.0000000000
70271  -2.850  -11.922  51.127 0.0000000000
68902  -2.280  -13.800  50.190 0.0000000000
63045  -4.250  -16.693  56.604 0.0000000000
63048  -6.525  -17.498  55.160 0.0000000000
61894  -6.708  -18.129  53.364 0.0000000000
60665  -7.281  -19.127  53.823 0.0000000000
59473  -6.350  -20.869  54.568 0.0000000000
59457  -6.768  -19.996  55.312 0.0000000000
57154  -6.577  -22.104  52.190 0.0000000000
58335  -7.055  -21.321  52.254 0.0000000000
59500  -7.202  -20.290  51.902 0.0000000000
58353  -7.000  -21.243  51.182 0.0000000000
58371  -6.596  -21.249  50.298 0.0000000000
57190  -6.445  -21.941  50.560 0.0000000000
54926  -5.796  -24.125  49.853 0.0000000000
56098  -5.703  -23.688  49.333 0.0000000000
52375  -4.413  -26.232  51.195 0.0000000000
51145  -4.383  -27.104  51.431 0.0000000000
61697  -4.555  -19.382  67.696 0.0000000000
60459  -4.944  -19.990  67.436 0.0000000000
56872  -4.331  -22.018  67.912 0.0000000000
58075  -4.321  -21.397  68.228 0.0000000000
56871  -3.744  -21.795  67.808 0.0000000000
56879  -3.297  -21.415  67.451 0.0000000000
56880  -3.543  -21.803  67.244 0.0000000000
53311  -4.512  -23.154  66.102 0.0000000000
52076  -3.974  -24.298  64.997 0.0000000000
52098  -3.047  -25.015  64.662 0.0000000000
53324  -3.369  -23.721  65.523 0.0000000000
52074  -2.922  -24.388  65.053 0.0000000000
53323  -2.801  -23.801  65.345 0.0000000000
52073  -2.559  -24.306  64.986 0.0000000000
53322  -2.238  -24.032  65.018 0.0000000000
49687  -2.043  -26.697  63.866 0.0000000000
50899  -1.762  -26.405  64.111 0.0000000000
50924  -1.605  -26.572  63.928 0.0000000000
50923  -1.496  -26.621  63.643 0.0000000000
76613  -30.376  -5.648  60.402 0.0000000000
76589  -30.205  -5.889  61.628 0.0000000000
64178  -32.563  -16.293  57.275 0.0000000000
65241  -31.904  -15.412  57.443 0.0000000000
72791  -29.335  -9.938  58.445 0.0000000000
72803  -29.191  -9.947  57.599 0.0000000000
74028  -29.167  -9.161  57.912 0.0000000000
76611  -28.997  -6.956  60.443 0.0000000000
75310  -28.587  -6.999  59.211 0.0000000000
64033  -18.627  -16.221  65.206 0.0000000000
62896  -18.261  -16.270  65.509 0.0000000000
64050  -18.016  -15.890  64.768 0.0000000000
60497  -21.950  -18.657  66.262 0.0000000000
59265  -21.902  -18.808  66.792 0.0000000000
60496  -21.537  -18.518  66.325 0.0000000000
60519  -21.493  -18.164  65.393 0.0000000000
60579  -22.548  -19.277  61.755 0.0000000000
60563  -22.470  -18.660  62.418 0.0000000000
61795  -21.845  -17.573  62.500 0.0000000000
60552  -22.413  -17.805  63.039 0.0000000000
61782  -21.647  -17.449  63.604 0.0000000000
61761  -21.151  -17.609  64.722 0.0000000000
62941  -20.883  -17.123  63.946 0.0000000000
62918  -20.715  -17.260  64.552 0.0000000000
62972  -20.170  -16.283  61.082 0.0000000000
64115  -19.306  -15.856  61.696 0.0000000000
64132  -18.160  -16.206  60.147 0.0000000000
64188  -18.306  -16.032  57.264 0.0000000000
64176  -17.887  -15.991  57.516 0.0000000000
91842  -47.064  6.800  42.747 0.0000000000
91854  -46.445  6.684  41.288 0.0000000000
91856  -47.329  7.247  42.504 0.0000000000
92983  -47.711  7.682  39.640 0.0000000000
92975  -48.033  8.224  41.310 0.0000000000
68801  -2.455  -12.924  57.411 0.0000000000
67588  -2.056  -13.482  57.513 0.0000000000
68741  -1.734  -12.623  60.431 0.0000000000
67547  -1.754  -13.266  59.393 0.0000000000
66378  -1.453  -14.502  58.614 0.0000000000
67566  -1.471  -13.805  58.529 0.0000000000
66396  -1.668  -14.670  58.192 0.0000000000
67603  -1.908  -14.402  57.606 0.0000000000
65248  -2.133  -15.068  57.743 0.0000000000
64173  -2.236  -15.565  57.947 0.0000000000
63028  -2.656  -16.403  58.469 0.0000000000
63015  -4.016  -16.877  58.953 0.0000000000
62978  -2.340  -16.435  60.795 0.0000000000
62998  -2.452  -16.577  60.104 0.0000000000
61831  -4.151  -18.679  59.562 0.0000000000
63000  -3.668  -17.746  59.872 0.0000000000
61840  -4.876  -18.475  58.977 0.0000000000
59408  -4.383  -20.438  58.479 0.0000000000
59422  -3.378  -21.300  57.693 0.0000000000
59423  -4.135  -20.769  57.767 0.0000000000
59435  -3.121  -21.556  56.988 0.0000000000
58274  -3.211  -21.792  56.470 0.0000000000
58273  -2.806  -22.072  56.778 0.0000000000
77866  -31.701  -4.760  60.371 0.0000000000
78041  -38.260  -5.389  49.309 0.0000000000
78048  -37.561  -5.447  48.352 0.0000000000
78049  -38.029  -5.161  48.549 0.0000000000
79141  -38.533  -3.768  47.329 0.0000000000
82484  -40.285  -1.785  49.898 0.0000000000
60488  -6.324  -19.865  65.646 0.0000000000
60476  -6.556  -20.466  66.215 0.0000000000
59261  -6.367  -20.634  66.631 0.0000000000
59262  -6.999  -20.749  66.065 0.0000000000
61734  -8.686  -19.665  64.173 0.0000000000
60510  -7.874  -20.146  64.522 0.0000000000
60491  -8.501  -20.437  64.868 0.0000000000
56891  -8.034  -21.874  65.148 0.0000000000
59264  -7.689  -21.323  65.626 0.0000000000
58099  -7.454  -21.635  65.922 0.0000000000
56883  -7.161  -22.042  66.236 0.0000000000
55784  -6.847  -22.519  65.618 0.0000000000
55801  -6.769  -22.627  65.207 0.0000000000
54640  -7.436  -23.359  63.129 0.0000000000
53375  -6.823  -23.391  63.632 0.0000000000
53415  -6.136  -24.131  62.158 0.0000000000
61820  -16.058  -17.522  59.778 0.0000000000
61811  -15.920  -17.479  60.765 0.0000000000
60589  -15.503  -18.038  59.846 0.0000000000
59382  -15.129  -18.667  59.957 0.0000000000
60576  -15.405  -17.840  60.862 0.0000000000
59364  -15.077  -18.120  60.987 0.0000000000
59347  -15.123  -17.949  61.933 0.0000000000
57034  -14.845  -20.159  58.331 0.0000000000
57012  -13.955  -20.250  58.775 0.0000000000
58195  -13.536  -19.656  59.635 0.0000000000
58196  -14.097  -19.499  59.753 0.0000000000
58177  -14.102  -18.644  60.523 0.0000000000
59345  -14.518  -18.354  60.917 0.0000000000
58161  -13.900  -18.344  60.996 0.0000000000
58145  -13.330  -18.203  61.214 0.0000000000
59329  -11.916  -19.037  61.476 0.0000000000
60531  -11.768  -18.376  62.504 0.0000000000
59313  -11.063  -19.305  62.179 0.0000000000
56946  -10.619  -21.235  61.623 0.0000000000
56931  -10.053  -21.321  62.596 0.0000000000
54718  -10.253  -21.960  59.156 0.0000000000
54701  -10.373  -22.082  59.656 0.0000000000
54680  -9.327  -23.172  60.254 0.0000000000
54681  -9.753  -22.751  60.566 0.0000000000
55867  -9.371  -22.831  61.343 0.0000000000
54660  -9.029  -23.214  61.060 0.0000000000
54659  -8.244  -23.263  61.649 0.0000000000
71583  -2.890  -10.431  54.147 0.0000000000
72872  -2.673  -9.497  54.115 0.0000000000
72871  -2.313  -9.858  53.693 0.0000000000
68835  -2.580  -12.112  54.295 0.0000000000
70171  -2.692  -11.816  54.469 0.0000000000
68878  -2.769  -12.633  53.269 0.0000000000
68847  -2.403  -12.041  53.879 0.0000000000
68862  -2.509  -12.164  53.496 0.0000000000
70205  -2.386  -11.614  53.375 0.0000000000
70225  -2.700  -12.178  52.952 0.0000000000
70249  -2.862  -11.963  52.634 0.0000000000
68876  -2.719  -13.085  52.110 0.0000000000
66460  -2.568  -14.720  51.038 0.0000000000
65297  -2.211  -15.382  50.584 0.0000000000
66466  -2.121  -14.986  50.341 0.0000000000
64240  -1.774  -15.697  50.184 0.0000000000
61877  -3.789  -17.174  55.200 0.0000000000
63077  -3.256  -17.058  54.872 0.0000000000
61890  -3.440  -17.344  54.594 0.0000000000
60683  -3.374  -18.414  53.155 0.0000000000
61906  -3.174  -18.071  53.526 0.0000000000
63092  -2.914  -16.860  53.521 0.0000000000
61928  -2.794  -18.264  52.930 0.0000000000
59537  -4.429  -20.165  50.094 0.0000000000
60725  -4.420  -19.228  51.107 0.0000000000
59517  -4.108  -19.800  50.621 0.0000000000
59515  -3.217  -19.074  51.121 0.0000000000
59514  -2.991  -18.818  51.400 0.0000000000
60760  -2.808  -18.501  49.304 0.0000000000
61989  -2.550  -17.633  49.594 0.0000000000
63147  -1.849  -16.428  49.831 0.0000000000
63166  -2.440  -17.450  49.143 0.0000000000
63186  -2.520  -17.469  48.571 0.0000000000
62006  -2.640  -18.151  48.698 0.0000000000
65109  -0.451  -15.601  65.489 0.0000000000
62850  -3.550  -18.125  67.681 0.0000000000
59240  -1.920  -19.929  67.766 0.0000000000
60455  -1.871  -18.952  67.680 0.0000000000
61693  -1.665  -17.972  67.432 0.0000000000
60454  -1.268  -18.614  67.424 0.0000000000
56897  -2.133  -21.872  65.623 0.0000000000
58110  -2.072  -21.004  65.442 0.0000000000
59277  -1.281  -19.245  65.681 0.0000000000
59278  -1.587  -19.957  66.102 0.0000000000
60487  -1.153  -18.972  66.498 0.0000000000
61705  -0.771  -17.971  67.181 0.0000000000
60472  -0.681  -18.214  66.746 0.0000000000
61716  -0.342  -17.807  66.345 0.0000000000
61748  -0.989  -18.163  64.848 0.0000000000
64044  -0.504  -16.438  64.805 0.0000000000
62929  -1.000  -17.270  63.943 0.0000000000
61770  -1.332  -18.386  64.147 0.0000000000
59344  -1.895  -20.455  62.821 0.0000000000
56973  -0.920  -22.727  61.622 0.0000000000
58227  -1.375  -22.512  59.884 0.0000000000
58211  -1.478  -21.989  60.726 0.0000000000
58212  -1.851  -21.709  60.474 0.0000000000
58228  -1.879  -21.888  59.758 0.0000000000
58229  -2.404  -21.790  59.237 0.0000000000
57053  -2.109  -23.114  57.399 0.0000000000
57074  -2.333  -23.327  56.648 0.0000000000
57096  -2.546  -23.231  55.986 0.0000000000
55970  -2.370  -24.088  56.145 0.0000000000
47566  -1.430  -29.432  61.021 0.0000000000
47594  -0.735  -30.462  59.750 0.0000000000
46535  -0.849  -31.376  59.930 0.0000000000
49796  -0.990  -28.350  60.012 0.0000000000
48699  -0.830  -29.364  58.294 0.0000000000
49820  -1.076  -28.378  58.966 0.0000000000
51047  -1.214  -27.283  58.543 0.0000000000
51060  -1.388  -27.264  57.517 0.0000000000
52276  -1.276  -26.426  56.092 0.0000000000
52300  -1.945  -26.685  55.310 0.0000000000
53591  -2.151  -26.220  55.047 0.0000000000
53614  -2.306  -25.976  54.347 0.0000000000
60521  -31.560  -18.542  64.905 0.0000000000
59304  -30.968  -18.969  64.976 0.0000000000
58184  -30.335  -20.124  62.582 0.0000000000
58185  -30.843  -19.811  62.907 0.0000000000
56952  -28.799  -20.942  63.716 0.0000000000
56965  -28.497  -20.662  62.847 0.0000000000
56966  -29.108  -20.573  63.094 0.0000000000
56905  -28.566  -21.015  65.067 0.0000000000
56906  -28.771  -20.937  64.857 0.0000000000
56937  -28.997  -20.931  64.170 0.0000000000
59288  -29.597  -19.885  65.623 0.0000000000
82519  -40.326  -0.683  47.832 0.0000000000
83730  -39.899  -0.648  46.980 0.0000000000
84959  -42.012  0.679  47.148 0.0000000000
84942  -41.949  0.734  48.093 0.0000000000
76661  -32.456  -5.493  58.147 0.0000000000
77904  -32.408  -5.281  58.835 0.0000000000
77867  -32.328  -4.821  59.893 0.0000000000
76679  -29.135  -6.440  57.350 0.0000000000
77937  -30.761  -6.172  57.015 0.0000000000
76681  -31.376  -6.048  57.158 0.0000000000
58291  -3.616  -21.875  55.935 0.0000000000
58306  -3.899  -22.320  55.138 0.0000000000
56037  -3.135  -24.323  53.556 0.0000000000
54850  -3.142  -24.587  53.060 0.0000000000
54849  -2.760  -24.917  53.420 0.0000000000
53637  -2.609  -25.895  53.406 0.0000000000
53392  -5.924  -24.353  62.956 0.0000000000
53373  -5.473  -24.560  63.405 0.0000000000
52206  -5.069  -25.239  62.281 0.0000000000
68755  -31.532  -14.052  61.567 0.0000000000
67540  -31.884  -14.054  60.376 0.0000000000
68754  -31.427  -13.317  60.876 0.0000000000
68753  -31.308  -12.715  60.238 0.0000000000
70103  -30.974  -11.926  60.738 0.0000000000
70079  -31.296  -11.811  61.683 0.0000000000
71456  -31.251  -10.992  62.533 0.0000000000
61683  -21.873  -18.066  68.274 0.0000000000
60618  -23.755  -18.115  58.606 0.0000000000
87371  -46.883  3.088  44.431 0.0000000000
88486  -47.372  3.675  44.512 0.0000000000
90647  -48.767  5.046  45.325 0.0000000000
65160  0.117  -15.064  62.581 0.0000000000
64088  -0.611  -15.549  62.486 0.0000000000
80170  -37.564  -3.690  52.246 0.0000000000
80160  -38.158  -3.531  52.803 0.0000000000
76784  -35.322  -5.608  52.359 0.0000000000
76806  -37.466  -5.980  50.766 0.0000000000
78010  -37.750  -5.475  50.677 0.0000000000
78009  -37.016  -5.264  51.260 0.0000000000
79086  -37.388  -4.373  51.447 0.0000000000
61776  -10.086  -18.637  63.097 0.0000000000
60530  -10.556  -19.210  63.391 0.0000000000
64049  -17.033  -15.779  64.443 0.0000000000
68924  -2.184  -13.208  49.772 0.0000000000
67688  -1.857  -13.724  49.263 0.0000000000
56116  -5.154  -23.363  48.200 0.0000000000
56128  -3.840  -23.261  47.295 0.0000000000
62865  -3.349  -17.096  67.283 0.0000000000
53372  -0.436  -25.091  64.330 0.0000000000
52143  -0.263  -25.382  63.589 0.0000000000
53390  -0.213  -25.023  63.292 0.0000000000
53412  -0.395  -24.930  62.679 0.0000000000
52184  -0.608  -25.379  62.659 0.0000000000
52204  -0.804  -26.224  61.072 0.0000000000
61813  -32.490  -17.963  61.902 0.0000000000
61814  -32.472  -18.104  61.438 0.0000000000
62957  -32.551  -17.291  62.382 0.0000000000
64121  -32.848  -16.347  62.300 0.0000000000
65189  -32.872  -15.990  62.104 0.0000000000
65172  -33.300  -15.613  62.825 0.0000000000
57020  -29.711  -20.706  58.975 0.0000000000
56949  -26.818  -21.285  63.374 0.0000000000
56948  -26.368  -21.241  63.743 0.0000000000
58182  -26.429  -20.955  62.968 0.0000000000
58199  -25.907  -20.415  61.747 0.0000000000
58216  -25.431  -20.171  60.883 0.0000000000
58217  -25.891  -20.400  60.657 0.0000000000
86164  -46.869  2.341  47.674 0.0000000000
84962  -43.779  0.938  45.762 0.0000000000
84978  -44.319  0.732  45.261 0.0000000000
86199  -44.894  1.298  45.421 0.0000000000
84979  -44.962  0.841  44.707 0.0000000000
86217  -45.430  1.227  44.711 0.0000000000
86183  -46.336  1.799  46.605 0.0000000000
77956  -35.029  -4.425  55.575 0.0000000000
75397  -32.582  -6.391  54.362 0.0000000000
75415  -33.177  -6.391  54.024 0.0000000000
76760  -33.721  -6.024  53.464 0.0000000000
76743  -34.124  -5.044  54.208 0.0000000000
61865  -17.276  -17.383  56.913 0.0000000000
70248  -2.884  -11.963  52.009 0.0000000000
63031  -5.133  -16.717  57.384 0.0000000000
63046  -5.153  -16.724  56.249 0.0000000000
63032  -6.103  -17.170  56.839 0.0000000000
63033  -6.472  -17.551  55.994 0.0000000000
60656  -7.181  -19.112  54.981 0.0000000000
57132  -5.324  -22.310  53.259 0.0000000000
57153  -5.915  -22.401  52.614 0.0000000000
57173  -6.148  -22.641  51.740 0.0000000000
57189  -6.151  -22.711  50.839 0.0000000000
54901  -5.656  -24.380  50.272 0.0000000000
53690  -5.358  -25.270  50.020 0.0000000000
52381  -4.962  -25.998  50.527 0.0000000000
60460  -5.459  -20.396  67.288 0.0000000000
59243  -5.242  -20.693  67.742 0.0000000000
58087  -5.379  -21.268  67.779 0.0000000000
56873  -4.835  -22.091  67.667 0.0000000000
55753  -4.331  -22.292  67.243 0.0000000000
50883  -3.666  -25.240  64.304 0.0000000000
50881  -2.660  -25.746  64.308 0.0000000000
50880  -2.069  -25.908  64.405 0.0000000000
49688  -2.420  -26.785  63.672 0.0000000000
76588  -29.738  -6.834  62.062 0.0000000000
67596  -31.607  -14.067  58.113 0.0000000000
72780  -29.703  -10.310  60.038 0.0000000000
72779  -29.254  -9.561  59.506 0.0000000000
74004  -28.805  -8.338  59.966 0.0000000000
75293  -28.938  -7.515  60.828 0.0000000000
59285  -23.398  -19.288  66.536 0.0000000000
59266  -22.577  -19.015  67.164 0.0000000000
60538  -22.263  -18.446  64.827 0.0000000000
60591  -21.599  -18.700  60.424 0.0000000000
60577  -21.373  -18.474  61.196 0.0000000000
61812  -21.363  -17.806  61.724 0.0000000000
62973  -20.969  -17.031  61.458 0.0000000000
62987  -19.894  -16.392  60.236 0.0000000000
64149  -19.077  -16.162  59.696 0.0000000000
63019  -19.664  -16.310  59.073 0.0000000000
63035  -19.509  -16.039  58.071 0.0000000000
89650  -44.713  4.384  41.031 0.0000000000
67546  -1.506  -13.705  59.388 0.0000000000
66359  -1.300  -14.059  59.399 0.0000000000
65229  -1.613  -15.331  58.778 0.0000000000
64160  -1.802  -15.904  58.890 0.0000000000
63013  -2.373  -16.518  59.240 0.0000000000
62980  -3.296  -18.026  60.846 0.0000000000
61830  -3.580  -18.952  60.186 0.0000000000
60602  -3.825  -19.504  59.706 0.0000000000
59406  -2.837  -21.636  58.508 0.0000000000
82466  -40.418  -1.730  50.871 0.0000000000
82426  -40.627  -1.449  52.242 0.0000000000
80209  -38.693  -3.966  49.514 0.0000000000
81334  -39.398  -2.328  49.610 0.0000000000
81335  -39.871  -2.335  50.142 0.0000000000
60509  -6.899  -20.028  64.685 0.0000000000
59282  -8.947  -20.718  64.912 0.0000000000
58111  -8.407  -21.305  65.120 0.0000000000
56899  -8.300  -21.726  65.027 0.0000000000
56898  -7.720  -22.087  65.355 0.0000000000
55802  -7.442  -22.387  65.012 0.0000000000
55821  -7.477  -22.581  64.520 0.0000000000
54620  -7.455  -23.096  63.578 0.0000000000
59409  -16.226  -19.191  58.492 0.0000000000
58231  -15.268  -19.387  59.326 0.0000000000
57011  -12.984  -20.274  58.504 0.0000000000
56977  -12.977  -19.814  59.564 0.0000000000
58176  -13.098  -19.336  60.040 0.0000000000
58143  -11.046  -19.951  61.877 0.0000000000
56947  -11.116  -20.762  61.059 0.0000000000
55869  -10.626  -21.656  60.791 0.0000000000
54717  -9.491  -22.567  58.879 0.0000000000
53464  -8.818  -23.459  59.262 0.0000000000
53463  -8.328  -23.789  59.514 0.0000000000
67627  -2.776  -13.264  53.947 0.0000000000
67635  -2.856  -13.140  53.326 0.0000000000
66452  -2.971  -13.552  52.854 0.0000000000
67644  -2.892  -13.378  52.434 0.0000000000
65298  -2.579  -15.260  51.450 0.0000000000
64232  -2.360  -15.787  51.012 0.0000000000
61892  -4.901  -17.731  53.940 0.0000000000
61891  -3.998  -17.738  54.189 0.0000000000
61929  -4.122  -18.439  52.819 0.0000000000
60684  -3.587  -18.558  52.912 0.0000000000
59536  -3.635  -20.053  50.201 0.0000000000
60779  -2.731  -18.610  48.635 0.0000000000
60796  -2.785  -19.732  47.739 0.0000000000
59227  -3.112  -20.680  68.219 0.0000000000
60443  -3.040  -20.087  68.287 0.0000000000
59241  -2.580  -20.395  68.063 0.0000000000
59260  -2.080  -20.403  67.176 0.0000000000
58127  -1.827  -21.178  64.825 0.0000000000
60526  -1.361  -19.094  64.639 0.0000000000
61769  -1.357  -18.792  64.475 0.0000000000
60546  -1.669  -19.143  63.977 0.0000000000
60559  -1.835  -20.193  63.519 0.0000000000
59360  -1.547  -21.412  62.415 0.0000000000
55896  -0.624  -23.685  60.344 0.0000000000
57009  -1.100  -23.250  59.748 0.0000000000
58240  -1.365  -22.783  59.395 0.0000000000
55943  -1.857  -23.631  57.769 0.0000000000
54765  -1.749  -24.683  56.675 0.0000000000
46552  -0.690  -31.598  59.032 0.0000000000
51079  -2.006  -27.971  55.616 0.0000000000
57047  -31.270  -20.280  59.004 0.0000000000
58250  -31.629  -19.997  58.677 0.0000000000
58235  -31.400  -19.728  59.722 0.0000000000
58223  -31.508  -19.428  60.847 0.0000000000
59372  -31.872  -19.051  61.520 0.0000000000
59352  -31.463  -19.188  62.351 0.0000000000
59353  -31.882  -18.887  62.046 0.0000000000
61796  -32.107  -18.448  62.293 0.0000000000
61785  -32.625  -17.401  63.725 0.0000000000
56999  -27.675  -20.261  60.402 0.0000000000
57000  -27.922  -20.102  60.522 0.0000000000
55906  -28.286  -20.241  60.101 0.0000000000
56983  -28.798  -19.932  61.780 0.0000000000
55907  -28.703  -20.025  60.323 0.0000000000
55924  -29.462  -20.427  59.629 0.0000000000
56919  -27.517  -21.379  64.962 0.0000000000
56934  -27.155  -21.476  64.277 0.0000000000
86135  -45.486  2.323  49.087 0.0000000000
83750  -39.962  -0.967  46.381 0.0000000000
82539  -40.097  -1.375  46.023 0.0000000000
81394  -40.287  -1.896  45.256 0.0000000000
82570  -40.699  -1.488  44.800 0.0000000000
84960  -42.674  0.783  46.514 0.0000000000
84961  -43.307  0.692  45.967 0.0000000000
86161  -43.877  1.576  46.976 0.0000000000
77938  -33.814  -5.248  56.812 0.0000000000
76704  -33.502  -5.332  56.923 0.0000000000
77922  -33.597  -5.202  57.872 0.0000000000
78997  -33.712  -4.775  58.367 0.0000000000
77906  -33.406  -5.100  58.306 0.0000000000
76737  -28.712  -6.640  54.003 0.0000000000
76756  -29.682  -6.394  53.158 0.0000000000
75394  -30.668  -7.049  54.322 0.0000000000
76721  -31.859  -6.340  55.442 0.0000000000
76722  -32.587  -5.710  55.664 0.0000000000
60642  -6.301  -19.684  56.838 0.0000000000
59439  -6.309  -19.928  56.045 0.0000000000
59472  -5.643  -21.345  55.077 0.0000000000
58308  -5.618  -21.555  54.368 0.0000000000
58319  -5.272  -22.023  53.921 0.0000000000
54876  -4.328  -24.884  51.858 0.0000000000
52360  -3.564  -26.321  52.041 0.0000000000
53661  -3.271  -25.284  52.556 0.0000000000
53639  -3.362  -26.013  52.347 0.0000000000
51138  -3.660  -26.864  51.938 0.0000000000
54556  -5.649  -22.853  65.980 0.0000000000
54555  -4.976  -22.950  66.300 0.0000000000
53327  -5.131  -23.399  65.331 0.0000000000
53341  -4.619  -23.970  64.879 0.0000000000
52101  -4.477  -24.458  64.467 0.0000000000
52146  -5.056  -24.798  63.599 0.0000000000
52145  -4.485  -25.169  63.535 0.0000000000
52125  -4.387  -25.037  64.005 0.0000000000
50903  -4.068  -25.400  63.707 0.0000000000
73980  -30.191  -8.665  62.614 0.0000000000
73965  -30.251  -8.150  62.997 0.0000000000
64167  -33.344  -16.311  59.033 0.0000000000
64180  -33.229  -16.273  58.559 0.0000000000
65243  -33.384  -15.632  58.733 0.0000000000
66402  -32.946  -14.865  58.812 0.0000000000
67597  -32.113  -14.460  58.664 0.0000000000
67559  -31.903  -14.061  59.424 0.0000000000
67578  -31.995  -14.313  58.960 0.0000000000
68810  -31.441  -13.229  58.133 0.0000000000
68827  -31.193  -13.137  57.781 0.0000000000
68809  -31.166  -12.756  57.903 0.0000000000
71513  -30.741  -11.730  58.804 0.0000000000
70122  -30.479  -11.441  59.817 0.0000000000
70102  -30.597  -11.555  60.289 0.0000000000
71499  -30.154  -11.028  60.434 0.0000000000
61699  -20.773  -17.665  67.641 0.0000000000
59349  -23.175  -19.125  62.339 0.0000000000
60606  -23.194  -18.886  59.709 0.0000000000
60605  -22.290  -18.648  59.784 0.0000000000
60604  -21.801  -18.418  59.790 0.0000000000
61845  -21.689  -17.435  58.777 0.0000000000
61856  -21.191  -16.794  58.172 0.0000000000
88522  -44.859  3.431  42.529 0.0000000000
88502  -46.176  3.463  43.739 0.0000000000
89614  -45.604  4.016  43.184 0.0000000000
89644  -44.974  4.290  42.096 0.0000000000
90703  -45.373  5.054  41.775 0.0000000000
90704  -45.918  5.905  41.592 0.0000000000
90660  -47.738  5.148  44.401 0.0000000000
66325  -0.749  -14.339  61.458 0.0000000000
64124  -1.574  -15.290  60.625 0.0000000000
60575  -2.830  -19.465  61.446 0.0000000000
81272  -39.714  -2.603  52.230 0.0000000000
80148  -38.702  -3.124  53.278 0.0000000000
76826  -36.146  -6.273  50.478 0.0000000000
76847  -37.369  -5.879  48.889 0.0000000000
78027  -37.971  -5.164  50.507 0.0000000000
61735  -9.289  -19.538  64.039 0.0000000000
56915  -9.184  -21.391  64.043 0.0000000000
57076  -14.801  -21.154  56.123 0.0000000000
57056  -14.752  -20.502  57.206 0.0000000000
57055  -13.932  -21.112  56.893 0.0000000000
57033  -13.964  -20.554  57.947 0.0000000000
57032  -12.922  -20.678  57.634 0.0000000000
57010  -12.073  -20.418  58.344 0.0000000000
55914  -11.339  -20.880  58.908 0.0000000000
56993  -11.211  -20.892  59.618 0.0000000000
55913  -10.841  -21.397  58.692 0.0000000000
70173  -3.322  -11.763  55.293 0.0000000000
65276  -3.067  -14.462  53.882 0.0000000000
64209  -3.055  -16.060  52.950 0.0000000000
60727  -6.035  -19.574  50.603 0.0000000000
61955  -5.709  -19.085  50.926 0.0000000000
60745  -5.664  -20.045  50.147 0.0000000000
59538  -5.234  -20.321  49.829 0.0000000000
59559  -4.585  -20.713  49.403 0.0000000000
58417  -4.419  -21.856  48.466 0.0000000000
58389  -3.974  -21.165  48.791 0.0000000000
58415  -3.359  -21.261  48.165 0.0000000000
58429  -2.362  -21.194  47.194 0.0000000000
66222  -3.041  -14.170  66.479 0.0000000000
65066  -2.270  -15.355  67.166 0.0000000000
55800  -1.739  -22.996  65.440 0.0000000000
55781  -2.232  -22.221  65.700 0.0000000000
55799  -1.364  -23.022  65.448 0.0000000000
55820  -0.840  -23.387  64.818 0.0000000000
56912  -1.246  -22.496  64.317 0.0000000000
56928  -1.348  -22.282  63.826 0.0000000000
56945  -1.180  -22.483  63.059 0.0000000000
55880  -0.510  -23.526  61.560 0.0000000000
54658  -0.447  -24.181  62.137 0.0000000000
55895  -0.495  -23.570  60.949 0.0000000000
54697  -0.405  -24.006  60.683 0.0000000000
61858  -32.957  -18.140  57.466 0.0000000000
59403  -31.775  -19.393  59.367 0.0000000000
61835  -32.425  -18.495  59.456 0.0000000000
61824  -32.537  -18.100  60.475 0.0000000000
61836  -32.602  -18.091  59.533 0.0000000000
61837  -32.792  -17.670  59.556 0.0000000000
63023  -33.125  -16.945  59.051 0.0000000000
65232  -33.449  -15.784  59.611 0.0000000000
66372  -33.203  -15.353  60.180 0.0000000000
66350  -32.804  -15.108  60.638 0.0000000000
66335  -32.729  -15.486  61.798 0.0000000000
67542  -32.579  -15.108  61.410 0.0000000000
68735  -31.823  -14.094  62.609 0.0000000000
59302  -24.124  -19.425  65.614 0.0000000000
58132  -25.154  -20.556  65.663 0.0000000000
58148  -25.879  -21.035  64.443 0.0000000000
58147  -25.463  -20.595  64.764 0.0000000000
58146  -24.808  -19.774  64.468 0.0000000000
59336  -24.137  -19.249  64.027 0.0000000000
59350  -24.225  -19.361  62.790 0.0000000000
83822  -44.255  0.279  43.861 0.0000000000
138921  -43.500  0.576  43.188 0.0000000000
86254  -45.627  1.555  43.319 0.0000000000
87349  -46.399  2.112  44.513 0.0000000000
86218  -46.127  1.603  44.760 0.0000000000
87350  -47.081  2.741  44.970 0.0000000000
87323  -48.260  3.010  46.439 0.0000000000
79063  -35.971  -3.871  53.885 0.0000000000
80145  -36.422  -3.817  53.956 0.0000000000
79064  -36.151  -3.974  54.607 0.0000000000
77976  -36.127  -4.103  54.886 0.0000000000
77957  -35.685  -4.139  55.368 0.0000000000
77939  -34.038  -5.103  56.895 0.0000000000
77924  -34.440  -4.643  57.075 0.0000000000
78000  -35.529  -4.774  52.626 0.0000000000
61842  -17.114  -18.072  58.149 0.0000000000
60614  -16.797  -18.785  58.474 0.0000000000
57077  -15.574  -20.493  56.404 0.0000000000
66479  -1.694  -14.735  49.740 0.0000000000
63060  -3.155  -16.295  56.234 0.0000000000
63063  -5.062  -17.145  55.246 0.0000000000
63078  -5.295  -17.355  54.563 0.0000000000
63079  -5.799  -17.301  54.074 0.0000000000
61910  -6.461  -18.620  52.192 0.0000000000
58321  -6.810  -21.155  53.086 0.0000000000
60707  -6.789  -19.403  51.517 0.0000000000
58392  -6.099  -21.474  49.715 0.0000000000
57228  -5.489  -23.190  48.772 0.0000000000
59242  -4.663  -20.655  68.136 0.0000000000
59229  -4.045  -20.791  68.365 0.0000000000
59228  -3.557  -20.820  68.327 0.0000000000
58073  -3.291  -21.159  68.056 0.0000000000
55765  -2.983  -21.521  66.640 0.0000000000
54554  -4.377  -22.707  66.546 0.0000000000
54553  -3.792  -22.808  66.296 0.0000000000
53325  -3.893  -23.813  65.522 0.0000000000
53309  -3.747  -23.378  65.858 0.0000000000
54552  -3.499  -22.498  66.454 0.0000000000
55783  -2.853  -22.693  65.983 0.0000000000
55782  -2.520  -22.400  65.849 0.0000000000
54584  -1.896  -23.493  65.285 0.0000000000
53357  -1.094  -25.289  65.161 0.0000000000
52123  -1.504  -25.687  64.721 0.0000000000
52122  -0.968  -25.761  64.731 0.0000000000
77865  -30.836  -5.097  60.917 0.0000000000
64165  -32.963  -16.637  57.563 0.0000000000
63053  -32.927  -16.833  56.764 0.0000000000
74027  -28.824  -8.171  57.769 0.0000000000
75328  -28.615  -7.051  58.128 0.0000000000
74015  -28.656  -7.827  58.901 0.0000000000
76658  -29.205  -6.254  58.616 0.0000000000
62880  -17.661  -16.414  66.110 0.0000000000
62895  -17.159  -15.981  65.201 0.0000000000
62915  -17.484  -15.918  64.945 0.0000000000
64094  -18.367  -15.522  62.574 0.0000000000
60479  -21.879  -18.784  67.260 0.0000000000
60462  -21.569  -18.463  67.520 0.0000000000
60477  -20.979  -18.124  66.695 0.0000000000
59334  -22.977  -18.539  63.083 0.0000000000
60518  -21.078  -17.926  65.568 0.0000000000
61741  -20.623  -17.514  65.387 0.0000000000
62917  -20.174  -16.789  64.548 0.0000000000
64076  -19.433  -15.774  63.761 0.0000000000
65167  -18.968  -15.479  63.193 0.0000000000
64131  -17.361  -16.519  59.521 0.0000000000
64147  -17.400  -16.475  58.633 0.0000000000
64163  -17.952  -15.935  58.294 0.0000000000
90708  -45.895  6.312  40.761 0.0000000000
91860  -46.421  6.782  40.307 0.0000000000
91861  -46.968  7.263  40.881 0.0000000000
91865  -47.101  7.227  39.857 0.0000000000
92984  -48.385  7.858  39.136 0.0000000000
68819  -2.944  -12.589  56.614 0.0000000000
67567  -1.757  -13.394  58.547 0.0000000000
67587  -1.676  -13.946  57.727 0.0000000000
66410  -2.133  -14.615  57.379 0.0000000000
65249  -2.403  -15.063  57.075 0.0000000000
64174  -2.416  -16.023  58.112 0.0000000000
63030  -4.201  -16.583  57.806 0.0000000000
61841  -5.606  -18.285  58.290 0.0000000000
60627  -6.024  -19.296  57.816 0.0000000000
60641  -5.635  -20.122  57.249 0.0000000000
59437  -4.708  -20.621  56.852 0.0000000000
83692  -41.596  -0.280  50.326 0.0000000000
83708  -42.015  0.143  50.074 0.0000000000
80146  -36.825  -3.788  54.187 0.0000000000
78965  -32.294  -4.602  60.269 0.0000000000
78056  -37.357  -5.143  47.545 0.0000000000
79139  -37.654  -4.834  47.422 0.0000000000
79140  -38.018  -4.594  47.765 0.0000000000
79162  -37.555  -4.674  46.951 0.0000000000
79163  -37.950  -3.968  47.000 0.0000000000
79164  -38.372  -3.600  46.821 0.0000000000
80240  -38.804  -3.040  46.562 0.0000000000
82501  -40.510  -1.087  48.796 0.0000000000
59244  -5.871  -20.786  67.280 0.0000000000
58089  -6.496  -21.671  66.842 0.0000000000
61733  -7.922  -19.786  64.184 0.0000000000
59279  -7.339  -20.637  65.331 0.0000000000
59280  -7.685  -20.770  65.303 0.0000000000
59246  -6.922  -21.254  66.472 0.0000000000
56882  -6.535  -22.203  66.551 0.0000000000
55771  -6.298  -22.551  66.105 0.0000000000
54557  -6.119  -22.693  65.668 0.0000000000
53359  -6.021  -23.243  64.067 0.0000000000
54603  -6.686  -22.953  64.349 0.0000000000
53360  -6.680  -23.126  64.066 0.0000000000
62953  -16.438  -17.115  61.516 0.0000000000
59317  -14.850  -17.866  62.908 0.0000000000
58230  -15.127  -19.836  58.919 0.0000000000
58214  -14.812  -19.518  59.621 0.0000000000
56996  -13.938  -19.959  59.292 0.0000000000
58213  -14.410  -19.757  59.462 0.0000000000
58178  -14.578  -18.472  60.646 0.0000000000
59316  -14.464  -18.029  62.529 0.0000000000
60533  -14.017  -17.743  62.924 0.0000000000
58144  -12.680  -18.453  61.206 0.0000000000
60549  -12.365  -17.883  62.689 0.0000000000
60547  -11.186  -18.502  63.272 0.0000000000
58129  -10.025  -20.722  63.678 0.0000000000
56930  -9.417  -21.533  63.327 0.0000000000
55839  -9.066  -22.150  62.885 0.0000000000
55882  -10.711  -21.608  60.376 0.0000000000
54700  -9.974  -22.589  59.789 0.0000000000
55868  -10.077  -22.293  61.032 0.0000000000
55855  -9.334  -22.578  61.892 0.0000000000
54622  -8.585  -22.781  62.403 0.0000000000
54641  -7.923  -23.252  62.399 0.0000000000
53394  -7.617  -23.473  61.920 0.0000000000
53442  -8.158  -23.611  60.263 0.0000000000
53441  -7.297  -23.677  60.665 0.0000000000
71562  -2.800  -11.553  54.508 0.0000000000
71581  -2.508  -10.988  53.779 0.0000000000
71605  -2.339  -10.901  53.445 0.0000000000
71630  -2.518  -11.395  52.823 0.0000000000
67643  -2.838  -13.883  51.654 0.0000000000
67655  -2.590  -13.857  50.878 0.0000000000
68889  -2.443  -13.946  50.616 0.0000000000
67662  -2.206  -14.490  50.279 0.0000000000
66467  -1.848  -14.874  50.056 0.0000000000
64252  -1.378  -15.764  49.603 0.0000000000
63105  -2.663  -16.747  52.353 0.0000000000
61954  -5.321  -18.855  51.207 0.0000000000
60706  -4.224  -18.881  51.782 0.0000000000
60705  -3.714  -18.745  52.285 0.0000000000
59516  -3.633  -19.480  50.819 0.0000000000
60723  -3.120  -18.866  51.822 0.0000000000
60703  -2.757  -18.306  52.567 0.0000000000
63126  -2.446  -16.315  51.408 0.0000000000
63125  -2.239  -16.085  50.760 0.0000000000
61972  -1.739  -16.074  50.140 0.0000000000
63146  -1.568  -16.017  49.955 0.0000000000
63164  -1.601  -16.208  49.596 0.0000000000
64253  -1.551  -16.086  49.253 0.0000000000
63185  -2.250  -16.642  48.607 0.0000000000
62033  -2.718  -18.078  47.620 0.0000000000
65128  -0.312  -15.426  64.149 0.0000000000
62849  -3.035  -17.490  67.635 0.0000000000
62848  -2.130  -17.251  67.675 0.0000000000
62847  -1.432  -17.109  67.580 0.0000000000
62846  -0.860  -17.035  67.412 0.0000000000
59259  -1.553  -19.581  67.076 0.0000000000
61691  -0.530  -17.344  67.319 0.0000000000
62864  -0.317  -16.996  67.102 0.0000000000
64024  -0.329  -16.466  65.923 0.0000000000
61730  -0.510  -18.000  65.611 0.0000000000
62890  -0.296  -17.317  65.878 0.0000000000
64043  -0.361  -16.806  65.454 0.0000000000
64025  -0.398  -16.206  65.347 0.0000000000
61804  -2.326  -18.654  63.204 0.0000000000
60574  -2.462  -19.925  61.815 0.0000000000
60586  -2.350  -20.445  61.382 0.0000000000
58173  -1.419  -21.810  62.631 0.0000000000
58194  -1.400  -21.955  61.516 0.0000000000
56974  -1.212  -22.399  61.162 0.0000000000
59379  -2.138  -21.135  61.005 0.0000000000
59380  -2.616  -20.735  60.656 0.0000000000
59396  -2.847  -21.276  59.996 0.0000000000
58258  -2.511  -22.089  57.691 0.0000000000
58257  -2.129  -22.553  57.976 0.0000000000
58289  -2.698  -22.617  56.231 0.0000000000
57097  -2.767  -22.907  55.725 0.0000000000
57112  -2.789  -23.396  55.413 0.0000000000
49745  -1.366  -27.460  61.969 0.0000000000
52219  -0.595  -26.380  60.047 0.0000000000
52234  -0.675  -26.371  59.019 0.0000000000
48717  -0.999  -29.187  57.114 0.0000000000
53527  -1.078  -25.459  57.454 0.0000000000
54764  -1.335  -25.120  56.946 0.0000000000
53552  -1.717  -25.048  56.163 0.0000000000
52289  -1.604  -26.760  55.708 0.0000000000
53574  -1.887  -25.287  55.748 0.0000000000
54784  -2.067  -24.789  56.024 0.0000000000
54802  -2.334  -24.776  55.458 0.0000000000
56011  -2.778  -24.345  54.595 0.0000000000
54848  -2.450  -25.229  53.930 0.0000000000
51136  -3.213  -27.919  52.696 0.0000000000
44417  -0.689  -32.916  57.898 0.0000000000
51127  -3.467  -26.624  52.200 0.0000000000
52075  -3.474  -24.358  65.043 0.0000000000
52100  -3.979  -24.838  64.484 0.0000000000
52124  -4.140  -25.016  64.230 0.0000000000
52126  -4.838  -24.772  63.830 0.0000000000
52167  -5.015  -25.052  63.303 0.0000000000
52317  -2.149  -26.610  54.969 0.0000000000
52339  -3.316  -26.386  52.425 0.0000000000
52361  -3.904  -26.073  51.641 0.0000000000
53391  -5.417  -24.826  63.084 0.0000000000
53443  -8.833  -23.501  59.917 0.0000000000
53573  -1.679  -26.054  55.550 0.0000000000
53613  -2.226  -26.402  54.743 0.0000000000
53708  -4.395  -23.829  46.914 0.0000000000
54539  -4.559  -22.444  66.944 0.0000000000
54540  -4.753  -22.590  66.776 0.0000000000
54567  -3.525  -23.238  65.913 0.0000000000
54568  -5.190  -23.219  65.725 0.0000000000
54570  -6.261  -22.730  65.262 0.0000000000
54585  -5.835  -23.015  64.929 0.0000000000
54587  -7.075  -22.775  64.616 0.0000000000
54679  -0.606  -24.892  60.859 0.0000000000
54716  -9.110  -23.127  59.102 0.0000000000
54732  -1.627  -24.041  58.000 0.0000000000
54748  -1.716  -24.282  57.513 0.0000000000
55752  -4.015  -22.116  67.575 0.0000000000
55768  -4.067  -22.442  66.772 0.0000000000
55769  -5.107  -22.550  66.803 0.0000000000
55819  -0.920  -22.880  64.305 0.0000000000
55822  -8.212  -22.247  64.144 0.0000000000
55856  -9.899  -21.925  61.784 0.0000000000
55889  -28.275  -19.728  61.141 0.0000000000
55897  -10.410  -22.152  59.901 0.0000000000
55899  -11.244  -20.889  59.374 0.0000000000
55933  -12.206  -20.737  57.502 0.0000000000
55944  -11.901  -20.973  57.267 0.0000000000
56870  -3.470  -21.456  67.950 0.0000000000
56874  -5.341  -22.044  67.378 0.0000000000
56890  -7.476  -22.108  65.753 0.0000000000
56916  -9.905  -21.121  63.303 0.0000000000
56921  -28.750  -20.982  64.520 0.0000000000
56929  -1.397  -22.249  64.313 0.0000000000
56932  -25.823  -21.062  64.762 0.0000000000
56936  -28.551  -21.116  64.197 0.0000000000
56938  -29.430  -20.746  64.131 0.0000000000
56984  -30.334  -20.017  60.761 0.0000000000
56997  -14.534  -19.864  59.301 0.0000000000
57001  -27.854  -19.893  61.210 0.0000000000
57002  -29.146  -19.920  60.633 0.0000000000
57023  -31.226  -20.138  59.532 0.0000000000
57029  -1.365  -23.116  58.954 0.0000000000
57035  -15.285  -19.907  58.240 0.0000000000
57205  -6.275  -21.812  50.028 0.0000000000
58076  -4.864  -21.655  68.006 0.0000000000
58090  -7.053  -21.662  66.403 0.0000000000
58100  -7.856  -21.534  65.459 0.0000000000
58122  -30.250  -19.872  64.832 0.0000000000
58130  -24.139  -19.480  65.852 0.0000000000
58133  -29.220  -20.704  64.634 0.0000000000
58135  -30.194  -20.071  64.636 0.0000000000
58149  -30.073  -20.573  63.959 0.0000000000
58157  -10.667  -20.878  62.059 0.0000000000
58165  -26.402  -21.180  63.475 0.0000000000
58168  -30.715  -19.970  63.551 0.0000000000
58201  -29.163  -19.955  61.034 0.0000000000
58215  -15.060  -19.255  59.712 0.0000000000
58219  -29.309  -20.045  61.059 0.0000000000
58220  -29.400  -19.935  60.748 0.0000000000
58234  -31.203  -20.040  59.804 0.0000000000
58292  -4.308  -21.774  55.625 0.0000000000
59283  -21.921  -18.711  66.502 0.0000000000
59305  -31.543  -18.721  65.454 0.0000000000
59330  -13.724  -18.274  61.281 0.0000000000
59363  -14.867  -18.701  60.224 0.0000000000
59368  -29.400  -20.090  61.228 0.0000000000
59369  -29.529  -19.927  61.146 0.0000000000
59370  -30.012  -19.978  61.395 0.0000000000
59371  -31.526  -19.312  61.728 0.0000000000
59373  -32.089  -18.888  61.432 0.0000000000
59383  -23.090  -19.544  60.613 0.0000000000
59386  -25.492  -20.139  60.579 0.0000000000
59387  -29.412  -19.930  60.994 0.0000000000
59388  -29.568  -19.860  60.913 0.0000000000
59389  -29.887  -19.905  61.039 0.0000000000
59392  -32.118  -18.919  61.133 0.0000000000
59489  -6.822  -20.813  53.735 0.0000000000
59561  -5.808  -21.115  49.546 0.0000000000
60444  -3.524  -20.277  68.396 0.0000000000
60445  -3.830  -20.481  68.433 0.0000000000
60492  -8.815  -20.508  64.896 0.0000000000
60522  -31.780  -18.456  65.327 0.0000000000
60564  -22.672  -19.058  62.273 0.0000000000
60565  -31.862  -18.685  62.380 0.0000000000
60566  -32.143  -18.639  61.945 0.0000000000
60567  -32.286  -18.429  61.883 0.0000000000
60580  -32.098  -18.804  61.667 0.0000000000
60588  -3.215  -19.461  60.546 0.0000000000
60590  -21.241  -18.392  60.711 0.0000000000
60595  -32.241  -18.734  60.079 0.0000000000
60726  -5.234  -19.288  50.712 0.0000000000
60743  -4.669  -19.680  50.590 0.0000000000
61706  -4.255  -18.397  67.228 0.0000000000
61742  -21.118  -17.841  65.329 0.0000000000
61797  -32.315  -18.130  62.236 0.0000000000
61798  -32.390  -18.244  61.795 0.0000000000
61834  -21.411  -18.015  59.683 0.0000000000
61854  -17.244  -17.714  57.435 0.0000000000
61855  -17.233  -18.018  56.755 0.0000000000
61864  -6.866  -18.237  55.582 0.0000000000
61879  -4.673  -17.535  54.618 0.0000000000
61889  -3.160  -17.136  54.546 0.0000000000
61950  -2.020  -16.075  50.393 0.0000000000
61953  -4.821  -18.696  51.606 0.0000000000
61973  -1.918  -16.309  50.170 0.0000000000
61990  -2.609  -17.947  49.058 0.0000000000
62845  -0.525  -16.973  67.340 0.0000000000
62882  -19.732  -16.854  66.284 0.0000000000
62908  -0.731  -17.251  64.534 0.0000000000
62916  -17.719  -16.060  65.133 0.0000000000
62956  -32.512  -17.707  62.075 0.0000000000
62974  -32.531  -17.791  61.748 0.0000000000
62990  -32.965  -17.407  60.249 0.0000000000
62997  -2.208  -16.252  60.122 0.0000000000
63021  -33.063  -16.862  57.524 0.0000000000
63037  -32.933  -16.813  57.319 0.0000000000
63065  -6.451  -17.537  54.280 0.0000000000
63080  -6.261  -17.570  53.761 0.0000000000
63124  -2.135  -16.029  50.637 0.0000000000
63145  -1.835  -15.913  50.280 0.0000000000
63975  -0.850  -16.593  67.242 0.0000000000
64136  -32.863  -16.694  61.064 0.0000000000
64159  -1.563  -15.415  59.076 0.0000000000
64177  -18.566  -15.845  57.757 0.0000000000
64179  -32.948  -16.411  57.998 0.0000000000
65149  -18.569  -15.506  63.555 0.0000000000
65150  -18.802  -15.512  63.536 0.0000000000
65155  -33.443  -15.403  63.406 0.0000000000
65166  -18.608  -15.474  63.322 0.0000000000
65188  -32.751  -16.289  61.833 0.0000000000
65222  -32.907  -16.302  61.002 0.0000000000
65238  -1.624  -14.968  58.521 0.0000000000
65247  -1.850  -15.004  58.119 0.0000000000
65299  -2.641  -15.437  51.755 0.0000000000
65306  -1.781  -15.289  50.135 0.0000000000
65307  -1.500  -15.273  49.845 0.0000000000
66278  -0.338  -14.974  64.557 0.0000000000
66403  -33.544  -15.047  58.872 0.0000000000
66409  -1.892  -14.652  57.826 0.0000000000
66459  -2.314  -15.234  50.700 0.0000000000
67558  -31.649  -13.594  59.395 0.0000000000
67586  -1.660  -14.322  57.931 0.0000000000
67595  -31.203  -14.120  57.603 0.0000000000
67598  -32.493  -14.535  58.924 0.0000000000
67604  -1.981  -14.224  57.358 0.0000000000
67645  -2.930  -13.012  52.939 0.0000000000
68752  -31.102  -12.283  60.003 0.0000000000
68792  -31.664  -13.696  58.918 0.0000000000
68846  -2.363  -11.855  53.563 0.0000000000
68861  -2.155  -12.016  53.682 0.0000000000
70124  -31.275  -12.499  59.259 0.0000000000
70206  -2.011  -11.821  53.591 0.0000000000
74003  -28.637  -7.598  59.552 0.0000000000
75261  -29.741  -7.339  62.311 0.0000000000
75379  -31.886  -6.430  54.857 0.0000000000
75412  -31.413  -6.361  53.724 0.0000000000
75451  -37.029  -6.378  50.540 0.0000000000
75481  -38.177  -7.014  50.776 0.0000000000
75499  -38.262  -7.103  50.096 0.0000000000
76684  -33.530  -5.292  57.575 0.0000000000
76705  -33.632  -5.299  57.141 0.0000000000
76807  -38.118  -6.308  50.730 0.0000000000
76827  -36.874  -6.488  49.987 0.0000000000
77902  -30.489  -5.870  58.125 0.0000000000
77920  -30.425  -5.895  57.868 0.0000000000
77921  -30.832  -6.007  57.587 0.0000000000
77958  -36.010  -4.098  55.102 0.0000000000
77989  -36.046  -4.254  54.698 0.0000000000
78011  -38.241  -6.022  50.529 0.0000000000
78982  -33.075  -4.813  59.345 0.0000000000
79013  -34.424  -4.518  57.460 0.0000000000
81378  -40.190  -1.727  45.681 0.0000000000
82572  -45.785  -0.914  43.443 0.0000000000
82573  -46.061  -0.928  43.371 0.0000000000
82585  -46.104  -0.752  43.015 0.0000000000
82595  -45.766  -0.557  42.926 0.0000000000
82596  -46.017  -0.325  42.809 0.0000000000
83774  -40.792  -0.766  45.338 0.0000000000
83777  -43.719  0.187  45.158 0.0000000000
83804  -45.523  -0.366  43.440 0.0000000000
83805  -46.097  -0.404  43.333 0.0000000000
83823  -45.419  0.007  43.606 0.0000000000
83824  -46.177  -0.157  43.036 0.0000000000
84977  -43.682  0.545  45.532 0.0000000000
85001  -46.067  0.105  43.342 0.0000000000
85019  -46.047  0.872  43.142 0.0000000000
86134  -44.413  1.906  48.718 0.0000000000
86179  -43.147  1.009  46.369 0.0000000000
86180  -43.542  1.226  46.272 0.0000000000
86198  -44.438  1.191  45.524 0.0000000000
86237  -45.576  1.243  44.143 0.0000000000
89632  -45.388  4.173  42.871 0.0000000000
138929  -43.678  0.783  42.920 0.0000000000
