#!ascii label  , from subject sub.01.bl.02 vox2ras=TkReg
1548
100645  -38.772  14.414  31.147 0.0000000000
96417  -51.731  10.703  20.434 0.0000000000
106341  -45.608  20.598  33.164 0.0000000000
95264  -47.844  9.521  27.917 0.0000000000
98492  -44.516  11.941  36.769 0.0000000000
100731  -44.250  14.070  22.138 0.0000000000
106456  -47.647  20.487  21.919 0.0000000000
110322  -41.694  24.356  18.637 0.0000000000
96132  -37.678  10.458  42.474 0.0000000000
95235  -42.180  9.211  29.572 0.0000000000
95318  -44.788  9.621  23.882 0.0000000000
99699  -42.376  13.505  27.942 0.0000000000
106346  -50.487  20.995  33.402 0.0000000000
105416  -49.754  18.998  28.358 0.0000000000
107407  -46.116  21.733  28.366 0.0000000000
106451  -41.839  21.247  22.560 0.0000000000
111205  -46.698  25.957  23.199 0.0000000000
94284  -48.088  8.999  17.500 0.0000000000
104356  -34.246  18.709  34.725 0.0000000000
105389  -40.893  19.377  30.594 0.0000000000
98586  -52.500  12.618  32.372 0.0000000000
96268  -46.057  10.213  32.740 0.0000000000
94101  -40.039  8.389  34.356 0.0000000000
98485  -38.129  12.833  37.780 0.0000000000
96426  -47.600  10.582  19.547 0.0000000000
99812  -46.961  13.403  16.640 0.0000000000
102516  -45.987  16.839  27.501 0.0000000000
104496  -48.132  18.644  21.444 0.0000000000
103548  -47.412  17.754  14.408 0.0000000000
105549  -43.068  20.283  14.682 0.0000000000
106540  -38.775  21.181  15.829 0.0000000000
97438  -40.360  11.203  30.606 0.0000000000
97454  -41.685  11.686  28.493 0.0000000000
99686  -41.090  13.525  29.745 0.0000000000
108328  -51.290  23.086  31.818 0.0000000000
107396  -49.625  21.445  30.469 0.0000000000
110194  -48.545  24.249  29.186 0.0000000000
110234  -45.414  24.399  26.681 0.0000000000
95363  -49.790  9.552  19.399 0.0000000000
104319  -33.742  18.103  37.959 0.0000000000
105323  -37.405  19.436  35.954 0.0000000000
97387  -45.074  11.746  34.559 0.0000000000
94104  -43.267  9.084  34.169 0.0000000000
96240  -42.326  10.753  35.329 0.0000000000
96173  -37.959  10.945  39.652 0.0000000000
98553  -33.434  11.976  35.007 0.0000000000
100624  -31.499  14.300  33.867 0.0000000000
98530  -30.249  12.429  35.325 0.0000000000
96345  -49.355  10.484  25.642 0.0000000000
98687  -43.403  12.083  23.062 0.0000000000
96397  -46.404  10.236  21.976 0.0000000000
98710  -44.999  12.262  20.411 0.0000000000
97581  -46.250  11.505  18.175 0.0000000000
100747  -45.626  14.422  20.055 0.0000000000
106348  -43.222  20.234  32.056 0.0000000000
104406  -43.788  18.738  28.815 0.0000000000
105394  -46.106  19.769  29.899 0.0000000000
105438  -48.722  19.741  24.903 0.0000000000
103457  -49.403  17.952  24.832 0.0000000000
105475  -49.806  19.742  21.181 0.0000000000
104536  -48.661  18.810  18.199 0.0000000000
106518  -47.663  20.257  18.076 0.0000000000
105540  -46.124  19.402  15.891 0.0000000000
107484  -45.437  20.874  18.179 0.0000000000
109318  -40.718  23.111  21.207 0.0000000000
106495  -39.958  20.939  19.325 0.0000000000
108414  -39.706  22.486  18.818 0.0000000000
107488  -37.816  21.942  17.155 0.0000000000
110320  -39.529  24.266  18.629 0.0000000000
94156  -45.103  7.885  28.940 0.0000000000
95297  -46.797  9.282  25.758 0.0000000000
94190  -43.951  9.144  26.442 0.0000000000
97495  -42.544  11.233  25.438 0.0000000000
99736  -43.109  13.650  25.153 0.0000000000
106343  -47.654  20.584  33.528 0.0000000000
104398  -49.114  18.708  30.178 0.0000000000
105384  -50.472  19.371  30.991 0.0000000000
105414  -48.657  19.737  27.798 0.0000000000
106417  -46.325  20.427  25.278 0.0000000000
106469  -44.377  20.616  21.305 0.0000000000
107432  -43.986  21.557  25.474 0.0000000000
110267  -42.831  24.223  24.290 0.0000000000
111235  -43.750  25.321  21.332 0.0000000000
94282  -45.824  8.903  17.795 0.0000000000
103396  -36.328  17.445  32.197 0.0000000000
103406  -39.040  17.163  30.743 0.0000000000
105349  -37.929  19.393  33.457 0.0000000000
105327  -40.404  19.418  35.109 0.0000000000
104350  -42.706  19.372  35.778 0.0000000000
105285  -41.916  19.611  38.433 0.0000000000
105307  -45.113  20.152  36.673 0.0000000000
97455  -49.853  11.055  29.868 0.0000000000
97431  -49.595  11.181  32.218 0.0000000000
95237  -47.376  9.439  30.427 0.0000000000
93040  -44.404  7.686  31.233 0.0000000000
94132  -41.391  8.359  31.386 0.0000000000
96162  -44.208  10.691  39.432 0.0000000000
98402  -39.974  12.367  42.290 0.0000000000
98457  -40.765  11.441  39.385 0.0000000000
97315  -41.321  12.025  36.926 0.0000000000
96223  -38.940  10.493  36.632 0.0000000000
99667  -36.516  13.424  32.483 0.0000000000
99787  -51.866  13.140  20.562 0.0000000000
96371  -48.244  10.292  23.593 0.0000000000
96400  -49.198  11.233  21.083 0.0000000000
97571  -50.444  11.671  18.624 0.0000000000
96450  -48.995  9.890  17.576 0.0000000000
96458  -46.824  10.785  16.841 0.0000000000
97611  -46.607  11.811  15.175 0.0000000000
102499  -42.246  16.329  28.940 0.0000000000
101591  -43.953  15.675  27.356 0.0000000000
101622  -44.679  15.911  25.059 0.0000000000
103430  -47.983  17.397  27.986 0.0000000000
103467  -46.797  17.370  24.643 0.0000000000
102568  -45.569  16.380  21.621 0.0000000000
102596  -47.338  16.515  18.572 0.0000000000
101708  -48.120  16.049  15.484 0.0000000000
100787  -45.467  14.288  15.035 0.0000000000
106513  -42.498  20.584  17.670 0.0000000000
105522  -40.491  19.539  15.388 0.0000000000
104542  -39.790  18.048  17.361 0.0000000000
105489  -38.169  18.717  19.376 0.0000000000
106493  -36.041  20.514  19.268 0.0000000000
98597  -39.503  12.790  30.962 0.0000000000
98599  -40.666  12.815  29.949 0.0000000000
100650  -39.476  14.402  30.812 0.0000000000
109241  -49.885  23.232  30.529 0.0000000000
110206  -48.991  24.702  28.311 0.0000000000
95365  -51.078  10.398  18.988 0.0000000000
98538  -45.130  12.110  35.680 0.0000000000
97385  -43.479  11.217  35.344 0.0000000000
98536  -43.423  11.668  35.820 0.0000000000
96233  -32.763  10.713  35.650 0.0000000000
97378  -31.259  11.960  34.679 0.0000000000
96320  -49.688  10.477  27.887 0.0000000000
96330  -49.046  10.181  26.948 0.0000000000
99764  -43.972  13.066  22.110 0.0000000000
98696  -44.238  12.194  21.668 0.0000000000
99773  -44.582  13.232  21.355 0.0000000000
99786  -45.152  13.334  20.493 0.0000000000
100739  -45.136  14.422  20.993 0.0000000000
105355  -43.941  20.189  32.993 0.0000000000
106378  -44.650  20.334  30.472 0.0000000000
106366  -46.148  20.619  31.411 0.0000000000
106430  -48.196  20.199  23.552 0.0000000000
105458  -49.329  19.782  23.188 0.0000000000
106457  -48.623  20.590  21.697 0.0000000000
106488  -49.337  20.306  19.425 0.0000000000
106486  -47.881  20.409  19.927 0.0000000000
106517  -46.944  20.458  18.238 0.0000000000
106485  -46.826  20.397  20.024 0.0000000000
109333  -41.054  23.683  19.928 0.0000000000
108409  -40.047  22.638  19.677 0.0000000000
109332  -40.520  23.435  19.239 0.0000000000
108421  -39.836  23.517  18.254 0.0000000000
110327  -40.955  24.551  17.953 0.0000000000
93069  -43.827  7.863  29.036 0.0000000000
94180  -44.532  8.533  27.363 0.0000000000
94163  -42.933  9.091  27.665 0.0000000000
98616  -41.952  12.516  28.124 0.0000000000
96328  -42.276  10.633  26.455 0.0000000000
98643  -42.494  12.497  26.667 0.0000000000
98667  -42.588  12.343  25.175 0.0000000000
99723  -42.726  13.292  26.337 0.0000000000
106355  -49.381  20.329  32.859 0.0000000000
105367  -49.681  19.984  31.963 0.0000000000
106369  -50.351  20.225  31.448 0.0000000000
108342  -47.455  22.274  29.513 0.0000000000
106389  -48.582  20.521  29.189 0.0000000000
106393  -46.773  20.934  28.137 0.0000000000
106400  -47.271  20.233  26.935 0.0000000000
106398  -45.665  21.298  27.321 0.0000000000
106416  -45.365  20.711  25.701 0.0000000000
107414  -44.895  21.824  26.748 0.0000000000
111176  -45.961  25.278  25.381 0.0000000000
111174  -44.359  24.610  25.353 0.0000000000
111203  -44.154  25.200  23.646 0.0000000000
111218  -43.544  25.170  22.501 0.0000000000
111219  -44.577  25.588  22.268 0.0000000000
94283  -46.949  8.816  17.733 0.0000000000
103385  -35.298  17.919  32.915 0.0000000000
104379  -37.027  18.567  32.612 0.0000000000
104370  -36.193  18.561  33.523 0.0000000000
105313  -38.148  19.458  36.641 0.0000000000
104345  -38.899  19.270  35.461 0.0000000000
104333  -39.785  19.304  36.135 0.0000000000
104363  -41.576  19.378  34.861 0.0000000000
104322  -40.950  19.408  36.969 0.0000000000
105249  -42.493  19.776  40.850 0.0000000000
105305  -43.537  19.437  37.704 0.0000000000
105288  -44.562  19.788  38.277 0.0000000000
106308  -46.209  20.320  37.111 0.0000000000
106297  -46.481  20.413  38.152 0.0000000000
97450  -51.210  11.833  29.878 0.0000000000
97442  -51.200  11.845  30.868 0.0000000000
97421  -49.508  11.174  33.106 0.0000000000
96270  -47.968  10.809  32.461 0.0000000000
96288  -48.533  10.473  30.869 0.0000000000
96278  -47.057  10.004  31.971 0.0000000000
94135  -46.307  8.572  31.212 0.0000000000
95218  -45.344  8.887  32.763 0.0000000000
94102  -41.121  8.407  34.439 0.0000000000
93030  -41.919  7.730  32.970 0.0000000000
94113  -40.610  8.128  33.493 0.0000000000
97226  -39.484  11.744  42.343 0.0000000000
98455  -38.975  11.940  39.649 0.0000000000
98469  -39.025  12.797  38.543 0.0000000000
97273  -40.559  11.791  38.399 0.0000000000
98487  -40.050  12.652  37.147 0.0000000000
98514  -40.152  12.258  36.676 0.0000000000
98512  -38.353  12.306  37.240 0.0000000000
101558  -34.781  15.475  32.576 0.0000000000
100634  -34.270  14.870  32.789 0.0000000000
99765  -52.154  13.445  21.714 0.0000000000
95309  -46.155  9.557  24.846 0.0000000000
95310  -46.910  9.508  24.909 0.0000000000
96369  -46.183  9.764  23.586 0.0000000000
96413  -46.476  10.395  20.988 0.0000000000
96398  -47.428  10.337  21.726 0.0000000000
96415  -48.487  10.718  20.287 0.0000000000
96416  -49.280  11.306  19.863 0.0000000000
96427  -48.659  10.625  19.147 0.0000000000
96439  -48.836  10.401  18.140 0.0000000000
96438  -47.759  10.514  18.394 0.0000000000
98733  -46.295  12.395  17.796 0.0000000000
97592  -46.663  11.551  17.195 0.0000000000
97601  -47.005  11.675  16.239 0.0000000000
97600  -46.687  11.377  15.891 0.0000000000
98747  -47.368  12.538  15.707 0.0000000000
104394  -39.556  18.576  30.751 0.0000000000
102497  -40.825  16.426  29.726 0.0000000000
104404  -41.502  18.375  29.518 0.0000000000
103418  -45.094  17.623  28.145 0.0000000000
103417  -44.134  17.357  28.255 0.0000000000
102515  -45.074  16.582  27.499 0.0000000000
100695  -44.326  15.302  26.216 0.0000000000
101609  -45.800  16.391  26.276 0.0000000000
104412  -49.679  18.685  29.747 0.0000000000
104411  -48.720  18.452  29.317 0.0000000000
103423  -48.958  17.955  27.921 0.0000000000
104472  -48.982  18.255  23.290 0.0000000000
103456  -48.575  17.574  25.224 0.0000000000
103478  -47.482  18.173  23.103 0.0000000000
103477  -46.607  17.593  23.530 0.0000000000
103497  -46.723  17.580  21.119 0.0000000000
102578  -46.474  16.578  20.195 0.0000000000
103507  -47.422  17.946  20.333 0.0000000000
104559  -48.301  18.408  15.939 0.0000000000
102605  -48.335  16.952  16.932 0.0000000000
102620  -48.072  16.788  14.763 0.0000000000
101715  -46.759  14.818  14.286 0.0000000000
102618  -46.857  16.478  15.001 0.0000000000
101697  -45.778  15.275  15.595 0.0000000000
103537  -46.654  17.495  15.240 0.0000000000
105539  -44.711  19.969  15.980 0.0000000000
105526  -45.166  19.318  16.462 0.0000000000
106452  -42.955  20.866  22.569 0.0000000000
106482  -43.368  20.659  20.208 0.0000000000
106481  -42.180  20.628  20.319 0.0000000000
106526  -39.333  21.430  16.887 0.0000000000
106527  -40.347  20.870  16.722 0.0000000000
106556  -39.743  20.638  15.008 0.0000000000
105510  -40.280  18.715  16.022 0.0000000000
105509  -39.375  18.685  16.360 0.0000000000
105496  -38.396  18.844  17.881 0.0000000000
105508  -38.188  19.980  16.267 0.0000000000
108419  -37.601  22.493  18.487 0.0000000000
107479  -36.704  21.075  18.439 0.0000000000
107471  -37.150  21.892  19.181 0.0000000000
107461  -35.998  21.107  20.009 0.0000000000
95233  -41.089  10.062  30.427 0.0000000000
96294  -41.842  10.329  29.129 0.0000000000
97447  -40.975  11.454  29.727 0.0000000000
98615  -41.509  12.537  28.684 0.0000000000
99698  -41.880  13.217  28.410 0.0000000000
107388  -50.453  21.340  31.385 0.0000000000
108327  -50.748  22.190  31.615 0.0000000000
109240  -49.233  22.712  30.484 0.0000000000
109251  -47.677  23.464  29.301 0.0000000000
109264  -45.648  23.469  27.718 0.0000000000
110204  -47.132  24.139  28.188 0.0000000000
111163  -47.793  24.897  26.229 0.0000000000
94275  -48.807  8.703  17.960 0.0000000000
104342  -34.501  19.231  36.105 0.0000000000
104343  -35.462  19.456  35.837 0.0000000000
105310  -35.091  19.473  37.254 0.0000000000
97403  -45.452  11.329  33.990 0.0000000000
95212  -44.914  9.608  33.358 0.0000000000
96253  -44.380  10.682  34.282 0.0000000000
95201  -42.861  9.850  34.755 0.0000000000
94090  -41.542  9.075  35.089 0.0000000000
95109  -38.218  10.188  40.903 0.0000000000
96187  -36.900  10.973  38.695 0.0000000000
98572  -33.688  12.768  34.102 0.0000000000
99656  -33.078  13.491  33.563 0.0000000000
98570  -32.245  12.565  34.104 0.0000000000
99645  -31.208  13.335  34.278 0.0000000000
97534  -43.836  10.948  22.926 0.0000000000
96381  -45.447  9.752  23.048 0.0000000000
96411  -44.718  10.533  21.765 0.0000000000
96412  -45.355  10.455  21.244 0.0000000000
96436  -45.849  10.860  19.582 0.0000000000
96437  -46.590  10.745  18.871 0.0000000000
97580  -45.716  11.492  19.085 0.0000000000
98732  -45.742  12.375  18.707 0.0000000000
100763  -46.186  13.995  18.202 0.0000000000
105379  -41.596  19.764  31.356 0.0000000000
105402  -42.343  19.124  29.490 0.0000000000
105392  -43.537  19.932  29.743 0.0000000000
105405  -45.270  19.385  29.045 0.0000000000
104419  -46.601  18.213  28.584 0.0000000000
105428  -49.267  19.093  26.314 0.0000000000
104437  -49.391  18.418  26.625 0.0000000000
105448  -49.473  19.296  24.322 0.0000000000
104474  -49.831  19.021  22.977 0.0000000000
104497  -49.179  18.689  21.190 0.0000000000
104522  -48.616  18.517  19.711 0.0000000000
104511  -49.497  19.173  19.717 0.0000000000
105515  -48.700  19.541  18.052 0.0000000000
105528  -47.827  19.328  15.921 0.0000000000
105541  -46.952  19.030  15.050 0.0000000000
106548  -46.309  20.484  16.314 0.0000000000
107505  -45.391  20.846  16.526 0.0000000000
107491  -44.034  21.168  16.000 0.0000000000
107446  -40.885  22.139  21.995 0.0000000000
106480  -41.052  20.752  20.435 0.0000000000
107465  -40.107  21.903  20.499 0.0000000000
106494  -39.585  21.509  18.753 0.0000000000
107490  -39.244  22.203  17.465 0.0000000000
106525  -38.195  21.264  16.593 0.0000000000
108426  -38.924  22.931  17.120 0.0000000000
109346  -38.481  23.223  17.495 0.0000000000
110319  -38.990  24.121  19.034 0.0000000000
94167  -46.435  8.393  28.470 0.0000000000
95280  -47.634  9.335  27.041 0.0000000000
94193  -46.003  8.747  27.157 0.0000000000
95277  -45.072  9.034  26.072 0.0000000000
95294  -43.910  9.573  25.331 0.0000000000
95261  -42.608  9.645  26.887 0.0000000000
95274  -42.629  9.993  25.920 0.0000000000
96355  -43.675  10.137  24.294 0.0000000000
97520  -43.094  11.319  24.056 0.0000000000
99754  -43.222  12.859  23.413 0.0000000000
100721  -43.397  13.815  23.457 0.0000000000
106342  -46.598  20.647  33.333 0.0000000000
106367  -47.366  20.111  31.414 0.0000000000
105382  -48.960  19.725  31.566 0.0000000000
105398  -50.016  18.759  30.983 0.0000000000
105410  -50.596  18.966  29.573 0.0000000000
106382  -50.120  20.531  30.223 0.0000000000
106390  -49.881  20.207  29.495 0.0000000000
105415  -49.305  19.388  27.975 0.0000000000
105427  -48.473  19.700  26.052 0.0000000000
106418  -47.287  20.387  24.827 0.0000000000
106440  -46.398  20.509  23.156 0.0000000000
106455  -46.539  20.456  22.103 0.0000000000
106439  -45.257  20.635  23.455 0.0000000000
106438  -43.935  20.968  23.855 0.0000000000
107439  -43.002  21.461  24.296 0.0000000000
109272  -44.389  23.390  26.419 0.0000000000
108366  -43.012  22.697  25.307 0.0000000000
108383  -41.838  22.619  23.568 0.0000000000
109310  -41.804  23.542  22.706 0.0000000000
110298  -42.011  24.036  21.863 0.0000000000
111248  -42.867  25.002  19.887 0.0000000000
101564  -37.588  15.471  31.421 0.0000000000
101569  -39.078  15.773  30.786 0.0000000000
103402  -37.427  17.450  31.497 0.0000000000
104389  -38.799  18.597  31.291 0.0000000000
105360  -39.255  19.641  32.736 0.0000000000
104359  -37.940  19.352  34.753 0.0000000000
105350  -38.931  19.460  33.881 0.0000000000
105361  -40.340  19.717  32.590 0.0000000000
105353  -42.228  19.528  33.395 0.0000000000
105342  -42.978  19.341  34.500 0.0000000000
105343  -44.136  20.104  33.948 0.0000000000
105284  -40.709  19.698  38.453 0.0000000000
104324  -42.605  19.321  37.730 0.0000000000
105318  -44.145  19.690  36.166 0.0000000000
106323  -45.820  20.384  35.017 0.0000000000
106324  -46.859  20.539  35.377 0.0000000000
106325  -47.825  20.808  35.716 0.0000000000
106335  -49.409  21.142  35.314 0.0000000000
97456  -50.371  11.262  29.168 0.0000000000
96305  -49.375  10.587  29.026 0.0000000000
97422  -50.420  11.429  32.898 0.0000000000
97433  -51.182  11.783  31.763 0.0000000000
97440  -49.841  11.186  31.481 0.0000000000
96297  -49.242  10.679  30.230 0.0000000000
95244  -47.712  9.570  29.471 0.0000000000
93061  -46.498  8.282  29.673 0.0000000000
94144  -45.255  7.824  29.830 0.0000000000
93046  -43.419  7.710  30.506 0.0000000000
93025  -43.927  7.840  33.023 0.0000000000
93038  -42.419  7.646  31.711 0.0000000000
94141  -41.688  8.874  30.600 0.0000000000
95226  -40.817  9.578  30.943 0.0000000000
98426  -41.368  12.305  41.596 0.0000000000
98441  -39.565  11.375  40.642 0.0000000000
98425  -40.482  12.164  41.467 0.0000000000
98444  -41.939  11.700  40.843 0.0000000000
97275  -42.227  10.694  39.384 0.0000000000
96189  -42.673  10.861  37.943 0.0000000000
98490  -43.216  11.727  36.808 0.0000000000
97342  -41.368  11.717  36.339 0.0000000000
96238  -40.617  10.566  35.992 0.0000000000
95186  -38.950  9.281  35.340 0.0000000000
99676  -37.743  13.831  31.828 0.0000000000
101560  -36.248  15.509  31.947 0.0000000000
102486  -35.186  16.297  32.449 0.0000000000
103384  -34.414  17.778  33.068 0.0000000000
104355  -33.421  18.151  34.445 0.0000000000
98691  -53.474  12.376  22.133 0.0000000000
97563  -52.954  12.251  20.719 0.0000000000
97574  -52.093  12.240  19.870 0.0000000000
96344  -47.971  9.712  25.994 0.0000000000
96357  -48.242  10.084  24.715 0.0000000000
96383  -47.348  10.156  22.761 0.0000000000
96384  -48.315  10.483  22.520 0.0000000000
97535  -49.844  11.821  21.978 0.0000000000
97548  -50.742  12.402  20.780 0.0000000000
98712  -51.085  12.219  19.700 0.0000000000
96442  -51.198  11.282  18.813 0.0000000000
96441  -50.842  10.705  18.447 0.0000000000
96451  -49.472  9.820  17.727 0.0000000000
95379  -48.443  9.471  17.282 0.0000000000
96448  -46.910  10.742  17.726 0.0000000000
96449  -47.796  10.168  17.365 0.0000000000
95378  -47.422  9.624  17.195 0.0000000000
95386  -46.643  10.183  16.841 0.0000000000
95385  -45.792  10.059  16.670 0.0000000000
97599  -45.223  11.713  16.061 0.0000000000
101571  -40.661  15.427  30.148 0.0000000000
101572  -41.269  15.078  29.801 0.0000000000
101577  -42.526  15.472  28.715 0.0000000000
103412  -42.714  17.126  28.693 0.0000000000
101580  -43.165  15.640  28.254 0.0000000000
100679  -43.348  14.782  27.384 0.0000000000
100694  -43.657  14.610  26.512 0.0000000000
100707  -44.129  15.218  25.096 0.0000000000
101638  -44.269  15.305  23.339 0.0000000000
105395  -47.086  19.485  30.103 0.0000000000
104420  -47.256  18.118  28.782 0.0000000000
102517  -47.167  17.091  27.598 0.0000000000
103444  -49.221  17.762  25.947 0.0000000000
103442  -47.532  16.979  26.239 0.0000000000
102529  -46.646  16.584  26.270 0.0000000000
102549  -46.243  16.784  24.876 0.0000000000
102561  -45.180  16.401  22.838 0.0000000000
101657  -44.840  15.312  21.826 0.0000000000
101665  -45.476  15.375  20.867 0.0000000000
100764  -46.583  14.420  17.453 0.0000000000
102597  -47.857  16.884  18.265 0.0000000000
101691  -47.788  15.999  17.332 0.0000000000
100778  -47.381  14.327  15.782 0.0000000000
99836  -47.101  13.628  13.844 0.0000000000
99835  -45.774  13.352  13.582 0.0000000000
104558  -46.473  18.128  15.669 0.0000000000
106483  -44.561  20.711  20.117 0.0000000000
106515  -44.576  21.078  18.073 0.0000000000
106530  -43.397  21.041  16.160 0.0000000000
106496  -41.167  20.698  19.168 0.0000000000
106528  -41.374  20.591  16.469 0.0000000000
106557  -41.982  20.643  14.438 0.0000000000
104554  -41.471  18.987  15.512 0.0000000000
104531  -41.536  18.476  17.796 0.0000000000
104506  -41.441  18.711  20.016 0.0000000000
105495  -37.302  20.070  17.702 0.0000000000
105487  -36.555  20.052  18.691 0.0000000000
111275  -42.972  25.418  18.048 0.0000000000
111282  -41.940  25.341  17.663 0.0000000000
111260  -40.720  25.274  18.589 0.0000000000
110313  -40.114  24.796  19.013 0.0000000000
110311  -38.897  24.140  19.905 0.0000000000
99678  -39.147  13.522  31.093 0.0000000000
99684  -39.816  13.501  30.658 0.0000000000
95358  -51.110  10.307  19.619 0.0000000000
97320  -45.968  12.079  37.153 0.0000000000
98520  -45.617  12.128  36.293 0.0000000000
98519  -44.806  12.081  36.229 0.0000000000
98537  -44.340  11.997  35.713 0.0000000000
98518  -44.032  12.002  36.270 0.0000000000
95183  -32.182  10.114  35.812 0.0000000000
96318  -48.300  9.883  28.136 0.0000000000
96329  -48.282  9.817  27.333 0.0000000000
99774  -44.923  13.816  21.114 0.0000000000
100738  -44.683  14.269  21.540 0.0000000000
106340  -44.713  20.420  33.096 0.0000000000
106351  -45.385  20.664  32.314 0.0000000000
106442  -48.523  20.302  22.726 0.0000000000
106473  -48.736  20.745  20.693 0.0000000000
106472  -47.795  20.530  20.908 0.0000000000
106471  -46.699  20.392  21.051 0.0000000000
110314  -41.675  24.157  19.656 0.0000000000
109341  -41.143  23.859  18.894 0.0000000000
109340  -40.519  23.908  18.283 0.0000000000
109349  -41.199  24.153  18.200 0.0000000000
94155  -43.199  8.195  29.317 0.0000000000
94164  -43.682  8.351  28.215 0.0000000000
94154  -42.632  8.942  28.865 0.0000000000
98631  -42.298  12.543  27.463 0.0000000000
99711  -42.682  13.575  27.167 0.0000000000
106345  -49.798  20.844  34.004 0.0000000000
106356  -50.233  20.543  32.518 0.0000000000
108341  -46.887  22.080  29.133 0.0000000000
107409  -47.471  20.998  28.990 0.0000000000
107408  -46.798  21.368  28.671 0.0000000000
106399  -46.357  20.857  27.479 0.0000000000
107411  -45.757  21.615  27.795 0.0000000000
106403  -45.349  21.107  26.708 0.0000000000
111190  -46.288  25.641  24.343 0.0000000000
111189  -45.187  25.310  24.527 0.0000000000
111204  -45.451  25.702  23.326 0.0000000000
94274  -47.714  8.568  18.246 0.0000000000
104369  -34.968  18.407  33.814 0.0000000000
104357  -35.624  19.298  34.895 0.0000000000
105300  -38.903  19.596  37.435 0.0000000000
105314  -39.172  19.344  36.402 0.0000000000
105315  -39.817  19.318  36.622 0.0000000000
104334  -40.660  19.319  36.238 0.0000000000
105301  -40.081  19.407  37.319 0.0000000000
105269  -44.718  19.638  39.353 0.0000000000
105270  -45.804  20.246  39.046 0.0000000000
98593  -52.592  12.818  31.417 0.0000000000
98600  -51.901  12.366  30.618 0.0000000000
98592  -51.938  12.145  31.552 0.0000000000
95220  -46.719  9.858  32.112 0.0000000000
95228  -46.371  9.046  31.760 0.0000000000
95219  -46.048  9.467  32.381 0.0000000000
94112  -39.464  8.652  33.363 0.0000000000
94111  -38.756  8.859  33.823 0.0000000000
97225  -38.619  11.184  42.585 0.0000000000
98470  -39.868  12.508  38.015 0.0000000000
98486  -39.119  12.858  37.535 0.0000000000
98513  -39.339  12.302  36.997 0.0000000000
99658  -34.631  13.391  33.400 0.0000000000
100628  -34.817  13.830  33.071 0.0000000000
100627  -34.387  14.108  33.117 0.0000000000
97523  -50.821  11.852  22.769 0.0000000000
95308  -45.237  9.503  24.658 0.0000000000
95319  -45.695  9.668  23.959 0.0000000000
96425  -46.590  10.578  19.994 0.0000000000
96414  -47.503  10.497  20.666 0.0000000000
99803  -46.431  13.315  17.543 0.0000000000
98740  -46.845  12.446  16.842 0.0000000000
105388  -40.143  19.221  30.809 0.0000000000
104395  -40.454  18.467  30.089 0.0000000000
104396  -41.108  18.983  30.033 0.0000000000
102504  -45.519  17.171  27.801 0.0000000000
101593  -45.338  16.297  27.021 0.0000000000
104422  -49.319  18.532  28.773 0.0000000000
104428  -49.264  18.471  27.682 0.0000000000
104483  -48.266  18.461  22.656 0.0000000000
104471  -48.381  18.177  23.552 0.0000000000
103488  -47.355  18.315  21.994 0.0000000000
103498  -47.339  18.244  21.199 0.0000000000
104567  -47.979  18.397  14.950 0.0000000000
103544  -48.325  17.654  15.336 0.0000000000
102626  -47.961  17.392  14.329 0.0000000000
102619  -47.314  16.498  14.839 0.0000000000
102624  -46.990  16.980  14.537 0.0000000000
103543  -46.971  17.625  14.711 0.0000000000
105538  -43.563  20.017  15.183 0.0000000000
105525  -43.843  19.707  16.036 0.0000000000
105524  -42.834  19.308  15.200 0.0000000000
106468  -43.179  20.688  21.421 0.0000000000
106467  -42.009  20.806  21.504 0.0000000000
106541  -39.743  21.219  15.921 0.0000000000
107500  -39.044  21.183  15.531 0.0000000000
105521  -39.255  19.656  15.389 0.0000000000
105520  -38.778  20.348  15.489 0.0000000000
109330  -37.990  23.171  18.821 0.0000000000
96286  -41.115  10.553  30.062 0.0000000000
97446  -40.578  11.634  30.202 0.0000000000
99685  -40.474  13.506  30.226 0.0000000000
98607  -41.036  12.535  29.384 0.0000000000
99691  -41.574  13.545  28.992 0.0000000000
109253  -50.073  23.857  29.868 0.0000000000
109252  -48.956  23.625  30.033 0.0000000000
109261  -47.254  23.955  28.676 0.0000000000
110205  -47.869  24.354  28.440 0.0000000000
110217  -49.559  24.916  26.998 0.0000000000
111143  -48.113  24.746  26.824 0.0000000000
95357  -50.576  9.800  19.948 0.0000000000
95370  -49.637  9.660  18.272 0.0000000000
104331  -34.209  18.939  37.524 0.0000000000
97388  -45.871  11.702  34.609 0.0000000000
96260  -44.965  10.664  33.802 0.0000000000
97402  -44.817  11.222  34.252 0.0000000000
97384  -42.800  11.093  35.505 0.0000000000
96252  -43.654  10.633  34.756 0.0000000000
95190  -42.528  10.323  35.113 0.0000000000
94091  -42.030  9.295  34.957 0.0000000000
95189  -42.037  9.886  35.207 0.0000000000
98532  -34.386  11.798  35.859 0.0000000000
98554  -34.357  12.430  34.926 0.0000000000
98571  -32.833  12.635  34.068 0.0000000000
98552  -32.423  12.020  34.486 0.0000000000
98550  -30.907  12.488  34.684 0.0000000000
96395  -44.543  10.187  22.394 0.0000000000
97546  -44.264  11.209  22.072 0.0000000000
98709  -44.636  12.198  21.016 0.0000000000
97558  -44.594  11.290  21.356 0.0000000000
97559  -44.959  11.341  20.653 0.0000000000
96424  -45.657  10.703  20.347 0.0000000000
97570  -45.374  11.486  19.946 0.0000000000
99795  -45.571  13.322  19.384 0.0000000000
99802  -45.926  13.260  18.410 0.0000000000
100756  -45.879  14.137  19.006 0.0000000000
105363  -42.558  19.951  32.270 0.0000000000
105380  -42.425  19.956  31.101 0.0000000000
106363  -43.454  20.300  31.478 0.0000000000
105393  -45.284  19.994  29.910 0.0000000000
106387  -44.691  19.972  29.645 0.0000000000
105412  -45.397  18.744  28.652 0.0000000000
104408  -46.389  18.581  28.852 0.0000000000
105439  -49.187  19.313  25.405 0.0000000000
105467  -49.623  19.660  22.248 0.0000000000
105468  -49.719  19.371  22.908 0.0000000000
104486  -49.750  19.232  22.571 0.0000000000
104485  -49.768  18.999  22.066 0.0000000000
104498  -49.783  19.080  20.727 0.0000000000
105483  -49.737  19.762  20.098 0.0000000000
106503  -48.557  20.296  18.806 0.0000000000
106504  -49.031  20.062  18.599 0.0000000000
106519  -48.300  20.032  17.970 0.0000000000
106534  -48.152  19.701  17.155 0.0000000000
106549  -47.394  19.793  16.049 0.0000000000
106533  -47.479  20.220  17.104 0.0000000000
106516  -46.182  20.652  18.256 0.0000000000
107506  -46.103  20.887  16.917 0.0000000000
107493  -45.664  20.944  17.366 0.0000000000
107492  -44.762  21.053  16.664 0.0000000000
107483  -44.769  21.076  17.548 0.0000000000
108391  -40.676  22.563  21.644 0.0000000000
107456  -40.509  21.919  21.433 0.0000000000
108401  -40.348  22.567  20.830 0.0000000000
108408  -39.752  22.219  19.372 0.0000000000
107481  -39.504  22.061  18.340 0.0000000000
106510  -39.509  21.423  18.112 0.0000000000
108420  -39.557  22.992  17.887 0.0000000000
109339  -39.619  23.776  18.151 0.0000000000
109347  -39.062  23.495  17.572 0.0000000000
109338  -38.694  23.770  18.235 0.0000000000
94166  -45.669  8.164  28.347 0.0000000000
94182  -46.117  8.510  27.791 0.0000000000
94181  -45.402  8.451  27.590 0.0000000000
94179  -43.637  8.970  27.022 0.0000000000
94191  -44.455  8.919  26.602 0.0000000000
95276  -44.275  9.251  25.990 0.0000000000
96303  -41.896  10.693  28.542 0.0000000000
95249  -42.254  9.721  28.055 0.0000000000
96317  -42.089  10.600  27.428 0.0000000000
96341  -42.496  10.712  25.716 0.0000000000
95292  -42.725  10.322  25.481 0.0000000000
95293  -43.149  10.027  25.309 0.0000000000
96354  -43.179  10.559  24.600 0.0000000000
96366  -43.479  10.594  24.030 0.0000000000
97509  -42.702  11.440  24.864 0.0000000000
99744  -42.727  12.945  24.887 0.0000000000
99745  -42.986  13.175  24.203 0.0000000000
100713  -43.430  14.252  24.583 0.0000000000
106353  -47.482  20.420  32.524 0.0000000000
106354  -48.521  20.261  32.618 0.0000000000
105383  -50.017  19.160  31.346 0.0000000000
104400  -50.538  18.830  30.662 0.0000000000
104413  -50.430  18.725  30.056 0.0000000000
105399  -50.727  19.155  30.262 0.0000000000
108326  -50.303  21.687  31.211 0.0000000000
107398  -50.389  20.722  31.233 0.0000000000
107405  -49.792  20.862  30.185 0.0000000000
106395  -49.037  19.935  28.552 0.0000000000
106396  -49.718  19.531  28.703 0.0000000000
105420  -48.939  19.434  27.092 0.0000000000
105419  -48.125  19.798  27.113 0.0000000000
106404  -46.321  20.507  26.355 0.0000000000
106405  -47.390  20.208  25.884 0.0000000000
106429  -47.327  20.445  23.861 0.0000000000
106428  -46.323  20.495  24.213 0.0000000000
106426  -44.449  20.977  25.100 0.0000000000
107440  -43.674  21.293  24.798 0.0000000000
107431  -43.162  21.845  25.090 0.0000000000
110213  -45.864  24.123  27.351 0.0000000000
109263  -44.937  23.262  27.118 0.0000000000
110233  -44.786  23.976  26.640 0.0000000000
110268  -43.290  24.160  24.790 0.0000000000
109282  -43.469  23.557  25.454 0.0000000000
109293  -43.048  23.676  25.000 0.0000000000
108374  -42.425  22.671  24.446 0.0000000000
109302  -42.120  23.387  23.609 0.0000000000
109301  -41.585  23.110  23.121 0.0000000000
110278  -42.557  24.131  23.715 0.0000000000
110299  -42.891  24.821  21.631 0.0000000000
110307  -42.369  24.477  20.535 0.0000000000
110308  -43.081  25.072  20.681 0.0000000000
94272  -46.156  8.320  18.553 0.0000000000
95376  -45.406  9.460  17.185 0.0000000000
102490  -37.160  16.396  31.452 0.0000000000
102491  -37.937  16.456  31.195 0.0000000000
103401  -36.819  17.105  31.680 0.0000000000
105358  -37.584  19.170  32.866 0.0000000000
104388  -37.840  18.575  31.852 0.0000000000
104380  -37.628  18.961  32.490 0.0000000000
105376  -38.649  19.273  31.956 0.0000000000
105359  -38.190  19.385  32.715 0.0000000000
105322  -36.280  19.516  36.031 0.0000000000
105335  -36.778  19.448  35.316 0.0000000000
105336  -37.623  19.378  35.249 0.0000000000
104362  -39.649  19.363  35.226 0.0000000000
104361  -39.171  19.302  35.044 0.0000000000
105339  -39.771  19.414  34.686 0.0000000000
105351  -40.066  19.591  33.686 0.0000000000
105352  -41.161  19.564  33.514 0.0000000000
105340  -40.893  19.466  34.539 0.0000000000
104364  -42.123  19.252  35.085 0.0000000000
105329  -43.200  19.445  35.681 0.0000000000
105267  -42.659  19.619  39.632 0.0000000000
105303  -41.792  19.476  37.794 0.0000000000
104312  -42.390  19.378  38.109 0.0000000000
105306  -44.329  19.703  37.214 0.0000000000
105319  -44.939  20.170  35.622 0.0000000000
106315  -45.972  20.391  36.059 0.0000000000
106309  -47.208  20.545  37.486 0.0000000000
106316  -47.003  20.571  36.450 0.0000000000
106334  -48.733  20.750  34.933 0.0000000000
106326  -48.675  20.961  36.066 0.0000000000
98609  -52.730  13.063  29.361 0.0000000000
97423  -51.201  11.676  32.606 0.0000000000
97432  -50.429  11.508  32.015 0.0000000000
97441  -50.493  11.496  31.175 0.0000000000
95230  -47.476  9.767  31.033 0.0000000000
96287  -47.914  9.947  30.640 0.0000000000
96296  -48.412  10.132  29.779 0.0000000000
94147  -47.282  9.175  29.832 0.0000000000
94159  -47.234  8.962  29.279 0.0000000000
94146  -46.819  8.703  30.160 0.0000000000
94134  -45.356  7.917  30.831 0.0000000000
93047  -44.429  7.678  30.250 0.0000000000
95211  -44.109  9.342  33.717 0.0000000000
94117  -44.737  8.364  32.987 0.0000000000
94116  -43.861  8.655  33.586 0.0000000000
93037  -41.838  7.710  32.251 0.0000000000
93031  -42.474  7.639  32.650 0.0000000000
94133  -42.181  7.957  31.029 0.0000000000
95227  -41.375  9.098  30.749 0.0000000000
94131  -40.264  8.972  31.748 0.0000000000
96177  -44.363  10.728  38.798 0.0000000000
98403  -40.708  12.963  42.565 0.0000000000
98404  -41.856  12.932  42.413 0.0000000000
96160  -38.283  10.697  40.392 0.0000000000
96150  -39.014  10.701  40.976 0.0000000000
97255  -39.033  11.190  40.504 0.0000000000
98456  -39.935  11.946  39.238 0.0000000000
98442  -40.009  11.691  40.470 0.0000000000
98443  -40.834  11.690  40.482 0.0000000000
97257  -42.542  11.076  40.198 0.0000000000
97256  -41.535  11.093  39.957 0.0000000000
97292  -41.167  11.507  37.732 0.0000000000
96188  -41.868  10.932  37.924 0.0000000000
96206  -42.262  11.128  37.550 0.0000000000
97293  -43.267  11.121  37.614 0.0000000000
97316  -42.635  11.498  37.091 0.0000000000
97343  -42.219  11.661  36.440 0.0000000000
96204  -39.626  11.139  36.807 0.0000000000
96225  -40.488  11.002  36.338 0.0000000000
96224  -39.896  10.718  36.553 0.0000000000
95187  -40.013  9.655  35.710 0.0000000000
95175  -38.538  9.842  36.060 0.0000000000
98583  -36.899  12.583  32.578 0.0000000000
99668  -37.238  13.431  32.200 0.0000000000
100637  -36.801  13.971  32.241 0.0000000000
100643  -37.147  14.530  31.885 0.0000000000
100636  -36.216  14.457  32.249 0.0000000000
100625  -32.434  14.384  33.468 0.0000000000
100626  -33.505  14.563  33.148 0.0000000000
101549  -31.877  15.292  33.751 0.0000000000
103378  -32.251  17.321  34.349 0.0000000000
103379  -33.035  17.606  34.080 0.0000000000
103372  -32.807  17.810  34.786 0.0000000000
104341  -33.259  18.272  35.606 0.0000000000
99767  -53.226  13.080  21.941 0.0000000000
99775  -51.973  13.349  20.983 0.0000000000
98700  -52.874  12.982  20.901 0.0000000000
98714  -52.439  12.675  20.362 0.0000000000
97562  -52.360  11.887  20.209 0.0000000000
98726  -51.912  12.374  19.758 0.0000000000
95298  -47.361  9.233  26.394 0.0000000000
95321  -47.064  9.601  24.452 0.0000000000
96396  -45.456  10.137  22.204 0.0000000000
96382  -46.350  9.945  22.896 0.0000000000
96399  -48.401  10.613  21.425 0.0000000000
96385  -49.134  11.047  22.253 0.0000000000
97560  -49.877  12.029  19.368 0.0000000000
98723  -50.613  12.006  18.882 0.0000000000
97572  -51.090  11.779  18.939 0.0000000000
97583  -50.951  11.384  18.540 0.0000000000
97582  -50.592  11.076  18.334 0.0000000000
96440  -49.907  10.462  18.217 0.0000000000
95380  -49.097  9.380  17.500 0.0000000000
96459  -47.315  10.460  17.066 0.0000000000
95387  -47.248  10.245  16.978 0.0000000000
96457  -46.141  10.853  16.304 0.0000000000
96469  -46.226  11.428  15.705 0.0000000000
96468  -45.732  11.305  15.938 0.0000000000
97610  -45.956  11.923  15.449 0.0000000000
102493  -38.698  16.466  30.876 0.0000000000
101570  -39.754  15.438  30.620 0.0000000000
102494  -39.391  16.454  30.582 0.0000000000
102498  -41.520  16.406  29.334 0.0000000000
101575  -41.220  15.747  29.672 0.0000000000
101576  -41.804  15.421  29.310 0.0000000000
100658  -42.094  14.550  28.904 0.0000000000
105403  -43.174  19.328  29.240 0.0000000000
104405  -42.744  18.205  28.861 0.0000000000
101581  -43.710  15.820  27.779 0.0000000000
102502  -43.625  16.488  28.177 0.0000000000
100665  -43.266  15.205  27.926 0.0000000000
100680  -44.074  15.384  26.936 0.0000000000
101608  -44.806  15.918  25.786 0.0000000000
101630  -44.396  15.641  24.292 0.0000000000
105381  -48.182  19.754  31.365 0.0000000000
106381  -47.366  19.771  30.652 0.0000000000
105396  -48.186  19.302  30.526 0.0000000000
103414  -48.380  18.107  28.821 0.0000000000
104410  -47.864  18.351  29.304 0.0000000000
103421  -47.731  17.776  28.515 0.0000000000
102506  -47.093  17.529  28.065 0.0000000000
102518  -47.878  17.209  27.628 0.0000000000
104448  -49.566  18.622  25.392 0.0000000000
103468  -47.845  17.885  24.291 0.0000000000
103455  -47.429  17.259  25.523 0.0000000000
102530  -47.272  16.738  26.771 0.0000000000
102540  -46.651  16.756  25.648 0.0000000000
102528  -46.279  16.525  25.945 0.0000000000
103454  -46.757  17.070  25.209 0.0000000000
103486  -45.877  17.168  22.569 0.0000000000
103476  -45.819  17.034  23.441 0.0000000000
102586  -46.883  16.500  19.174 0.0000000000
101674  -46.504  15.631  19.314 0.0000000000
101683  -46.954  15.692  18.163 0.0000000000
104523  -48.871  18.706  19.235 0.0000000000
103514  -48.012  18.093  19.459 0.0000000000
103524  -48.245  17.960  18.575 0.0000000000
101692  -48.168  16.416  17.057 0.0000000000
101699  -47.570  15.330  15.980 0.0000000000
101698  -47.248  14.782  16.247 0.0000000000
99821  -47.549  13.635  15.233 0.0000000000
100779  -47.509  14.448  15.077 0.0000000000
101713  -45.926  14.719  13.718 0.0000000000
100805  -45.712  13.931  13.027 0.0000000000
99829  -45.568  13.404  14.504 0.0000000000
98754  -45.580  12.625  15.322 0.0000000000
106562  -46.556  19.781  15.638 0.0000000000
104565  -46.702  18.419  15.219 0.0000000000
104564  -46.329  18.723  15.826 0.0000000000
104556  -45.369  18.676  16.930 0.0000000000
104547  -45.631  18.061  17.200 0.0000000000
106454  -45.391  20.542  22.299 0.0000000000
106470  -45.547  20.462  21.172 0.0000000000
106498  -43.552  20.803  18.929 0.0000000000
106514  -43.774  21.018  17.543 0.0000000000
106542  -40.329  20.659  15.521 0.0000000000
106543  -41.380  20.710  15.128 0.0000000000
105523  -41.807  19.737  14.728 0.0000000000
104543  -40.567  18.257  16.799 0.0000000000
104530  -40.583  18.110  18.102 0.0000000000
104518  -41.458  18.527  18.992 0.0000000000
104517  -40.547  18.290  19.256 0.0000000000
104528  -38.910  18.443  19.036 0.0000000000
105507  -37.751  20.587  16.920 0.0000000000
106524  -37.438  21.049  17.340 0.0000000000
106508  -36.463  20.671  18.571 0.0000000000
105494  -36.788  20.389  18.242 0.0000000000
105480  -36.300  19.796  19.885 0.0000000000
112122  -42.003  25.927  17.663 0.0000000000
111274  -41.451  25.467  17.858 0.0000000000
112104  -41.139  25.630  18.478 0.0000000000
111247  -40.565  25.410  19.596 0.0000000000
110312  -39.495  24.486  19.421 0.0000000000
98598  -40.139  12.331  30.514 0.0000000000
100651  -40.227  14.446  30.492 0.0000000000
109236  -50.905  23.238  31.332 0.0000000000
110207  -50.144  24.548  28.224 0.0000000000
95364  -50.627  10.100  18.831 0.0000000000
104308  -33.997  17.883  38.660 0.0000000000
104320  -34.313  18.451  38.421 0.0000000000
98539  -45.839  12.050  35.698 0.0000000000
98558  -45.468  11.981  35.129 0.0000000000
97386  -44.295  11.371  34.793 0.0000000000
98557  -44.686  11.992  35.122 0.0000000000
98556  -44.050  11.691  35.349 0.0000000000
97365  -43.008  11.314  35.704 0.0000000000
97380  -32.605  11.353  35.130 0.0000000000
96248  -32.092  11.047  35.122 0.0000000000
96331  -50.018  10.514  26.859 0.0000000000
98688  -43.800  12.080  22.381 0.0000000000
99785  -44.825  12.777  20.815 0.0000000000
105365  -43.875  20.280  32.537 0.0000000000
106364  -44.137  20.493  31.405 0.0000000000
106350  -44.383  20.496  32.306 0.0000000000
106365  -45.052  20.626  31.410 0.0000000000
105447  -48.815  19.882  23.970 0.0000000000
105457  -48.782  20.077  23.381 0.0000000000
106443  -49.199  20.228  22.293 0.0000000000
106458  -49.349  20.329  21.440 0.0000000000
106474  -49.429  20.385  20.420 0.0000000000
106487  -48.725  20.621  19.694 0.0000000000
106502  -47.833  20.355  18.986 0.0000000000
106501  -46.928  20.440  19.082 0.0000000000
106500  -45.850  20.603  19.011 0.0000000000
109327  -40.991  23.522  20.785 0.0000000000
109326  -40.558  23.188  20.286 0.0000000000
108415  -40.039  23.167  18.601 0.0000000000
110321  -40.390  24.485  18.390 0.0000000000
93070  -44.352  7.897  28.715 0.0000000000
94165  -44.790  8.079  28.130 0.0000000000
97468  -41.985  11.594  27.826 0.0000000000
97480  -42.257  11.563  26.988 0.0000000000
97494  -42.415  11.553  26.080 0.0000000000
98656  -42.557  12.444  25.890 0.0000000000
99735  -42.731  13.129  25.574 0.0000000000
99724  -43.168  13.871  25.998 0.0000000000
106344  -48.674  20.548  33.762 0.0000000000
105366  -49.167  20.089  32.234 0.0000000000
105368  -50.173  19.810  31.631 0.0000000000
108343  -48.409  22.374  30.072 0.0000000000
107404  -49.062  21.191  29.965 0.0000000000
107403  -47.949  21.289  29.562 0.0000000000
106388  -47.889  20.708  29.041 0.0000000000
106394  -47.647  20.360  28.247 0.0000000000
106402  -44.802  21.501  26.410 0.0000000000
107424  -44.356  21.943  26.165 0.0000000000
111161  -45.727  24.856  26.173 0.0000000000
110255  -44.924  24.405  26.192 0.0000000000
111175  -44.981  24.812  25.579 0.0000000000
111188  -44.368  24.915  24.806 0.0000000000
110280  -43.768  24.713  24.463 0.0000000000
111202  -43.363  25.000  23.239 0.0000000000
94273  -46.942  8.455  18.457 0.0000000000
95377  -46.349  9.490  17.173 0.0000000000
103386  -35.946  17.845  32.761 0.0000000000
103397  -36.944  17.755  31.954 0.0000000000
104378  -36.363  18.103  32.774 0.0000000000
104371  -37.329  19.259  33.746 0.0000000000
105324  -38.388  19.323  35.724 0.0000000000
105325  -38.947  19.259  35.814 0.0000000000
104332  -39.198  19.275  35.885 0.0000000000
104347  -40.142  19.360  35.575 0.0000000000
104335  -41.589  19.354  36.496 0.0000000000
104349  -42.282  19.332  35.961 0.0000000000
105286  -42.876  19.384  38.564 0.0000000000
105287  -43.731  19.525  38.572 0.0000000000
105289  -45.381  20.183  37.757 0.0000000000
98608  -51.930  12.458  29.588 0.0000000000
98601  -52.645  12.990  30.418 0.0000000000
97449  -50.486  11.462  30.267 0.0000000000
97420  -48.557  11.046  33.115 0.0000000000
96271  -48.544  10.922  32.494 0.0000000000
96280  -48.707  10.887  31.855 0.0000000000
96279  -47.655  10.265  31.593 0.0000000000
94136  -46.787  8.977  30.927 0.0000000000
94125  -46.067  8.818  31.878 0.0000000000
94124  -45.433  8.278  32.040 0.0000000000
94115  -42.785  8.309  33.801 0.0000000000
94114  -41.768  8.008  33.609 0.0000000000
94123  -41.241  7.889  32.677 0.0000000000
94122  -40.400  8.425  32.497 0.0000000000
94121  -39.669  8.972  32.430 0.0000000000
98454  -38.002  11.964  39.034 0.0000000000
97272  -38.746  11.477  40.040 0.0000000000
97291  -40.586  12.276  37.483 0.0000000000
97314  -40.672  12.566  37.028 0.0000000000
98515  -40.793  12.150  36.540 0.0000000000
97339  -38.767  11.402  36.974 0.0000000000
98575  -35.696  12.365  33.428 0.0000000000
98582  -36.133  12.590  32.911 0.0000000000
99666  -35.768  13.518  32.730 0.0000000000
100635  -35.117  14.383  32.722 0.0000000000
101557  -34.070  15.623  32.685 0.0000000000
99756  -52.962  13.278  22.460 0.0000000000
98690  -51.671  13.172  21.468 0.0000000000
98689  -51.247  12.719  21.166 0.0000000000
95296  -45.676  9.328  25.504 0.0000000000
95320  -46.552  9.643  24.257 0.0000000000
96370  -47.228  9.773  23.854 0.0000000000
96428  -49.562  11.066  18.828 0.0000000000
97612  -47.188  11.682  15.387 0.0000000000
98756  -47.197  12.196  14.595 0.0000000000
103407  -39.689  17.484  30.377 0.0000000000
103408  -40.455  17.336  29.830 0.0000000000
104403  -40.830  17.895  29.614 0.0000000000
103411  -41.952  17.284  29.064 0.0000000000
104417  -44.681  18.383  28.534 0.0000000000
104416  -43.635  17.879  28.541 0.0000000000
102503  -44.480  16.717  27.822 0.0000000000
101582  -44.231  16.165  27.527 0.0000000000
100681  -44.606  15.855  26.791 0.0000000000
100696  -44.906  16.047  26.448 0.0000000000
101623  -45.304  16.261  25.382 0.0000000000
104397  -48.400  18.704  29.825 0.0000000000
104421  -48.724  18.259  28.820 0.0000000000
103422  -48.532  17.866  28.378 0.0000000000
103480  -49.326  18.176  23.611 0.0000000000
103469  -48.916  17.846  24.277 0.0000000000
104459  -48.868  18.002  23.796 0.0000000000
103487  -46.629  17.762  22.339 0.0000000000
103496  -46.092  17.212  21.707 0.0000000000
102569  -46.104  16.801  21.044 0.0000000000
102579  -46.950  17.159  19.807 0.0000000000
102587  -47.465  17.240  19.200 0.0000000000
104548  -48.456  18.534  17.015 0.0000000000
103531  -48.381  17.854  17.491 0.0000000000
103538  -48.412  17.695  16.413 0.0000000000
102612  -48.405  16.859  15.845 0.0000000000
101707  -47.365  15.482  14.928 0.0000000000
101706  -46.714  15.452  14.689 0.0000000000
101705  -46.171  15.076  14.570 0.0000000000
102617  -46.379  15.932  15.310 0.0000000000
106561  -45.492  20.141  15.813 0.0000000000
105527  -45.994  19.042  16.168 0.0000000000
106453  -44.187  20.713  22.499 0.0000000000
106497  -42.347  20.562  19.035 0.0000000000
106511  -40.161  20.773  17.995 0.0000000000
105535  -39.920  20.053  14.939 0.0000000000
104529  -39.542  18.170  18.390 0.0000000000
105497  -39.219  18.357  17.465 0.0000000000
108424  -37.762  22.530  17.643 0.0000000000
107480  -37.202  21.629  18.149 0.0000000000
107470  -36.428  21.227  19.118 0.0000000000
106492  -35.828  20.720  19.789 0.0000000000
107462  -36.681  21.677  20.189 0.0000000000
95234  -41.612  9.642  30.058 0.0000000000
95243  -42.042  9.805  29.104 0.0000000000
95242  -41.756  10.108  29.418 0.0000000000
96293  -41.543  10.699  29.371 0.0000000000
96302  -41.664  11.188  28.886 0.0000000000
98606  -40.666  12.151  29.943 0.0000000000
97453  -41.355  11.665  29.057 0.0000000000
107389  -50.701  21.106  31.914 0.0000000000
108323  -50.975  21.765  32.291 0.0000000000
108334  -49.898  22.169  30.906 0.0000000000
108335  -50.412  22.970  31.057 0.0000000000
108333  -49.217  21.973  30.435 0.0000000000
109250  -46.848  22.809  29.213 0.0000000000
109259  -45.814  22.855  28.214 0.0000000000
109260  -46.532  23.534  28.482 0.0000000000
109265  -46.158  23.858  27.814 0.0000000000
110214  -46.623  24.237  27.631 0.0000000000
110216  -48.319  24.739  27.419 0.0000000000
110237  -47.757  24.690  26.998 0.0000000000
111162  -46.638  25.033  26.178 0.0000000000
111177  -47.062  25.418  25.282 0.0000000000
111191  -47.467  25.708  24.211 0.0000000000
105321  -35.471  19.536  36.435 0.0000000000
105311  -36.066  19.706  37.069 0.0000000000
105296  -34.848  19.083  38.269 0.0000000000
105312  -37.088  19.539  36.857 0.0000000000
97418  -46.841  11.347  33.210 0.0000000000
96261  -45.807  10.654  33.264 0.0000000000
95213  -45.687  10.013  32.912 0.0000000000
95203  -44.529  10.230  33.860 0.0000000000
95202  -43.927  9.848  34.090 0.0000000000
94103  -42.232  8.863  34.531 0.0000000000
94089  -40.571  8.859  35.159 0.0000000000
96148  -37.961  10.275  41.754 0.0000000000
95108  -37.724  9.877  41.319 0.0000000000
95127  -37.363  9.864  40.150 0.0000000000
96159  -37.786  10.485  40.019 0.0000000000
96171  -36.818  10.466  38.956 0.0000000000
96172  -37.392  10.680  39.283 0.0000000000
97290  -37.185  11.381  38.721 0.0000000000
98573  -34.419  12.776  33.966 0.0000000000
99657  -33.957  13.545  33.564 0.0000000000
99655  -32.091  13.261  33.787 0.0000000000
98551  -31.679  12.427  34.355 0.0000000000
96367  -43.940  10.149  23.719 0.0000000000
95331  -45.201  9.627  23.480 0.0000000000
96380  -44.507  9.835  23.153 0.0000000000
98722  -45.389  12.377  19.667 0.0000000000
105390  -41.753  19.482  30.227 0.0000000000
105391  -42.806  19.841  30.151 0.0000000000
106377  -43.657  20.240  30.582 0.0000000000
105404  -44.120  19.629  29.157 0.0000000000
104407  -44.454  19.059  28.795 0.0000000000
104418  -45.744  18.332  28.461 0.0000000000
103419  -46.062  17.788  28.138 0.0000000000
105421  -49.427  18.964  27.327 0.0000000000
104460  -49.727  18.596  24.182 0.0000000000
105449  -49.788  19.031  23.890 0.0000000000
104473  -49.590  18.542  23.256 0.0000000000
104484  -49.081  18.542  22.323 0.0000000000
104509  -48.426  18.560  20.377 0.0000000000
104510  -49.181  18.728  20.166 0.0000000000
104524  -49.176  19.214  18.880 0.0000000000
105490  -49.392  19.719  19.204 0.0000000000
104537  -48.989  19.267  18.433 0.0000000000
105543  -48.025  18.920  15.648 0.0000000000
104566  -47.561  18.602  14.821 0.0000000000
105550  -47.262  18.555  14.733 0.0000000000
105542  -47.513  19.064  15.249 0.0000000000
106563  -47.114  19.518  15.349 0.0000000000
106532  -46.729  20.576  17.358 0.0000000000
106547  -45.014  20.553  16.067 0.0000000000
107515  -44.243  20.865  15.550 0.0000000000
107503  -43.987  21.082  15.388 0.0000000000
106450  -41.306  21.536  22.141 0.0000000000
106466  -40.976  21.235  21.521 0.0000000000
106479  -40.356  21.261  20.493 0.0000000000
107473  -39.927  21.546  19.890 0.0000000000
107489  -38.630  22.148  16.908 0.0000000000
108425  -38.222  22.710  17.139 0.0000000000
109345  -38.060  22.989  17.445 0.0000000000
109337  -38.017  23.134  17.936 0.0000000000
109331  -38.470  23.662  19.327 0.0000000000
94168  -47.080  8.708  28.499 0.0000000000
95263  -47.340  8.977  27.777 0.0000000000
94183  -46.729  8.654  27.801 0.0000000000
95279  -46.844  8.824  26.907 0.0000000000
95278  -45.951  9.021  26.372 0.0000000000
94192  -45.247  8.794  26.855 0.0000000000
95295  -44.751  9.349  25.325 0.0000000000
95307  -44.254  9.657  24.528 0.0000000000
95262  -43.174  9.314  26.781 0.0000000000
95275  -43.416  9.473  26.195 0.0000000000
95306  -43.618  9.941  24.775 0.0000000000
97521  -43.528  10.882  23.610 0.0000000000
97533  -43.370  11.482  23.451 0.0000000000
98668  -42.760  12.239  24.441 0.0000000000
98678  -43.041  12.191  23.716 0.0000000000
99763  -43.531  12.956  22.794 0.0000000000
100730  -43.743  13.718  22.637 0.0000000000
100722  -43.832  14.533  22.926 0.0000000000
106352  -46.462  20.657  32.360 0.0000000000
106368  -48.116  19.996  31.922 0.0000000000
105397  -49.434  18.963  30.898 0.0000000000
104399  -50.021  18.690  30.524 0.0000000000
104423  -50.083  18.839  29.500 0.0000000000
106383  -50.445  20.063  30.507 0.0000000000
106391  -50.572  19.520  29.747 0.0000000000
105409  -50.219  19.329  29.145 0.0000000000
105426  -47.815  19.939  26.493 0.0000000000
106406  -48.047  20.110  25.228 0.0000000000
106419  -48.103  20.166  24.404 0.0000000000
106441  -47.462  20.401  22.904 0.0000000000
106427  -45.275  20.670  24.616 0.0000000000
106437  -42.642  21.231  23.427 0.0000000000
108349  -45.282  22.527  27.508 0.0000000000
108355  -44.717  22.598  26.775 0.0000000000
108367  -43.878  22.825  26.023 0.0000000000
110254  -44.236  24.126  25.823 0.0000000000
107423  -43.646  22.155  25.651 0.0000000000
108375  -42.757  22.271  24.902 0.0000000000
107438  -42.179  21.844  23.808 0.0000000000
107448  -41.805  21.696  23.102 0.0000000000
108382  -41.424  22.594  22.888 0.0000000000
109309  -41.279  23.198  22.439 0.0000000000
109320  -41.576  23.601  22.173 0.0000000000
110289  -42.771  24.606  22.843 0.0000000000
110297  -41.632  23.815  21.434 0.0000000000
110306  -41.580  23.876  20.824 0.0000000000
110315  -42.337  24.620  19.294 0.0000000000
100644  -38.021  14.529  31.481 0.0000000000
101565  -38.459  15.451  31.099 0.0000000000
103403  -38.356  17.539  31.083 0.0000000000
104387  -37.270  18.118  31.940 0.0000000000
103404  -39.101  17.875  30.875 0.0000000000
105377  -39.544  19.431  31.572 0.0000000000
104358  -36.908  19.328  34.544 0.0000000000
104372  -38.276  19.379  34.266 0.0000000000
104344  -38.454  19.312  35.228 0.0000000000
105378  -40.627  19.656  31.532 0.0000000000
105362  -41.423  19.736  32.461 0.0000000000
105341  -41.861  19.388  34.318 0.0000000000
105354  -43.252  19.717  33.272 0.0000000000
106330  -44.968  20.365  33.683 0.0000000000
105302  -41.223  19.486  37.703 0.0000000000
104323  -41.837  19.428  37.344 0.0000000000
105316  -42.664  19.388  36.428 0.0000000000
104325  -43.040  19.259  37.719 0.0000000000
105317  -43.242  19.421  36.707 0.0000000000
105330  -44.013  19.813  35.097 0.0000000000
105331  -44.880  20.178  34.638 0.0000000000
106331  -45.633  20.393  34.038 0.0000000000
106332  -46.721  20.594  34.328 0.0000000000
106333  -47.769  20.615  34.617 0.0000000000
97457  -51.253  11.804  28.768 0.0000000000
97469  -50.540  11.056  27.922 0.0000000000
96306  -50.029  10.795  28.510 0.0000000000
96319  -48.853  10.212  28.009 0.0000000000
96304  -48.506  10.095  28.790 0.0000000000
97448  -49.863  11.135  30.688 0.0000000000
96289  -49.254  10.910  31.128 0.0000000000
95245  -48.144  9.906  29.169 0.0000000000
95251  -47.988  9.739  28.670 0.0000000000
94158  -46.792  8.451  29.181 0.0000000000
94157  -46.068  8.023  29.291 0.0000000000
94145  -46.138  8.024  30.241 0.0000000000
93059  -44.434  7.740  29.404 0.0000000000
94143  -43.157  8.011  29.936 0.0000000000
94142  -42.394  8.441  30.209 0.0000000000
93033  -44.237  7.766  32.232 0.0000000000
93024  -43.126  7.866  33.208 0.0000000000
93032  -43.263  7.618  32.404 0.0000000000
93039  -43.397  7.571  31.491 0.0000000000
93045  -42.708  7.716  30.932 0.0000000000
96277  -40.185  10.452  31.063 0.0000000000
97429  -39.807  11.329  31.104 0.0000000000
98591  -39.519  12.084  31.161 0.0000000000
99677  -38.406  13.507  31.584 0.0000000000
97319  -45.006  11.693  37.302 0.0000000000
99574  -42.388  13.511  43.093 0.0000000000
98427  -42.398  12.243  41.692 0.0000000000
97240  -38.745  10.785  41.941 0.0000000000
97241  -39.253  11.020  41.505 0.0000000000
98424  -39.893  11.695  41.457 0.0000000000
97242  -42.980  11.573  40.959 0.0000000000
97276  -42.999  10.640  39.588 0.0000000000
97274  -41.388  11.038  38.768 0.0000000000
96175  -42.889  10.514  38.813 0.0000000000
96176  -43.684  10.592  39.072 0.0000000000
96190  -43.445  10.740  38.230 0.0000000000
97294  -43.894  11.076  37.717 0.0000000000
98491  -43.814  11.881  36.810 0.0000000000
98517  -43.378  11.796  36.385 0.0000000000
98535  -42.836  11.671  36.164 0.0000000000
97364  -42.264  11.450  35.765 0.0000000000
97363  -41.132  11.294  35.929 0.0000000000
96239  -41.541  10.668  35.558 0.0000000000
95188  -41.081  9.728  35.574 0.0000000000
94088  -39.700  8.853  35.042 0.0000000000
98511  -37.304  12.325  37.164 0.0000000000
97338  -37.532  11.581  36.815 0.0000000000
96222  -37.817  10.466  36.387 0.0000000000
96221  -36.681  10.918  36.170 0.0000000000
95185  -37.808  9.616  35.312 0.0000000000
95199  -38.358  9.141  34.385 0.0000000000
99669  -37.868  13.166  32.000 0.0000000000
101563  -36.859  15.534  31.671 0.0000000000
102489  -36.494  16.389  31.742 0.0000000000
101559  -35.557  15.401  32.300 0.0000000000
102487  -35.868  16.364  32.123 0.0000000000
103395  -35.557  17.178  32.447 0.0000000000
100633  -33.813  15.151  32.842 0.0000000000
103383  -33.519  17.341  33.345 0.0000000000
104368  -33.940  18.213  33.765 0.0000000000
104330  -33.449  18.440  36.888 0.0000000000
103367  -32.560  17.485  36.751 0.0000000000
103363  -33.102  17.737  37.522 0.0000000000
97549  -53.341  11.828  21.421 0.0000000000
99777  -52.968  13.163  21.375 0.0000000000
98701  -53.202  12.680  21.272 0.0000000000
96419  -52.968  11.555  20.790 0.0000000000
97561  -51.802  11.358  20.032 0.0000000000
96343  -47.323  9.481  25.364 0.0000000000
96368  -45.788  9.718  23.523 0.0000000000
96372  -49.069  10.849  23.348 0.0000000000
97522  -49.863  11.459  23.117 0.0000000000
97536  -50.791  12.316  21.690 0.0000000000
97547  -49.926  12.080  20.670 0.0000000000
98697  -50.550  12.300  19.978 0.0000000000
98713  -51.756  12.666  20.168 0.0000000000
98725  -51.415  12.134  19.473 0.0000000000
97573  -51.542  11.768  19.466 0.0000000000
96430  -51.334  10.868  19.226 0.0000000000
96429  -51.056  10.459  18.739 0.0000000000
95371  -50.321  10.214  18.329 0.0000000000
94285  -48.710  9.042  17.342 0.0000000000
95384  -45.074  9.867  16.620 0.0000000000
101566  -39.101  15.088  30.859 0.0000000000
100652  -40.946  14.392  30.087 0.0000000000
102495  -40.134  16.427  30.224 0.0000000000
100657  -41.528  14.406  29.535 0.0000000000
100664  -42.736  14.640  28.178 0.0000000000
103416  -43.357  17.110  28.429 0.0000000000
102501  -42.936  16.346  28.523 0.0000000000
100678  -42.755  14.152  27.663 0.0000000000
99712  -43.070  14.066  26.683 0.0000000000
100706  -43.648  14.479  25.618 0.0000000000
100714  -43.796  14.875  23.936 0.0000000000
101647  -44.359  14.941  22.475 0.0000000000
106380  -46.684  20.129  30.613 0.0000000000
105408  -48.000  18.777  29.831 0.0000000000
105407  -47.464  18.851  29.726 0.0000000000
104409  -47.022  18.450  29.156 0.0000000000
103420  -46.901  17.836  28.295 0.0000000000
102505  -46.466  17.381  27.886 0.0000000000
103432  -49.020  17.781  27.063 0.0000000000
103431  -48.417  17.393  27.579 0.0000000000
103443  -48.223  17.235  26.472 0.0000000000
102531  -47.847  17.022  27.262 0.0000000000
101595  -46.887  16.660  27.097 0.0000000000
101594  -46.325  16.578  27.085 0.0000000000
102539  -46.002  16.477  25.517 0.0000000000
102548  -45.626  16.440  24.897 0.0000000000
102555  -46.179  17.098  24.131 0.0000000000
102554  -45.488  16.648  24.087 0.0000000000
101631  -44.999  16.223  24.587 0.0000000000
101639  -44.769  16.036  23.661 0.0000000000
101648  -44.657  15.618  22.814 0.0000000000
101656  -44.513  14.664  21.970 0.0000000000
102577  -45.879  16.143  20.733 0.0000000000
102598  -48.192  17.232  17.764 0.0000000000
102604  -48.116  16.655  17.491 0.0000000000
101684  -47.539  16.237  18.113 0.0000000000
101690  -47.074  15.162  16.885 0.0000000000
100771  -47.044  14.278  16.448 0.0000000000
98748  -47.485  13.113  15.392 0.0000000000
98757  -47.512  12.940  14.880 0.0000000000
98765  -46.800  12.756  13.892 0.0000000000
100797  -46.583  14.227  13.520 0.0000000000
98774  -46.568  13.149  13.392 0.0000000000
98755  -46.272  12.662  14.486 0.0000000000
104557  -46.059  18.412  16.414 0.0000000000
103530  -46.021  17.336  16.767 0.0000000000
106484  -45.707  20.534  20.055 0.0000000000
107475  -45.252  20.899  18.598 0.0000000000
106499  -44.791  21.008  18.872 0.0000000000
107482  -44.159  21.166  16.759 0.0000000000
106558  -42.740  20.826  14.718 0.0000000000
106512  -41.295  20.585  17.835 0.0000000000
106529  -42.500  20.753  16.311 0.0000000000
106544  -42.529  20.863  15.260 0.0000000000
105547  -42.305  20.452  14.080 0.0000000000
104555  -42.074  18.990  15.092 0.0000000000
104545  -42.302  18.894  15.964 0.0000000000
104544  -41.557  18.639  16.562 0.0000000000
104553  -40.848  18.762  15.996 0.0000000000
104516  -39.666  18.271  19.610 0.0000000000
104504  -39.634  18.529  20.597 0.0000000000
106509  -36.955  20.799  18.055 0.0000000000
105488  -37.258  19.295  18.933 0.0000000000
106477  -35.647  20.656  20.427 0.0000000000
111236  -44.745  25.758  20.898 0.0000000000
111249  -43.725  25.476  19.990 0.0000000000
111262  -42.984  25.242  18.988 0.0000000000
110323  -42.331  24.799  18.334 0.0000000000
111283  -42.717  25.696  17.536 0.0000000000
110329  -42.307  25.085  17.748 0.0000000000
110328  -41.592  24.632  17.891 0.0000000000
111281  -41.333  24.996  17.767 0.0000000000
111273  -40.908  25.077  17.970 0.0000000000
112090  -41.102  25.804  18.965 0.0000000000
93022  -42.001  7.838  33.289 0.0000000000
93023  -42.343  7.855  33.276 0.0000000000
93048  -46.179  7.996  30.005 0.0000000000
93049  -46.390  8.197  29.989 0.0000000000
93058  -43.707  7.766  29.718 0.0000000000
93060  -46.260  8.089  29.814 0.0000000000
94100  -39.128  8.673  34.407 0.0000000000
94105  -43.782  9.231  33.885 0.0000000000
94178  -43.071  9.232  27.076 0.0000000000
94194  -46.434  8.677  27.409 0.0000000000
95128  -37.921  10.172  40.549 0.0000000000
95176  -39.361  9.931  36.152 0.0000000000
95177  -39.831  10.113  36.145 0.0000000000
95200  -42.295  9.457  34.886 0.0000000000
95229  -46.893  9.453  31.432 0.0000000000
95236  -46.983  9.148  30.752 0.0000000000
95250  -47.537  9.251  28.595 0.0000000000
95332  -45.553  9.674  23.494 0.0000000000
96133  -38.411  10.683  42.137 0.0000000000
96149  -38.453  10.488  41.421 0.0000000000
96161  -38.725  10.791  40.681 0.0000000000
96174  -42.197  10.698  38.576 0.0000000000
96186  -36.357  10.766  38.494 0.0000000000
96191  -44.040  10.774  38.339 0.0000000000
96203  -39.341  11.046  36.897 0.0000000000
96205  -41.815  11.337  37.334 0.0000000000
96237  -40.094  10.233  36.125 0.0000000000
96249  -32.298  10.906  35.299 0.0000000000
96251  -42.930  10.685  35.141 0.0000000000
96262  -46.413  11.069  33.167 0.0000000000
96281  -49.345  11.049  31.667 0.0000000000
96295  -47.859  9.770  30.078 0.0000000000
96342  -42.756  10.689  25.183 0.0000000000
96356  -47.496  9.625  24.859 0.0000000000
97254  -38.628  11.150  40.273 0.0000000000
97270  -37.718  11.499  39.054 0.0000000000
97271  -38.345  11.421  39.713 0.0000000000
97312  -39.262  11.381  36.914 0.0000000000
97313  -39.483  11.298  36.842 0.0000000000
97317  -43.531  11.524  37.219 0.0000000000
97318  -44.239  11.573  37.291 0.0000000000
97340  -39.642  11.567  36.760 0.0000000000
97341  -40.532  11.551  36.414 0.0000000000
97344  -46.140  12.144  36.473 0.0000000000
97357  -33.025  11.219  35.449 0.0000000000
97362  -40.709  11.151  36.160 0.0000000000
97379  -31.723  11.458  34.838 0.0000000000
97430  -48.977  11.012  32.555 0.0000000000
97508  -42.520  11.805  25.477 0.0000000000
97584  -51.168  11.557  18.893 0.0000000000
98453  -37.652  11.900  38.841 0.0000000000
98488  -40.591  12.437  36.805 0.0000000000
98489  -42.943  11.667  36.813 0.0000000000
98493  -45.191  12.005  36.730 0.0000000000
98516  -42.888  11.688  36.577 0.0000000000
98521  -46.164  12.084  36.105 0.0000000000
98531  -33.823  11.714  35.518 0.0000000000
98698  -51.211  12.505  20.423 0.0000000000
98699  -51.605  13.010  20.762 0.0000000000
98711  -50.555  12.139  19.181 0.0000000000
98715  -52.901  12.688  20.774 0.0000000000
98724  -50.871  12.018  19.070 0.0000000000
98764  -46.315  12.830  13.729 0.0000000000
98766  -47.289  12.968  14.136 0.0000000000
98773  -46.306  13.215  13.168 0.0000000000
98775  -46.943  13.151  13.647 0.0000000000
99659  -35.138  13.425  33.075 0.0000000000
99692  -42.135  13.899  28.480 0.0000000000
99766  -52.714  13.332  21.862 0.0000000000
99776  -52.491  13.238  21.074 0.0000000000
99788  -52.143  13.149  20.538 0.0000000000
99820  -47.354  13.524  15.865 0.0000000000
99830  -47.469  13.629  14.521 0.0000000000
99842  -46.030  13.398  12.980 0.0000000000
99843  -46.365  13.541  13.067 0.0000000000
99844  -46.680  13.590  13.367 0.0000000000
100642  -36.617  15.000  31.919 0.0000000000
100788  -47.167  14.360  14.320 0.0000000000
100795  -45.629  14.246  13.793 0.0000000000
100796  -45.953  14.513  13.209 0.0000000000
100806  -46.171  14.001  12.879 0.0000000000
100807  -46.413  14.174  13.021 0.0000000000
101592  -44.538  16.075  27.231 0.0000000000
101610  -46.663  16.560  26.757 0.0000000000
101611  -46.968  16.595  26.883 0.0000000000
101700  -48.180  16.214  16.425 0.0000000000
101714  -46.256  14.733  13.954 0.0000000000
102514  -44.578  16.401  27.517 0.0000000000
102541  -47.138  16.786  26.096 0.0000000000
102611  -46.501  16.742  15.448 0.0000000000
102625  -47.657  17.259  14.426 0.0000000000
103355  -33.947  17.695  39.042 0.0000000000
103410  -41.135  17.287  29.417 0.0000000000
103413  -48.182  18.166  29.003 0.0000000000
103470  -49.453  18.110  23.995 0.0000000000
103479  -49.139  17.995  23.836 0.0000000000
103506  -46.841  17.342  20.339 0.0000000000
103515  -48.431  18.368  19.251 0.0000000000
103523  -47.915  17.518  18.894 0.0000000000
103549  -47.796  17.759  14.298 0.0000000000
103550  -48.161  17.839  14.611 0.0000000000
104311  -42.129  19.431  37.845 0.0000000000
104321  -40.252  19.316  36.664 0.0000000000
104336  -42.449  19.368  36.881 0.0000000000
104337  -42.956  19.310  37.370 0.0000000000
104346  -39.410  19.324  35.571 0.0000000000
104348  -41.234  19.357  35.496 0.0000000000
104360  -38.627  19.307  34.925 0.0000000000
104365  -42.652  19.313  35.396 0.0000000000
104367  -33.447  17.879  33.870 0.0000000000
104373  -38.840  19.339  34.598 0.0000000000
104390  -50.305  18.787  30.932 0.0000000000
104391  -50.464  18.958  31.023 0.0000000000
104415  -43.106  17.572  28.568 0.0000000000
104458  -48.565  17.975  23.992 0.0000000000
104461  -49.810  18.921  23.542 0.0000000000
104572  -47.180  18.311  14.694 0.0000000000
104573  -47.552  18.272  14.554 0.0000000000
104574  -47.887  18.058  14.448 0.0000000000
105304  -43.143  19.272  38.051 0.0000000000
105326  -40.002  19.393  35.136 0.0000000000
105328  -42.793  19.407  36.117 0.0000000000
105337  -38.143  19.328  35.239 0.0000000000
105338  -39.164  19.359  34.610 0.0000000000
105344  -44.874  20.273  34.088 0.0000000000
105348  -37.404  19.181  33.157 0.0000000000
105364  -43.443  20.096  32.579 0.0000000000
105406  -46.490  19.032  29.369 0.0000000000
105413  -45.892  18.838  28.814 0.0000000000
105417  -50.052  18.957  29.109 0.0000000000
105459  -49.734  19.220  23.483 0.0000000000
105501  -48.815  19.339  18.170 0.0000000000
105502  -49.030  19.594  18.481 0.0000000000
105514  -48.521  19.267  17.559 0.0000000000
105529  -48.215  19.131  16.496 0.0000000000
105533  -38.963  20.458  15.292 0.0000000000
105534  -39.269  20.186  15.111 0.0000000000
105536  -42.189  20.268  14.242 0.0000000000
105537  -42.694  19.918  14.553 0.0000000000
105548  -42.591  20.346  14.315 0.0000000000
105551  -47.325  18.694  14.813 0.0000000000
106349  -43.745  20.365  32.106 0.0000000000
106362  -42.927  20.164  31.605 0.0000000000
106376  -43.039  20.146  30.989 0.0000000000
106379  -45.672  20.371  30.564 0.0000000000
106386  -44.113  20.136  29.870 0.0000000000
106415  -44.675  21.233  25.963 0.0000000000
106436  -42.098  21.464  23.251 0.0000000000
106465  -40.436  21.539  21.028 0.0000000000
106520  -48.642  19.779  18.036 0.0000000000
106531  -46.337  20.693  17.690 0.0000000000
106535  -48.469  19.601  17.767 0.0000000000
106545  -43.360  21.015  15.352 0.0000000000
106546  -44.456  20.734  15.802 0.0000000000
106550  -47.894  19.509  16.391 0.0000000000
106554  -38.807  20.843  15.456 0.0000000000
106555  -39.128  20.657  15.216 0.0000000000
106559  -43.511  20.676  14.987 0.0000000000
106560  -44.311  20.490  15.590 0.0000000000
106567  -42.044  20.588  14.024 0.0000000000
106568  -42.374  20.600  14.294 0.0000000000
106569  -42.825  20.539  14.596 0.0000000000
107397  -50.099  21.063  30.807 0.0000000000
107402  -47.292  21.588  29.199 0.0000000000
107412  -46.334  21.273  28.107 0.0000000000
107415  -45.278  21.728  27.230 0.0000000000
107430  -42.636  21.972  24.568 0.0000000000
107437  -41.686  22.127  23.213 0.0000000000
107447  -41.346  21.939  22.543 0.0000000000
107457  -40.989  21.737  21.950 0.0000000000
107464  -39.811  22.005  19.765 0.0000000000
107469  -35.955  20.923  19.491 0.0000000000
107472  -39.659  21.788  19.198 0.0000000000
107474  -44.959  21.008  18.269 0.0000000000
107494  -46.210  20.815  17.311 0.0000000000
107501  -39.508  21.210  15.517 0.0000000000
107502  -39.929  21.073  15.515 0.0000000000
107504  -44.498  20.960  16.008 0.0000000000
107511  -39.006  20.984  15.380 0.0000000000
107512  -39.408  21.006  15.272 0.0000000000
107513  -39.937  20.981  15.287 0.0000000000
107514  -44.047  20.828  15.253 0.0000000000
108345  -45.774  22.215  28.185 0.0000000000
108346  -46.271  22.376  28.749 0.0000000000
108348  -44.952  22.803  27.155 0.0000000000
108356  -45.041  22.171  27.068 0.0000000000
108365  -42.674  23.076  24.907 0.0000000000
108392  -41.062  22.580  22.256 0.0000000000
109281  -42.910  23.332  25.101 0.0000000000
109283  -43.949  23.488  25.974 0.0000000000
109292  -42.655  23.609  24.533 0.0000000000
109308  -40.899  23.047  21.890 0.0000000000
109319  -41.306  23.546  21.596 0.0000000000
109348  -41.049  24.266  17.917 0.0000000000
110212  -45.281  23.891  27.156 0.0000000000
110215  -47.468  24.461  27.599 0.0000000000
110235  -46.213  24.614  26.860 0.0000000000
110236  -47.082  24.678  26.930 0.0000000000
110253  -43.739  24.067  25.288 0.0000000000
110269  -43.940  24.456  25.106 0.0000000000
110279  -43.174  24.681  23.898 0.0000000000
110288  -42.286  23.916  22.942 0.0000000000
111160  -45.266  24.612  26.156 0.0000000000
111261  -41.157  25.476  18.197 0.0000000000
111284  -43.257  26.163  17.307 0.0000000000
112105  -41.551  26.045  18.272 0.0000000000
