#!ascii label  , from subject sub.01.bl.02 vox2ras=TkReg
437
81000  -33.696  -2.881  -16.470 0.0000000000
76461  -31.619  -7.521  -14.239 0.0000000000
75136  -37.045  -8.345  -14.360 0.0000000000
71309  -33.495  -11.820  -11.808 0.0000000000
98031  -34.098  11.807  -17.802 0.0000000000
94681  -33.703  8.393  -16.511 0.0000000000
86989  -31.711  1.701  -18.776 0.0000000000
66181  -30.815  -15.173  -8.847 0.0000000000
73833  -32.386  -9.950  -12.933 0.0000000000
72562  -30.529  -10.797  -10.975 0.0000000000
95787  -33.979  10.532  -16.970 0.0000000000
93622  -32.409  7.487  -19.365 0.0000000000
80999  -30.838  -3.108  -16.394 0.0000000000
84633  -29.630  -0.447  -16.240 0.0000000000
84645  -32.560  -0.654  -17.885 0.0000000000
88090  -34.494  2.048  -17.747 0.0000000000
85844  -35.831  0.185  -16.899 0.0000000000
82173  -36.436  -2.529  -15.306 0.0000000000
78827  -29.809  -5.434  -15.449 0.0000000000
77749  -32.831  -5.890  -17.024 0.0000000000
78828  -35.681  -5.634  -15.348 0.0000000000
75141  -34.809  -8.564  -15.783 0.0000000000
72602  -35.274  -10.397  -13.297 0.0000000000
72563  -34.754  -11.168  -10.892 0.0000000000
90289  -30.330  4.550  -18.600 0.0000000000
90301  -33.205  4.599  -19.227 0.0000000000
92462  -34.638  6.239  -15.901 0.0000000000
69920  -29.499  -12.202  -9.949 0.0000000000
68579  -31.825  -13.371  -10.241 0.0000000000
73821  -30.087  -9.495  -11.759 0.0000000000
72561  -29.802  -10.687  -10.813 0.0000000000
94705  -31.674  8.428  -19.475 0.0000000000
92504  -30.596  6.692  -19.553 0.0000000000
81005  -32.515  -3.057  -17.112 0.0000000000
82180  -31.640  -1.881  -16.944 0.0000000000
83410  -33.630  -1.295  -17.281 0.0000000000
85852  -34.657  0.074  -17.886 0.0000000000
83400  -34.660  -1.301  -16.726 0.0000000000
84638  -35.747  -0.645  -16.121 0.0000000000
82178  -35.205  -2.485  -16.053 0.0000000000
76465  -30.937  -6.603  -15.009 0.0000000000
77742  -31.306  -5.585  -16.256 0.0000000000
77737  -31.877  -6.794  -15.476 0.0000000000
76474  -33.451  -7.404  -16.171 0.0000000000
75139  -33.017  -8.038  -15.270 0.0000000000
72594  -33.013  -10.653  -12.483 0.0000000000
72601  -34.226  -10.381  -13.162 0.0000000000
71319  -34.180  -11.276  -12.281 0.0000000000
72581  -34.946  -10.981  -11.551 0.0000000000
71310  -34.321  -11.671  -11.708 0.0000000000
96888  -32.932  10.705  -17.004 0.0000000000
98029  -33.060  11.765  -17.329 0.0000000000
99188  -33.536  12.757  -18.339 0.0000000000
101213  -33.751  14.333  -18.666 0.0000000000
100214  -34.430  13.612  -17.521 0.0000000000
95776  -33.916  9.194  -16.565 0.0000000000
85851  -30.957  0.589  -17.754 0.0000000000
86979  -29.731  1.532  -17.263 0.0000000000
89207  -30.521  3.449  -18.446 0.0000000000
90299  -31.693  4.728  -20.033 0.0000000000
88105  -32.516  2.807  -19.674 0.0000000000
89184  -34.940  2.689  -16.344 0.0000000000
89183  -34.557  3.435  -16.863 0.0000000000
90254  -35.292  4.503  -15.680 0.0000000000
77732  -36.217  -6.802  -14.474 0.0000000000
78830  -36.979  -4.678  -15.053 0.0000000000
67371  -29.730  -14.140  -8.871 0.0000000000
68562  -29.889  -13.532  -9.415 0.0000000000
68578  -31.130  -12.949  -10.158 0.0000000000
67373  -31.659  -14.553  -9.851 0.0000000000
73836  -30.538  -8.387  -13.108 0.0000000000
75124  -31.773  -8.218  -13.682 0.0000000000
73832  -31.262  -9.572  -12.494 0.0000000000
72592  -31.385  -10.251  -12.004 0.0000000000
71307  -31.678  -11.329  -11.302 0.0000000000
96895  -32.996  10.215  -17.605 0.0000000000
96890  -34.201  11.151  -17.241 0.0000000000
95796  -33.092  9.629  -18.263 0.0000000000
94697  -33.554  8.631  -18.147 0.0000000000
93605  -33.712  7.551  -17.793 0.0000000000
80994  -29.554  -3.259  -15.743 0.0000000000
83397  -30.147  -1.478  -16.465 0.0000000000
84644  -31.581  -0.340  -17.709 0.0000000000
85859  -32.209  0.778  -18.636 0.0000000000
87000  -33.288  2.166  -19.190 0.0000000000
85861  -34.174  0.498  -18.130 0.0000000000
86983  -35.587  1.434  -17.979 0.0000000000
86961  -36.080  1.679  -16.426 0.0000000000
85833  -36.383  0.476  -16.154 0.0000000000
65020  -31.554  -16.326  -8.298 0.0000000000
66171  -32.104  -15.732  -8.591 0.0000000000
79905  -30.481  -4.094  -16.523 0.0000000000
79910  -31.427  -3.861  -17.250 0.0000000000
79912  -33.032  -4.090  -17.194 0.0000000000
79908  -35.109  -4.219  -16.025 0.0000000000
78834  -34.283  -5.437  -16.603 0.0000000000
76469  -34.783  -7.221  -15.926 0.0000000000
75143  -36.957  -8.960  -15.620 0.0000000000
73844  -33.499  -8.915  -14.387 0.0000000000
73846  -35.535  -10.022  -14.622 0.0000000000
72613  -37.563  -10.453  -15.151 0.0000000000
72598  -36.619  -10.378  -12.711 0.0000000000
72565  -36.074  -10.423  -11.292 0.0000000000
99167  -35.119  12.376  -16.384 0.0000000000
91421  -31.177  5.898  -19.753 0.0000000000
92517  -32.969  6.098  -19.351 0.0000000000
92494  -33.904  6.273  -18.126 0.0000000000
89208  -33.147  3.531  -18.656 0.0000000000
91401  -34.254  5.414  -17.319 0.0000000000
93582  -33.929  7.394  -15.755 0.0000000000
79902  -36.566  -4.258  -15.425 0.0000000000
80992  -37.360  -3.576  -14.684 0.0000000000
71290  -28.952  -11.462  -9.992 0.0000000000
71291  -29.716  -11.493  -10.282 0.0000000000
69922  -31.295  -12.449  -10.427 0.0000000000
69923  -32.235  -12.535  -10.604 0.0000000000
67374  -32.634  -14.508  -9.851 0.0000000000
68565  -32.953  -13.797  -10.033 0.0000000000
69924  -33.244  -12.723  -10.632 0.0000000000
93612  -30.126  7.088  -19.173 0.0000000000
81006  -33.332  -3.322  -16.870 0.0000000000
82182  -33.190  -2.252  -16.910 0.0000000000
82176  -33.688  -2.282  -16.542 0.0000000000
83411  -34.175  -1.257  -17.163 0.0000000000
82177  -34.212  -2.326  -16.309 0.0000000000
76460  -30.703  -6.916  -14.255 0.0000000000
76459  -30.082  -6.783  -13.936 0.0000000000
77736  -31.362  -6.393  -15.508 0.0000000000
76466  -31.419  -7.023  -15.017 0.0000000000
76467  -32.476  -7.403  -15.293 0.0000000000
76462  -32.226  -7.819  -14.545 0.0000000000
71317  -33.069  -11.309  -12.025 0.0000000000
72595  -33.894  -10.870  -12.616 0.0000000000
71318  -33.667  -11.340  -12.206 0.0000000000
69936  -33.857  -12.182  -11.585 0.0000000000
98030  -33.615  11.865  -17.781 0.0000000000
99189  -34.012  12.569  -18.455 0.0000000000
100227  -34.135  13.487  -18.331 0.0000000000
99179  -34.423  12.677  -17.788 0.0000000000
95766  -34.439  9.562  -15.697 0.0000000000
94670  -33.625  8.232  -15.910 0.0000000000
86981  -31.108  1.285  -18.261 0.0000000000
86980  -30.356  1.545  -17.923 0.0000000000
86988  -30.914  1.935  -18.489 0.0000000000
88089  -30.400  2.520  -18.246 0.0000000000
88095  -31.099  2.717  -19.033 0.0000000000
88104  -31.728  2.929  -19.706 0.0000000000
88096  -31.705  2.397  -19.240 0.0000000000
89167  -35.447  3.238  -15.812 0.0000000000
90264  -35.012  3.688  -16.287 0.0000000000
76463  -36.872  -8.054  -14.606 0.0000000000
77733  -36.770  -6.436  -14.124 0.0000000000
76455  -36.724  -7.646  -13.924 0.0000000000
67358  -30.263  -14.782  -8.701 0.0000000000
67372  -30.712  -14.409  -9.224 0.0000000000
68563  -30.930  -13.516  -9.843 0.0000000000
66182  -31.473  -15.227  -9.188 0.0000000000
73831  -30.416  -8.788  -12.691 0.0000000000
72577  -30.209  -10.283  -11.220 0.0000000000
73822  -30.927  -9.916  -11.902 0.0000000000
72578  -30.971  -10.478  -11.459 0.0000000000
72579  -31.842  -10.867  -11.803 0.0000000000
71306  -31.064  -11.171  -11.001 0.0000000000
95795  -32.323  9.693  -18.616 0.0000000000
95804  -32.700  9.249  -18.945 0.0000000000
94707  -33.031  8.735  -18.837 0.0000000000
93623  -32.824  8.097  -19.108 0.0000000000
93614  -33.197  7.475  -18.770 0.0000000000
80998  -30.197  -3.233  -16.189 0.0000000000
82175  -30.470  -2.324  -16.524 0.0000000000
83408  -32.019  -1.251  -17.353 0.0000000000
83407  -31.382  -1.308  -17.109 0.0000000000
84651  -31.925  0.255  -18.319 0.0000000000
84652  -32.418  0.068  -18.303 0.0000000000
85860  -33.046  0.659  -18.657 0.0000000000
84653  -33.240  -0.071  -18.165 0.0000000000
85853  -35.248  0.231  -17.732 0.0000000000
85854  -35.971  0.749  -17.688 0.0000000000
86971  -35.994  1.613  -16.887 0.0000000000
86972  -36.255  1.005  -17.213 0.0000000000
86962  -36.396  1.395  -16.115 0.0000000000
83390  -36.457  -1.250  -15.610 0.0000000000
83378  -36.976  -1.811  -14.897 0.0000000000
63936  -31.366  -17.054  -8.209 0.0000000000
65003  -31.779  -16.630  -7.802 0.0000000000
78831  -29.680  -4.817  -15.593 0.0000000000
79904  -29.876  -4.129  -15.952 0.0000000000
78832  -30.100  -5.089  -16.077 0.0000000000
77748  -32.000  -5.583  -16.980 0.0000000000
78836  -31.291  -4.821  -16.910 0.0000000000
78838  -32.591  -4.946  -17.269 0.0000000000
79911  -32.169  -3.882  -17.448 0.0000000000
78839  -33.608  -5.208  -16.994 0.0000000000
77750  -33.461  -6.065  -16.966 0.0000000000
75146  -33.955  -7.913  -16.292 0.0000000000
76475  -34.329  -7.370  -16.320 0.0000000000
76476  -34.816  -7.710  -16.107 0.0000000000
76470  -35.327  -7.651  -15.699 0.0000000000
75142  -35.785  -8.669  -15.867 0.0000000000
73838  -32.028  -9.086  -13.218 0.0000000000
75125  -32.468  -8.761  -13.716 0.0000000000
73839  -33.294  -9.470  -13.608 0.0000000000
73840  -34.683  -9.864  -13.840 0.0000000000
73841  -35.355  -10.059  -13.869 0.0000000000
73847  -36.305  -10.371  -14.918 0.0000000000
72608  -36.456  -10.411  -14.257 0.0000000000
72604  -36.960  -10.438  -13.575 0.0000000000
72603  -36.194  -10.347  -13.352 0.0000000000
72582  -35.610  -10.696  -11.769 0.0000000000
72564  -35.504  -10.641  -10.964 0.0000000000
72549  -35.066  -10.556  -10.035 0.0000000000
98019  -34.733  11.856  -17.080 0.0000000000
96879  -34.543  10.950  -16.761 0.0000000000
83388  -29.361  -1.484  -15.882 0.0000000000
90275  -29.208  4.351  -17.612 0.0000000000
91410  -29.749  5.241  -18.346 0.0000000000
91411  -30.249  5.983  -18.757 0.0000000000
90298  -30.883  4.766  -19.513 0.0000000000
90300  -32.535  4.593  -19.870 0.0000000000
91423  -32.842  5.487  -19.673 0.0000000000
91424  -33.243  5.572  -19.258 0.0000000000
92506  -33.287  6.262  -18.907 0.0000000000
91412  -33.617  5.340  -18.719 0.0000000000
88098  -33.882  2.128  -18.113 0.0000000000
88097  -33.459  2.472  -18.748 0.0000000000
89209  -33.374  2.887  -17.832 0.0000000000
90253  -34.833  4.957  -16.147 0.0000000000
90278  -34.102  4.240  -17.545 0.0000000000
91390  -34.607  5.448  -16.464 0.0000000000
92481  -34.325  6.151  -16.857 0.0000000000
92442  -34.749  6.812  -15.063 0.0000000000
79901  -35.810  -4.700  -15.674 0.0000000000
79903  -37.193  -4.003  -15.198 0.0000000000
69903  -29.161  -12.848  -9.738 0.0000000000
69919  -28.819  -12.108  -9.786 0.0000000000
66183  -32.216  -15.246  -9.519 0.0000000000
68581  -33.081  -13.171  -10.064 0.0000000000
73804  -29.738  -10.084  -11.201 0.0000000000
95803  -31.981  9.272  -19.256 0.0000000000
94704  -30.731  8.362  -19.482 0.0000000000
93621  -31.332  7.583  -19.711 0.0000000000
92514  -31.002  6.891  -20.030 0.0000000000
81008  -31.611  -2.612  -16.647 0.0000000000
82179  -31.105  -2.164  -16.705 0.0000000000
82181  -32.263  -2.116  -17.089 0.0000000000
83409  -32.818  -1.353  -17.372 0.0000000000
84646  -33.403  -0.686  -17.748 0.0000000000
84654  -33.809  -0.186  -17.928 0.0000000000
84636  -34.860  -0.643  -17.188 0.0000000000
84637  -35.294  -0.456  -16.952 0.0000000000
83401  -35.378  -1.303  -16.145 0.0000000000
83389  -35.903  -1.916  -15.814 0.0000000000
82172  -35.914  -2.617  -15.786 0.0000000000
77729  -29.678  -6.093  -14.202 0.0000000000
77734  -29.754  -5.762  -15.027 0.0000000000
77741  -30.606  -5.477  -16.095 0.0000000000
77735  -30.365  -6.084  -15.307 0.0000000000
77743  -32.241  -6.385  -16.153 0.0000000000
77744  -33.152  -6.584  -16.629 0.0000000000
76473  -32.819  -7.010  -16.124 0.0000000000
76468  -33.190  -7.800  -15.576 0.0000000000
75140  -33.777  -8.344  -15.533 0.0000000000
73834  -33.035  -10.104  -12.990 0.0000000000
72600  -33.484  -10.326  -12.980 0.0000000000
72596  -34.789  -10.896  -12.380 0.0000000000
72597  -35.833  -10.535  -12.552 0.0000000000
71295  -34.442  -11.816  -10.870 0.0000000000
96887  -31.642  10.390  -17.479 0.0000000000
99178  -33.259  12.375  -17.859 0.0000000000
100226  -33.559  13.492  -18.849 0.0000000000
101177  -34.530  14.516  -17.141 0.0000000000
95777  -34.229  10.114  -16.550 0.0000000000
98005  -34.965  11.398  -16.460 0.0000000000
88078  -29.238  1.927  -17.149 0.0000000000
88088  -29.654  2.423  -17.466 0.0000000000
89198  -30.143  3.160  -17.784 0.0000000000
89215  -31.370  3.826  -19.858 0.0000000000
89216  -32.161  3.681  -20.049 0.0000000000
89217  -32.802  3.462  -19.371 0.0000000000
88079  -34.659  2.415  -17.076 0.0000000000
89199  -34.120  3.082  -17.433 0.0000000000
91376  -34.901  5.350  -15.881 0.0000000000
77731  -35.690  -6.244  -15.010 0.0000000000
78829  -36.367  -5.070  -15.136 0.0000000000
78824  -36.016  -5.746  -14.768 0.0000000000
78825  -36.934  -5.537  -14.408 0.0000000000
69904  -29.992  -12.875  -9.747 0.0000000000
68564  -31.632  -13.954  -10.094 0.0000000000
75132  -30.509  -7.527  -13.594 0.0000000000
76453  -30.958  -7.491  -13.746 0.0000000000
76454  -31.264  -7.772  -13.698 0.0000000000
75123  -30.831  -8.002  -13.406 0.0000000000
73837  -31.104  -8.648  -13.059 0.0000000000
72593  -31.993  -10.472  -12.391 0.0000000000
72580  -32.509  -10.980  -12.037 0.0000000000
71308  -32.620  -11.609  -11.556 0.0000000000
96893  -31.988  9.919  -18.136 0.0000000000
96894  -32.513  10.071  -17.904 0.0000000000
96889  -33.477  10.693  -17.161 0.0000000000
95786  -33.612  9.618  -17.256 0.0000000000
94691  -33.750  8.512  -17.244 0.0000000000
83398  -30.837  -1.490  -16.885 0.0000000000
84643  -31.159  -0.956  -17.207 0.0000000000
84634  -30.758  -0.536  -16.909 0.0000000000
84635  -31.098  0.005  -17.349 0.0000000000
85858  -31.568  0.680  -18.305 0.0000000000
86998  -32.225  2.243  -19.328 0.0000000000
86990  -32.607  1.464  -19.041 0.0000000000
86991  -33.438  1.556  -18.794 0.0000000000
86992  -34.497  1.532  -18.240 0.0000000000
85862  -35.081  0.939  -18.371 0.0000000000
86982  -34.916  1.626  -18.028 0.0000000000
88080  -35.333  1.940  -16.984 0.0000000000
88066  -35.771  2.106  -16.105 0.0000000000
88067  -36.582  2.245  -15.346 0.0000000000
84627  -36.219  -0.247  -15.925 0.0000000000
75127  -37.875  -9.368  -14.228 0.0000000000
66170  -31.224  -15.765  -8.625 0.0000000000
79909  -30.937  -3.651  -16.931 0.0000000000
78833  -30.760  -4.941  -16.535 0.0000000000
79906  -30.925  -4.320  -16.962 0.0000000000
79914  -31.760  -3.332  -17.221 0.0000000000
81007  -33.817  -3.453  -16.650 0.0000000000
81001  -34.419  -3.465  -16.320 0.0000000000
79907  -34.422  -4.657  -16.578 0.0000000000
78835  -34.900  -5.474  -16.067 0.0000000000
77745  -34.121  -6.338  -16.613 0.0000000000
77746  -34.651  -6.268  -16.078 0.0000000000
77739  -35.087  -6.528  -15.595 0.0000000000
77740  -35.623  -7.095  -15.102 0.0000000000
76471  -36.286  -8.002  -15.258 0.0000000000
76472  -37.167  -8.482  -15.221 0.0000000000
75133  -32.104  -7.951  -14.195 0.0000000000
75134  -32.809  -8.367  -14.496 0.0000000000
73849  -34.501  -8.881  -15.436 0.0000000000
73845  -34.233  -9.238  -14.759 0.0000000000
73850  -35.227  -9.243  -15.410 0.0000000000
73851  -36.501  -9.850  -15.426 0.0000000000
73852  -37.698  -9.747  -15.392 0.0000000000
75145  -38.514  -9.226  -15.037 0.0000000000
72606  -38.299  -10.205  -14.390 0.0000000000
72599  -37.106  -10.161  -12.864 0.0000000000
72583  -36.421  -10.411  -11.866 0.0000000000
99166  -34.697  12.903  -16.951 0.0000000000
98020  -35.103  11.825  -16.483 0.0000000000
92515  -31.758  6.644  -19.761 0.0000000000
91422  -32.116  5.628  -19.917 0.0000000000
92505  -32.860  6.819  -19.158 0.0000000000
93593  -33.671  7.586  -16.819 0.0000000000
88106  -32.992  2.585  -19.316 0.0000000000
90290  -33.612  4.238  -18.241 0.0000000000
90291  -33.756  3.617  -17.737 0.0000000000
90277  -33.839  4.519  -17.938 0.0000000000
91400  -33.905  5.018  -18.017 0.0000000000
92495  -34.201  6.169  -17.448 0.0000000000
92480  -33.986  6.755  -17.302 0.0000000000
93581  -33.538  7.886  -16.271 0.0000000000
94671  -34.110  8.502  -15.230 0.0000000000
81002  -35.176  -3.431  -15.988 0.0000000000
80995  -35.924  -3.487  -15.751 0.0000000000
80996  -36.721  -3.511  -15.277 0.0000000000
80991  -36.895  -3.119  -14.755 0.0000000000
72560  -29.010  -10.779  -10.442 0.0000000000
71292  -30.612  -11.543  -10.624 0.0000000000
69921  -30.454  -12.422  -10.117 0.0000000000
71293  -31.503  -11.830  -10.839 0.0000000000
71294  -32.185  -11.886  -11.025 0.0000000000
69934  -32.749  -12.241  -11.049 0.0000000000
67386  -32.476  -13.888  -10.203 0.0000000000
68580  -32.654  -13.259  -10.251 0.0000000000
69935  -33.369  -12.239  -11.326 0.0000000000
69925  -34.067  -12.412  -11.086 0.0000000000
67385  -32.074  -14.147  -10.175 0.0000000000
72605  -37.590  -10.187  -13.921 0.0000000000
72607  -35.795  -10.216  -13.862 0.0000000000
72609  -37.341  -10.521  -14.425 0.0000000000
72610  -38.159  -10.545  -14.637 0.0000000000
72611  -38.766  -10.274  -14.744 0.0000000000
72612  -36.859  -10.489  -14.917 0.0000000000
72614  -38.416  -10.276  -15.162 0.0000000000
72615  -38.946  -10.029  -15.084 0.0000000000
73805  -36.068  -10.317  -10.890 0.0000000000
73842  -37.782  -9.855  -14.022 0.0000000000
73843  -38.568  -9.931  -14.445 0.0000000000
73848  -38.929  -9.848  -14.759 0.0000000000
73853  -38.456  -9.664  -15.217 0.0000000000
73854  -38.927  -9.586  -15.022 0.0000000000
75122  -30.076  -8.025  -13.185 0.0000000000
75128  -38.644  -9.690  -14.580 0.0000000000
75135  -33.566  -8.732  -14.809 0.0000000000
75137  -37.780  -8.798  -14.680 0.0000000000
75138  -38.593  -9.439  -14.723 0.0000000000
75144  -37.857  -9.003  -15.275 0.0000000000
75147  -34.452  -8.091  -16.184 0.0000000000
75148  -35.061  -8.147  -16.020 0.0000000000
76464  -37.535  -8.499  -15.011 0.0000000000
77724  -36.685  -7.080  -14.077 0.0000000000
77730  -30.172  -6.505  -14.440 0.0000000000
77738  -34.588  -6.749  -16.117 0.0000000000
77747  -31.617  -5.197  -16.847 0.0000000000
78823  -35.769  -5.830  -15.037 0.0000000000
78837  -31.816  -4.774  -17.257 0.0000000000
79913  -33.863  -4.023  -16.975 0.0000000000
79915  -32.041  -3.139  -17.226 0.0000000000
80997  -37.096  -3.554  -15.032 0.0000000000
81003  -31.383  -3.010  -16.594 0.0000000000
81004  -31.586  -3.230  -16.968 0.0000000000
81009  -31.793  -2.902  -16.866 0.0000000000
81010  -32.065  -2.915  -17.073 0.0000000000
82164  -36.862  -2.492  -14.687 0.0000000000
82183  -31.481  -2.329  -16.628 0.0000000000
82184  -31.780  -2.386  -16.831 0.0000000000
82185  -32.036  -2.674  -17.013 0.0000000000
83399  -33.871  -1.724  -16.742 0.0000000000
83402  -35.864  -1.269  -15.874 0.0000000000
84647  -34.374  -0.470  -17.531 0.0000000000
84648  -35.000  -0.350  -17.421 0.0000000000
85842  -30.727  0.270  -17.159 0.0000000000
85843  -35.488  0.011  -17.233 0.0000000000
85850  -30.278  0.864  -17.297 0.0000000000
86984  -36.123  1.086  -17.795 0.0000000000
86993  -35.139  1.346  -18.295 0.0000000000
86999  -32.906  2.090  -19.400 0.0000000000
88091  -35.045  1.900  -17.471 0.0000000000
88103  -31.236  3.282  -19.551 0.0000000000
89214  -30.862  3.748  -19.245 0.0000000000
90263  -34.684  4.535  -16.634 0.0000000000
90288  -29.697  4.643  -18.107 0.0000000000
92516  -32.497  6.351  -19.550 0.0000000000
93594  -34.083  6.811  -16.544 0.0000000000
93613  -32.857  7.269  -19.126 0.0000000000
94706  -32.485  8.587  -19.270 0.0000000000
95765  -33.891  8.818  -15.987 0.0000000000
95805  -32.976  9.201  -18.768 0.0000000000
96878  -32.789  11.310  -16.886 0.0000000000
98037  -33.842  12.300  -18.273 0.0000000000
98038  -33.971  12.065  -18.191 0.0000000000
