#!ascii label  , from subject sub.01.bl.02 vox2ras=TkReg
1118
71291  -29.716  -11.493  -10.282 0.5555555820
71306  -31.064  -11.171  -11.001 0.6666666865
72579  -31.842  -10.867  -11.803 0.7777777910
72580  -32.509  -10.980  -12.037 0.7777777910
73833  -32.386  -9.950  -12.933 0.8888888955
72602  -35.274  -10.397  -13.297 0.8888888955
69920  -29.499  -12.202  -9.949 0.5555555820
72577  -30.209  -10.283  -11.220 0.6666666865
73822  -30.927  -9.916  -11.902 0.8888888955
72594  -33.013  -10.653  -12.483 0.8888888955
73834  -33.035  -10.104  -12.990 0.8888888955
73845  -34.233  -9.238  -14.759 1.0000000000
73841  -35.355  -10.059  -13.869 0.8888888955
73851  -36.501  -9.850  -15.426 1.0000000000
73804  -29.738  -10.084  -11.201 0.7777777910
73836  -30.538  -8.387  -13.108 1.0000000000
76453  -30.958  -7.491  -13.746 1.0000000000
75124  -31.773  -8.218  -13.682 1.0000000000
75139  -33.017  -8.038  -15.270 1.0000000000
76454  -31.264  -7.772  -13.698 1.0000000000
75140  -33.777  -8.344  -15.533 1.0000000000
76467  -32.476  -7.403  -15.293 1.0000000000
76468  -33.190  -7.800  -15.576 1.0000000000
75146  -33.955  -7.913  -16.292 1.0000000000
76470  -35.327  -7.651  -15.699 1.0000000000
76474  -33.451  -7.404  -16.171 1.0000000000
76475  -34.329  -7.370  -16.320 1.0000000000
77740  -35.623  -7.095  -15.102 1.0000000000
78835  -34.900  -5.474  -16.067 1.0000000000
78828  -35.681  -5.634  -15.348 0.7777777910
76459  -30.082  -6.783  -13.936 0.8888888955
76461  -31.619  -7.521  -14.239 1.0000000000
76473  -32.819  -7.010  -16.124 1.0000000000
77736  -31.362  -6.393  -15.508 1.0000000000
77743  -32.241  -6.385  -16.153 1.0000000000
77750  -33.461  -6.065  -16.966 1.0000000000
78834  -34.283  -5.437  -16.603 1.0000000000
79907  -34.422  -4.657  -16.578 1.0000000000
79901  -35.810  -4.700  -15.674 1.0000000000
79908  -35.109  -4.219  -16.025 1.0000000000
79902  -36.566  -4.258  -15.425 0.7777777910
80996  -36.721  -3.511  -15.277 0.7777777910
78827  -29.809  -5.434  -15.449 0.5555555820
79909  -30.937  -3.651  -16.931 0.7777777910
78833  -30.760  -4.941  -16.535 0.8888888955
78838  -32.591  -4.946  -17.269 1.0000000000
77749  -32.831  -5.890  -17.024 1.0000000000
79910  -31.427  -3.861  -17.250 0.8888888955
79911  -32.169  -3.882  -17.448 1.0000000000
79912  -33.032  -4.090  -17.194 1.0000000000
81001  -34.419  -3.465  -16.320 1.0000000000
81002  -35.176  -3.431  -15.988 0.8888888955
82178  -35.205  -2.485  -16.053 1.0000000000
83390  -36.457  -1.250  -15.610 0.7777777910
83378  -36.976  -1.811  -14.897 0.6666666865
83391  -37.171  -1.208  -15.330 0.6666666865
80993  -28.926  -3.205  -15.280 0.4444444478
80998  -30.197  -3.233  -16.189 0.7777777910
82174  -29.755  -2.393  -16.160 0.6666666865
82179  -31.105  -2.164  -16.705 0.7777777910
81008  -31.611  -2.612  -16.647 0.8888888955
81005  -32.515  -3.057  -17.112 0.8888888955
81007  -33.817  -3.453  -16.650 1.0000000000
82182  -33.190  -2.252  -16.910 1.0000000000
82176  -33.688  -2.282  -16.542 1.0000000000
82177  -34.212  -2.326  -16.309 1.0000000000
83400  -34.660  -1.301  -16.726 0.8888888955
83401  -35.378  -1.303  -16.145 0.7777777910
84638  -35.747  -0.645  -16.121 0.7777777910
83379  -37.864  -1.273  -14.942 0.5555555820
84627  -36.219  -0.247  -15.925 0.7777777910
84628  -37.101  -0.365  -15.455 0.6666666865
83397  -30.147  -1.478  -16.465 0.6666666865
83388  -29.361  -1.484  -15.882 0.6666666865
83398  -30.837  -1.490  -16.885 0.7777777910
84643  -31.159  -0.956  -17.207 0.7777777910
82180  -31.640  -1.881  -16.944 0.8888888955
83409  -32.818  -1.353  -17.372 0.8888888955
83408  -32.019  -1.251  -17.353 1.0000000000
84646  -33.403  -0.686  -17.748 1.0000000000
83410  -33.630  -1.295  -17.281 1.0000000000
83411  -34.175  -1.257  -17.163 0.8888888955
85853  -35.248  0.231  -17.732 0.8888888955
85844  -35.831  0.185  -16.899 0.8888888955
85854  -35.971  0.749  -17.688 0.7777777910
86972  -36.255  1.005  -17.213 0.7777777910
85833  -36.383  0.476  -16.154 0.7777777910
85834  -36.874  0.651  -15.486 0.6666666865
84633  -29.630  -0.447  -16.240 0.6666666865
84634  -30.758  -0.536  -16.909 0.7777777910
84644  -31.581  -0.340  -17.709 0.8888888955
84652  -32.418  0.068  -18.303 1.0000000000
84645  -32.560  -0.654  -17.885 1.0000000000
85861  -34.174  0.498  -18.130 1.0000000000
85852  -34.657  0.074  -17.886 0.8888888955
86971  -35.994  1.613  -16.887 0.7777777910
88066  -35.771  2.106  -16.105 0.7777777910
88067  -36.582  2.245  -15.346 0.6666666865
86963  -37.069  1.422  -15.009 0.5555555820
85841  -30.143  0.325  -16.724 0.7777777910
85849  -29.733  0.977  -16.878 0.6666666865
84635  -31.098  0.005  -17.349 0.8888888955
85859  -32.209  0.778  -18.636 1.0000000000
85860  -33.046  0.659  -18.657 1.0000000000
86992  -34.497  1.532  -18.240 0.8888888955
85862  -35.081  0.939  -18.371 0.8888888955
88090  -34.494  2.048  -17.747 0.8888888955
86983  -35.587  1.434  -17.979 0.8888888955
89184  -34.940  2.689  -16.344 0.7777777910
90264  -35.012  3.688  -16.287 0.7777777910
89167  -35.447  3.238  -15.812 0.7777777910
89183  -34.557  3.435  -16.863 0.7777777910
90255  -35.894  3.671  -15.323 0.5555555820
89151  -36.431  3.171  -14.816 0.5555555820
90254  -35.292  4.503  -15.680 0.6666666865
88061  -28.264  1.785  -16.195 0.4444444478
86970  -29.221  1.494  -16.766 0.5555555820
86988  -30.914  1.935  -18.489 0.7777777910
86989  -31.711  1.701  -18.776 1.0000000000
86981  -31.108  1.285  -18.261 0.8888888955
86998  -32.225  2.243  -19.328 1.0000000000
87000  -33.288  2.166  -19.190 0.8888888955
88097  -33.459  2.472  -18.748 0.8888888955
88098  -33.882  2.128  -18.113 0.8888888955
89209  -33.374  2.887  -17.832 0.8888888955
89199  -34.120  3.082  -17.433 0.8888888955
90243  -35.535  4.981  -15.066 0.5555555820
90289  -30.330  4.550  -18.600 0.6666666865
89198  -30.143  3.160  -17.784 0.6666666865
89215  -31.370  3.826  -19.858 0.7777777910
88105  -32.516  2.807  -19.674 0.8888888955
89216  -32.161  3.681  -20.049 0.7777777910
89217  -32.802  3.462  -19.371 0.7777777910
90301  -33.205  4.599  -19.227 0.7777777910
89208  -33.147  3.531  -18.656 0.8888888955
91400  -33.905  5.018  -18.017 0.7777777910
90277  -33.839  4.519  -17.938 0.7777777910
90278  -34.102  4.240  -17.545 0.6666666865
92494  -33.904  6.273  -18.126 0.6666666865
92481  -34.325  6.151  -16.857 0.6666666865
91390  -34.607  5.448  -16.464 0.6666666865
90253  -34.833  4.957  -16.147 0.5555555820
93581  -33.538  7.886  -16.271 0.6666666865
93582  -33.929  7.394  -15.755 0.5555555820
92442  -34.749  6.812  -15.063 0.5555555820
91377  -35.272  5.589  -15.309 0.4444444478
93569  -34.345  7.623  -14.691 0.5555555820
139005  -28.841  7.043  -18.162 0.3333333433
139006  -29.027  6.473  -18.181 0.3333333433
91411  -30.249  5.983  -18.757 0.5555555820
90298  -30.883  4.766  -19.513 0.6666666865
92504  -30.596  6.692  -19.553 0.5555555820
90299  -31.693  4.728  -20.033 0.7777777910
91423  -32.842  5.487  -19.673 0.7777777910
92505  -32.860  6.819  -19.158 0.6666666865
91424  -33.243  5.572  -19.258 0.6666666865
92517  -32.969  6.098  -19.351 0.6666666865
92506  -33.287  6.262  -18.907 0.6666666865
93605  -33.712  7.551  -17.793 0.6666666865
94681  -33.703  8.393  -16.511 0.6666666865
94671  -34.110  8.502  -15.230 0.5555555820
95752  -34.724  9.298  -14.462 0.5555555820
94670  -33.625  8.232  -15.910 0.6666666865
93619  -29.785  7.730  -19.255 0.4444444478
93610  -28.643  7.725  -18.159 0.4444444478
93612  -30.126  7.088  -19.173 0.4444444478
94703  -29.840  8.403  -19.349 0.5555555820
92514  -31.002  6.891  -20.030 0.6666666865
92515  -31.758  6.644  -19.761 0.6666666865
93622  -32.409  7.487  -19.365 0.6666666865
94691  -33.750  8.512  -17.244 0.6666666865
95766  -34.439  9.562  -15.697 0.6666666865
96859  -35.132  10.264  -14.974 0.6666666865
95800  -29.456  9.022  -19.347 0.4444444478
94705  -31.674  8.428  -19.475 0.6666666865
94707  -33.031  8.735  -18.837 0.6666666865
93614  -33.197  7.475  -18.770 0.6666666865
93623  -32.824  8.097  -19.108 0.6666666865
95776  -33.916  9.194  -16.565 0.6666666865
73837  -31.104  -8.648  -13.059 1.0000000000
75125  -32.468  -8.761  -13.716 1.0000000000
73850  -35.227  -9.243  -15.410 1.0000000000
82171  -29.138  -2.367  -15.566 0.5555555820
84636  -34.860  -0.643  -17.188 0.8888888955
85840  -29.286  0.672  -16.337 0.5555555820
88077  -28.644  2.383  -16.779 0.5555555820
85851  -30.957  0.589  -17.754 0.7777777910
86990  -32.607  1.464  -19.041 1.0000000000
88079  -34.659  2.415  -17.076 0.8888888955
88076  -28.144  2.896  -16.323 0.2222222239
91376  -34.901  5.350  -15.881 0.6666666865
90300  -32.535  4.593  -19.870 0.7777777910
92463  -35.117  6.270  -15.248 0.4444444478
93621  -31.332  7.583  -19.711 0.6666666865
95803  -31.981  9.272  -19.256 0.6666666865
83387  -28.687  -1.462  -15.322 0.4444444478
84626  -28.782  -0.617  -15.616 0.4444444478
94687  -28.391  8.377  -17.989 0.2222222239
94695  -28.811  8.426  -18.753 0.3333333433
69904  -29.992  -12.875  -9.747 0.5555555820
68578  -31.130  -12.949  -10.158 0.5555555820
71292  -30.612  -11.543  -10.624 0.6666666865
71293  -31.503  -11.830  -10.839 0.5555555820
71294  -32.185  -11.886  -11.025 0.5555555820
71319  -34.180  -11.276  -12.281 0.7777777910
72596  -34.789  -10.896  -12.380 0.8888888955
69903  -29.161  -12.848  -9.738 0.5555555820
71308  -32.620  -11.609  -11.556 0.6666666865
71317  -33.069  -11.309  -12.025 0.6666666865
72595  -33.894  -10.870  -12.616 0.8888888955
72608  -36.456  -10.411  -14.257 0.7777777910
73852  -37.698  -9.747  -15.392 0.8888888955
69919  -28.819  -12.108  -9.786 0.4444444478
72560  -29.010  -10.779  -10.442 0.5555555820
75143  -36.957  -8.960  -15.620 1.0000000000
73820  -29.121  -8.962  -11.572 0.2222222239
75110  -29.535  -8.750  -11.897 0.6666666865
77732  -36.217  -6.802  -14.474 0.8888888955
78824  -36.016  -5.746  -14.768 0.6666666865
79903  -37.193  -4.003  -15.198 0.6666666865
75121  -29.708  -7.398  -13.244 0.5555555820
80992  -37.360  -3.576  -14.684 0.6666666865
77729  -29.678  -6.093  -14.202 0.4444444478
82165  -37.613  -2.589  -14.383 0.5555555820
79899  -28.808  -3.880  -14.967 0.2222222239
84618  -37.817  -0.417  -14.979 0.5555555820
82170  -28.593  -2.275  -15.011 0.4444444478
85821  -37.639  0.378  -14.875 0.5555555820
85815  -28.052  0.008  -15.061 0.3333333433
88049  -37.565  2.143  -14.285 0.5555555820
86969  -28.676  1.387  -16.290 0.4444444478
89152  -37.001  2.891  -14.286 0.4444444478
88060  -27.879  2.213  -15.741 0.3333333433
90229  -36.387  4.592  -13.497 0.5555555820
92444  -35.670  6.202  -13.803 0.4444444478
92490  -28.733  6.697  -17.771 0.3333333433
91409  -29.187  5.903  -18.245 0.3333333433
91399  -29.295  5.118  -17.983 0.4444444478
92420  -35.040  7.149  -14.276 0.4444444478
95744  -34.806  8.710  -13.848 0.4444444478
95753  -35.322  10.104  -14.047 0.2222222239
95791  -28.863  9.264  -19.199 0.3333333433
95802  -31.071  9.043  -19.141 0.6666666865
95804  -32.700  9.249  -18.945 0.6666666865
94697  -33.554  8.631  -18.147 0.6666666865
95786  -33.612  9.618  -17.256 0.6666666865
95787  -33.979  10.532  -16.970 0.6666666865
98005  -34.965  11.398  -16.460 0.6666666865
95777  -34.229  10.114  -16.550 0.6666666865
96868  -34.949  10.701  -15.974 0.6666666865
96869  -35.388  11.114  -15.177 0.4444444478
96860  -35.640  10.929  -14.348 0.3333333433
69921  -30.454  -12.422  -10.117 0.6666666865
69922  -31.295  -12.449  -10.427 0.6666666865
72562  -30.529  -10.797  -10.975 0.6666666865
71307  -31.678  -11.329  -11.302 0.7777777910
72578  -30.971  -10.478  -11.459 0.7777777910
72592  -31.385  -10.251  -12.004 0.8888888955
72593  -31.993  -10.472  -12.391 0.8888888955
73839  -33.294  -9.470  -13.608 1.0000000000
73838  -32.028  -9.086  -13.218 1.0000000000
73840  -34.683  -9.864  -13.840 1.0000000000
72601  -34.226  -10.381  -13.162 0.8888888955
71275  -28.315  -11.532  -9.654 0.4444444478
71290  -28.952  -11.462  -9.992 0.5555555820
72561  -29.802  -10.687  -10.813 0.6666666865
73821  -30.087  -9.495  -11.759 0.8888888955
73832  -31.262  -9.572  -12.494 0.8888888955
72600  -33.484  -10.326  -12.980 0.8888888955
73846  -35.535  -10.022  -14.622 1.0000000000
73844  -33.499  -8.915  -14.387 1.0000000000
73849  -34.501  -8.881  -15.436 1.0000000000
73847  -36.305  -10.371  -14.918 1.0000000000
75142  -35.785  -8.669  -15.867 1.0000000000
73803  -29.005  -9.894  -10.972 0.5555555820
73831  -30.416  -8.788  -12.691 0.8888888955
75123  -30.831  -8.002  -13.406 1.0000000000
75132  -30.509  -7.527  -13.594 0.8888888955
76460  -30.703  -6.916  -14.255 1.0000000000
75133  -32.104  -7.951  -14.195 1.0000000000
76462  -32.226  -7.819  -14.545 1.0000000000
75134  -32.809  -8.367  -14.496 1.0000000000
75141  -34.809  -8.564  -15.783 1.0000000000
76466  -31.419  -7.023  -15.017 1.0000000000
77737  -31.877  -6.794  -15.476 1.0000000000
76476  -34.816  -7.710  -16.107 1.0000000000
76471  -36.286  -8.002  -15.258 0.8888888955
76469  -34.783  -7.221  -15.926 1.0000000000
77745  -34.121  -6.338  -16.613 1.0000000000
77744  -33.152  -6.584  -16.629 1.0000000000
77746  -34.651  -6.268  -16.078 1.0000000000
77739  -35.087  -6.528  -15.595 1.0000000000
77731  -35.690  -6.244  -15.010 0.8888888955
78829  -36.367  -5.070  -15.136 0.7777777910
76465  -30.937  -6.603  -15.009 1.0000000000
75130  -29.950  -7.150  -13.548 0.6666666865
76458  -29.808  -6.756  -13.651 0.5555555820
77735  -30.365  -6.084  -15.307 0.8888888955
77748  -32.000  -5.583  -16.980 1.0000000000
78839  -33.608  -5.208  -16.994 1.0000000000
80995  -35.924  -3.487  -15.751 0.8888888955
80991  -36.895  -3.119  -14.755 0.6666666865
78826  -29.454  -5.169  -14.973 0.5555555820
77734  -29.754  -5.762  -15.027 0.5555555820
78831  -29.680  -4.817  -15.593 0.6666666865
78832  -30.100  -5.089  -16.077 0.6666666865
77741  -30.606  -5.477  -16.095 0.7777777910
79905  -30.481  -4.094  -16.523 0.7777777910
80999  -30.838  -3.108  -16.394 0.8888888955
79906  -30.925  -4.320  -16.962 0.8888888955
77742  -31.306  -5.585  -16.256 0.8888888955
78836  -31.291  -4.821  -16.910 1.0000000000
79914  -31.760  -3.332  -17.221 0.8888888955
81000  -33.696  -2.881  -16.470 1.0000000000
83389  -35.903  -1.916  -15.814 0.8888888955
82172  -35.914  -2.617  -15.786 0.7777777910
82173  -36.436  -2.529  -15.306 0.7777777910
80994  -29.554  -3.259  -15.743 0.5555555820
79904  -29.876  -4.129  -15.952 0.6666666865
82175  -30.470  -2.324  -16.524 0.7777777910
82181  -32.263  -2.116  -17.089 0.8888888955
81006  -33.332  -3.322  -16.870 1.0000000000
84637  -35.294  -0.456  -16.952 0.7777777910
83407  -31.382  -1.308  -17.109 0.8888888955
84654  -33.809  -0.186  -17.928 1.0000000000
86961  -36.080  1.679  -16.426 0.7777777910
86962  -36.396  1.395  -16.115 0.7777777910
84651  -31.925  0.255  -18.319 0.8888888955
84653  -33.240  -0.071  -18.165 1.0000000000
88080  -35.333  1.940  -16.984 0.7777777910
88048  -36.938  2.504  -14.730 0.5555555820
86980  -30.356  1.545  -17.923 0.6666666865
85858  -31.568  0.680  -18.305 0.8888888955
86991  -33.438  1.556  -18.794 1.0000000000
86982  -34.916  1.626  -18.028 0.8888888955
90291  -33.756  3.617  -17.737 0.8888888955
90244  -35.994  4.444  -14.629 0.5555555820
88078  -29.238  1.927  -17.149 0.5555555820
86979  -29.731  1.532  -17.263 0.5555555820
88095  -31.099  2.717  -19.033 0.7777777910
88089  -30.400  2.520  -18.246 0.7777777910
88106  -32.992  2.585  -19.316 0.8888888955
88096  -31.705  2.397  -19.240 0.7777777910
91360  -35.831  5.485  -13.846 0.5555555820
90275  -29.208  4.351  -17.612 0.5555555820
90276  -29.965  3.951  -17.936 0.5555555820
91410  -29.749  5.241  -18.346 0.4444444478
89207  -30.521  3.449  -18.446 0.6666666865
88088  -29.654  2.423  -17.466 0.7777777910
89197  -29.527  3.396  -17.469 0.6666666865
88104  -31.728  2.929  -19.706 0.7777777910
90290  -33.612  4.238  -18.241 0.7777777910
91412  -33.617  5.340  -18.719 0.6666666865
91401  -34.254  5.414  -17.319 0.6666666865
92495  -34.201  6.169  -17.448 0.6666666865
93593  -33.671  7.586  -16.819 0.6666666865
92480  -33.986  6.755  -17.302 0.6666666865
92462  -34.638  6.239  -15.901 0.5555555820
92443  -35.463  6.254  -14.538 0.4444444478
94660  -34.512  8.387  -14.324 0.5555555820
91421  -31.177  5.898  -19.753 0.6666666865
91422  -32.116  5.628  -19.917 0.7777777910
93620  -30.455  7.562  -19.615 0.5555555820
94704  -30.731  8.362  -19.482 0.6666666865
85830  -28.830  0.109  -15.908 0.4444444478
89180  -28.301  3.519  -16.645 0.3333333433
97993  -35.741  11.999  -14.684 0.3333333433
69902  -28.302  -12.493  -9.453 0.4444444478
68561  -28.811  -13.513  -9.153 0.5555555820
76472  -37.167  -8.482  -15.221 0.7777777910
72546  -28.443  -10.733  -9.946 0.4444444478
78830  -36.979  -4.678  -15.053 0.6666666865
75122  -30.076  -8.025  -13.185 0.7777777910
79900  -29.374  -4.139  -15.306 0.3333333433
79897  -29.017  -4.548  -14.817 0.3333333433
79896  -28.513  -4.208  -14.412 0.1111111119
80990  -28.459  -3.152  -14.750 0.1111111119
84625  -28.267  -0.588  -15.058 0.4444444478
85829  -28.152  0.302  -15.298 0.3333333433
85839  -28.630  0.757  -15.865 0.3333333433
90274  -28.471  4.418  -17.085 0.3333333433
98006  -35.342  11.713  -15.855 0.6666666865
67375  -33.105  -14.041  -9.593 0.4444444478
68531  -33.135  -13.500  -7.892 0.2222222239
68563  -30.930  -13.516  -9.843 0.4444444478
67373  -31.659  -14.553  -9.851 0.4444444478
68579  -31.825  -13.371  -10.241 0.4444444478
68565  -32.953  -13.797  -10.033 0.4444444478
69905  -33.582  -12.754  -9.869 0.4444444478
71260  -33.868  -12.181  -9.288 0.2222222239
69923  -32.235  -12.535  -10.604 0.4444444478
69924  -33.244  -12.723  -10.632 0.4444444478
71261  -34.048  -11.437  -8.816 0.1111111119
72487  -34.624  -10.747  -8.388 0.1111111119
69925  -34.067  -12.412  -11.086 0.4444444478
72548  -34.489  -11.446  -10.162 0.3333333433
69934  -32.749  -12.241  -11.049 0.4444444478
69935  -33.369  -12.239  -11.326 0.4444444478
71277  -34.311  -12.130  -10.406 0.3333333433
72563  -34.754  -11.168  -10.892 0.3333333433
72521  -34.417  -10.892  -9.350 0.2222222239
71310  -34.321  -11.671  -11.708 0.4444444478
71295  -34.442  -11.816  -10.870 0.3333333433
71309  -33.495  -11.820  -11.808 0.5555555820
69936  -33.857  -12.182  -11.585 0.4444444478
72565  -36.074  -10.423  -11.292 0.2222222239
73786  -35.919  -10.120  -10.358 0.1111111119
75081  -36.945  -9.363  -10.392 0.1111111119
72582  -35.610  -10.696  -11.769 0.3333333433
72583  -36.421  -10.411  -11.866 0.3333333433
72603  -36.194  -10.347  -13.352 0.4444444478
72604  -36.960  -10.438  -13.575 0.5555555820
72606  -38.299  -10.205  -14.390 0.6666666865
75112  -36.929  -9.020  -12.038 0.4444444478
75145  -38.514  -9.226  -15.037 0.6666666865
76450  -37.840  -7.163  -12.207 0.3333333433
75136  -37.045  -8.345  -14.360 0.6666666865
76456  -37.121  -7.190  -13.396 0.5555555820
76463  -36.872  -8.054  -14.606 0.6666666865
77725  -37.260  -6.457  -13.696 0.5555555820
77726  -37.811  -6.371  -13.252 0.5555555820
77719  -37.556  -6.771  -13.188 0.4444444478
78820  -38.098  -5.662  -13.269 0.3333333433
77733  -36.770  -6.436  -14.124 0.5555555820
80986  -37.936  -3.642  -14.042 0.4444444478
79894  -37.674  -4.858  -13.901 0.4444444478
95796  -33.092  9.629  -18.263 0.5555555820
96890  -34.201  11.151  -17.241 0.5555555820
96879  -34.543  10.950  -16.761 0.5555555820
99167  -35.119  12.376  -16.384 0.5555555820
67374  -32.634  -14.508  -9.851 0.4444444478
69861  -33.447  -12.849  -8.242 0.2222222239
72549  -35.066  -10.556  -10.035 0.2222222239
72584  -36.940  -10.307  -12.159 0.4444444478
73824  -37.152  -9.846  -11.810 0.3333333433
72598  -36.619  -10.378  -12.711 0.4444444478
75127  -37.875  -9.368  -14.228 0.6666666865
75118  -36.845  -8.774  -13.480 0.4444444478
79895  -38.259  -4.395  -13.343 0.3333333433
82155  -38.092  -2.987  -14.090 0.4444444478
84619  -38.434  -0.391  -14.401 0.4444444478
96889  -33.477  10.693  -17.161 0.5555555820
98031  -34.098  11.807  -17.802 0.5555555820
76432  -37.503  -8.183  -11.181 0.2222222239
98020  -35.103  11.825  -16.483 0.5555555820
66170  -31.224  -15.765  -8.625 0.4444444478
66171  -32.104  -15.732  -8.591 0.4444444478
68509  -32.779  -14.077  -7.601 0.2222222239
68510  -33.248  -13.412  -6.720 0.1111111119
67371  -29.730  -14.140  -8.871 0.4444444478
66181  -30.815  -15.173  -8.847 0.4444444478
69890  -33.821  -12.157  -8.484 0.1111111119
71229  -34.402  -11.539  -7.873 0.1111111119
69827  -33.527  -12.836  -7.450 0.1111111119
71230  -34.999  -10.854  -7.631 0.1111111119
72522  -35.090  -10.221  -8.962 0.1111111119
73757  -36.288  -9.339  -8.853 0.1111111119
75082  -37.151  -8.667  -9.465 0.1111111119
75097  -37.254  -9.100  -10.877 0.1111111119
77720  -38.057  -6.587  -12.771 0.1111111119
76442  -37.092  -7.839  -12.030 0.2222222239
80975  -38.648  -3.711  -12.888 0.2222222239
80987  -38.343  -3.611  -13.481 0.3333333433
82166  -38.290  -1.803  -14.257 0.4444444478
83380  -38.459  -1.197  -14.430 0.3333333433
85822  -38.269  0.603  -14.249 0.3333333433
89196  -28.876  3.503  -17.123 0.4444444478
89129  -36.643  3.633  -13.957 0.4444444478
93555  -35.118  7.424  -13.504 0.3333333433
99152  -35.367  12.709  -15.526 0.5555555820
95795  -32.323  9.693  -18.616 0.5555555820
96895  -32.996  10.215  -17.605 0.5555555820
99179  -34.423  12.677  -17.788 0.5555555820
99166  -34.697  12.903  -16.951 0.5555555820
96894  -32.513  10.071  -17.904 0.5555555820
68562  -29.889  -13.532  -9.415 0.4444444478
71318  -33.667  -11.340  -12.206 0.5555555820
72597  -35.833  -10.535  -12.552 0.6666666865
72613  -37.563  -10.453  -15.151 0.6666666865
78825  -36.934  -5.537  -14.408 0.5555555820
79898  -37.424  -4.391  -14.622 0.5555555820
86948  -37.802  1.198  -14.467 0.4444444478
94653  -34.918  8.240  -13.358 0.3333333433
72581  -34.946  -10.981  -11.551 0.3333333433
68548  -33.252  -13.750  -8.892 0.4444444478
68547  -33.023  -14.360  -8.931 0.3333333433
68566  -33.236  -13.413  -9.607 0.4444444478
67360  -33.013  -14.373  -9.299 0.4444444478
67372  -30.712  -14.409  -9.224 0.4444444478
66182  -31.473  -15.227  -9.188 0.4444444478
68564  -31.632  -13.954  -10.094 0.4444444478
66183  -32.216  -15.246  -9.519 0.4444444478
67386  -32.476  -13.888  -10.203 0.4444444478
68580  -32.654  -13.259  -10.251 0.4444444478
68581  -33.081  -13.171  -10.064 0.4444444478
69889  -33.529  -12.853  -9.069 0.4444444478
69906  -33.956  -12.580  -10.393 0.4444444478
71276  -34.136  -12.272  -9.896 0.4444444478
72520  -34.222  -11.688  -9.577 0.2222222239
72564  -35.504  -10.641  -10.964 0.3333333433
73823  -36.885  -10.220  -11.673 0.2222222239
73806  -36.703  -10.026  -10.963 0.1111111119
73787  -36.504  -9.483  -9.794 0.1111111119
72599  -37.106  -10.161  -12.864 0.4444444478
75119  -37.080  -9.402  -13.312 0.4444444478
73835  -37.196  -9.807  -13.024 0.4444444478
77711  -38.380  -6.615  -11.920 0.1111111119
76449  -37.305  -7.313  -12.806 0.4444444478
76455  -36.724  -7.646  -13.924 0.5555555820
75126  -37.044  -8.580  -14.090 0.5555555820
78819  -37.518  -5.624  -13.821 0.5555555820
82156  -38.484  -2.708  -13.628 0.4444444478
98019  -34.733  11.856  -17.080 0.5555555820
67359  -32.759  -14.888  -9.004 0.4444444478
73756  -35.751  -9.883  -9.439 0.1111111119
98030  -33.615  11.865  -17.781 0.5555555820
67339  -32.512  -14.842  -8.035 0.4444444478
68530  -32.891  -14.242  -8.416 0.4444444478
67358  -30.263  -14.782  -8.701 0.4444444478
69862  -33.934  -12.257  -7.679 0.1111111119
72488  -35.490  -10.177  -7.995 0.1111111119
60356  -30.100  -20.085  -4.290 0.1111111119
61634  -29.018  -19.141  -7.200 0.3333333433
61586  -29.932  -19.803  -5.075 0.2222222239
61565  -29.970  -19.928  -4.640 0.2222222239
61544  -30.467  -19.973  -3.700 0.1111111119
61566  -30.375  -19.517  -4.491 0.1111111119
65000  -27.677  -16.467  -7.341 0.3333333433
63918  -27.545  -17.157  -6.934 0.3333333433
63896  -27.993  -17.978  -6.938 0.3333333433
61636  -30.630  -19.468  -8.004 0.3333333433
60372  -30.180  -19.948  -6.521 0.2222222239
61588  -31.040  -19.048  -6.497 0.2222222239
61587  -30.537  -19.401  -5.688 0.2222222239
62730  -30.589  -18.919  -4.851 0.1111111119
62750  -30.732  -18.721  -5.243 0.2222222239
67354  -26.674  -14.839  -7.861 0.2222222239
66166  -27.270  -15.735  -7.668 0.2222222239
63919  -28.495  -17.543  -7.247 0.3333333433
62792  -29.217  -18.166  -7.669 0.3333333433
62751  -31.158  -18.456  -5.695 0.1111111119
67355  -27.565  -14.734  -8.203 0.2222222239
66167  -28.220  -15.463  -7.921 0.3333333433
67356  -28.566  -14.663  -8.465 0.3333333433
67357  -29.537  -14.816  -8.523 0.3333333433
66168  -29.298  -15.622  -8.013 0.3333333433
65002  -29.377  -16.631  -7.753 0.3333333433
65018  -30.144  -16.521  -8.119 0.3333333433
62810  -31.260  -17.818  -8.193 0.3333333433
63935  -30.744  -17.331  -8.328 0.3333333433
63921  -31.540  -17.458  -7.650 0.3333333433
63898  -31.523  -17.785  -7.015 0.3333333433
63874  -31.580  -17.628  -6.103 0.1111111119
64979  -31.706  -16.774  -6.731 0.2222222239
68545  -27.884  -13.712  -8.729 0.2222222239
68546  -28.562  -14.013  -8.788 0.3333333433
63936  -31.366  -17.054  -8.209 0.3333333433
65020  -31.554  -16.326  -8.298 0.3333333433
69901  -27.529  -12.634  -9.010 0.3333333433
68560  -28.103  -13.094  -9.137 0.3333333433
65021  -31.881  -16.220  -8.180 0.3333333433
66150  -32.218  -15.535  -7.565 0.3333333433
83369  -38.837  -1.247  -13.753 0.2222222239
83353  -39.155  -1.894  -13.009 0.2222222239
88050  -38.131  2.078  -13.783 0.2222222239
60406  -29.558  -19.616  -7.312 0.3333333433
66148  -27.998  -16.049  -7.546 0.3333333433
63934  -30.001  -17.472  -8.113 0.3333333433
62809  -30.689  -18.454  -8.306 0.3333333433
61637  -31.228  -19.137  -7.862 0.3333333433
67370  -29.029  -14.220  -8.774 0.3333333433
65004  -32.028  -16.096  -7.930 0.3333333433
60338  -29.448  -21.007  -4.142 0.1111111119
60339  -30.043  -20.600  -3.853 0.1111111119
63895  -27.319  -17.762  -6.529 0.3333333433
62771  -27.827  -18.622  -6.600 0.3333333433
60393  -28.542  -20.194  -6.600 0.3333333433
59183  -29.111  -20.618  -6.259 0.3333333433
60371  -29.712  -20.202  -5.816 0.3333333433
60326  -30.384  -21.012  -3.319 0.1111111119
64999  -26.992  -16.506  -7.109 0.3333333433
61545  -30.800  -19.268  -3.541 0.1111111119
62731  -30.930  -18.263  -4.633 0.1111111119
68544  -26.937  -13.925  -8.289 0.2222222239
63854  -31.422  -17.340  -4.950 0.1111111119
64955  -31.677  -16.691  -5.457 0.1111111119
66128  -31.763  -16.159  -5.881 0.1111111119
64980  -31.950  -16.151  -7.327 0.1111111119
84604  -39.041  -0.409  -13.827 0.2222222239
89130  -37.480  3.092  -13.678 0.2222222239
88028  -37.985  2.494  -13.680 0.2222222239
75117  -29.734  -8.514  -12.402 0.5555555820
85803  -39.094  0.447  -13.694 0.2222222239
61524  -30.570  -20.480  -3.300 0.1111111119
60355  -29.563  -20.384  -4.733 0.1111111119
61614  -28.439  -19.325  -6.784 0.3333333433
62791  -28.915  -18.434  -7.309 0.3333333433
63897  -28.487  -18.136  -7.093 0.3333333433
60405  -28.999  -19.758  -7.017 0.3333333433
60394  -29.500  -20.189  -6.787 0.3333333433
66147  -27.617  -16.073  -7.520 0.3333333433
65017  -27.090  -16.194  -7.393 0.2222222239
60407  -29.998  -19.542  -7.642 0.3333333433
60395  -30.134  -19.820  -7.241 0.3333333433
62808  -29.823  -18.277  -8.059 0.3333333433
61652  -30.567  -18.956  -8.178 0.3333333433
61615  -30.691  -19.554  -6.904 0.2222222239
62773  -31.380  -18.466  -6.751 0.2222222239
63920  -29.268  -17.477  -7.711 0.3333333433
65001  -28.599  -16.688  -7.471 0.3333333433
66169  -30.338  -15.581  -8.423 0.3333333433
62794  -31.341  -18.460  -7.724 0.3333333433
65019  -30.912  -16.464  -8.397 0.3333333433
65003  -31.779  -16.630  -7.802 0.3333333433
69888  -27.120  -13.145  -8.564 0.2222222239
63894  -26.640  -17.578  -6.202 0.2222222239
61613  -27.693  -19.506  -6.318 0.3333333433
64998  -26.431  -16.476  -7.069 0.2222222239
83370  -39.243  -1.189  -13.151 0.1111111119
84585  -39.643  -0.435  -12.156 0.1111111119
83354  -39.338  -1.192  -12.555 0.1111111119
85804  -39.647  0.356  -13.205 0.1111111119
85784  -40.048  0.516  -12.570 0.1111111119
86949  -38.374  1.439  -13.833 0.1111111119
86933  -39.759  0.878  -13.206 0.1111111119
86932  -39.247  1.474  -13.141 0.1111111119
91338  -36.221  5.370  -12.844 0.2222222239
88029  -38.531  2.221  -13.262 0.1111111119
93547  -35.856  6.992  -12.356 0.1111111119
92421  -35.511  6.756  -13.733 0.2222222239
94642  -35.320  8.429  -12.726 0.1111111119
92422  -35.762  6.231  -13.055 0.1111111119
94643  -35.616  7.918  -12.051 0.1111111119
95745  -35.317  9.259  -13.314 0.1111111119
96887  -31.642  10.390  -17.479 0.4444444478
96849  -35.993  10.635  -13.244 0.1111111119
99135  -35.671  13.160  -14.720 0.2222222239
99136  -36.276  12.803  -14.031 0.1111111119
97977  -36.785  11.906  -13.413 0.1111111119
99189  -34.012  12.569  -18.455 0.4444444478
100227  -34.135  13.487  -18.331 0.4444444478
100214  -34.430  13.612  -17.521 0.4444444478
100199  -34.535  13.775  -16.655 0.4444444478
101165  -34.626  14.564  -16.317 0.4444444478
100188  -34.631  13.957  -15.923 0.2222222239
102073  -35.424  15.507  -15.336 0.2222222239
101159  -35.303  14.604  -14.877 0.2222222239
102058  -35.758  15.178  -14.653 0.2222222239
101150  -36.468  14.487  -13.925 0.2222222239
106878  -35.339  20.351  -17.318 0.1111111119
105860  -36.560  19.363  -16.334 0.1111111119
102913  -37.327  15.733  -13.713 0.1111111119
96877  -32.288  11.053  -16.799 0.4444444478
98029  -33.060  11.765  -17.329 0.4444444478
96878  -32.789  11.310  -16.886 0.4444444478
99178  -33.259  12.375  -17.859 0.3333333433
99188  -33.536  12.757  -18.339 0.4444444478
101213  -33.751  14.333  -18.666 0.4444444478
102127  -34.064  15.324  -18.411 0.4444444478
101196  -34.287  14.438  -18.000 0.4444444478
101177  -34.530  14.516  -17.141 0.4444444478
102089  -34.809  15.259  -16.690 0.4444444478
102976  -33.795  16.245  -18.860 0.3333333433
102109  -35.090  15.911  -16.886 0.3333333433
102952  -35.428  16.636  -16.480 0.1111111119
102939  -35.573  16.314  -15.752 0.1111111119
103860  -35.864  17.065  -15.716 0.1111111119
102074  -35.983  15.750  -14.720 0.2222222239
102940  -36.054  16.450  -15.091 0.1111111119
104861  -36.635  17.977  -15.684 0.1111111119
98018  -32.491  11.803  -16.990 0.2222222239
101212  -33.250  14.242  -19.097 0.3333333433
102962  -34.489  16.317  -18.160 0.4444444478
103900  -34.269  17.260  -18.749 0.2222222239
103890  -35.227  17.338  -17.035 0.2222222239
104874  -35.109  18.316  -16.764 0.1111111119
104903  -33.958  18.361  -19.254 0.1111111119
104889  -34.597  18.290  -17.876 0.1111111119
105859  -35.619  19.288  -16.525 0.1111111119
105884  -34.252  19.270  -18.465 0.1111111119
105871  -34.741  19.387  -17.495 0.1111111119
105858  -34.996  19.107  -16.891 0.1111111119
100225  -32.902  13.570  -18.744 0.3333333433
101211  -32.329  14.334  -18.354 0.3333333433
102137  -32.626  14.709  -18.867 0.3333333433
102126  -33.279  15.211  -18.936 0.3333333433
103899  -33.660  16.942  -19.346 0.2222222239
104916  -33.522  17.937  -19.700 0.1111111119
106893  -34.037  20.095  -18.850 0.1111111119
106877  -34.533  20.194  -18.076 0.1111111119
108804  -34.151  22.119  -19.840 0.1111111119
100198  -31.989  13.821  -16.742 0.1111111119
101195  -31.960  14.615  -17.492 0.1111111119
102107  -32.007  14.992  -18.026 0.2222222239
102124  -30.813  16.273  -18.483 0.2222222239
102125  -32.320  15.348  -18.569 0.3333333433
102974  -31.678  16.602  -19.001 0.2222222239
102988  -32.000  17.090  -19.693 0.2222222239
103912  -32.383  17.695  -20.131 0.1111111119
103923  -31.991  18.105  -20.392 0.1111111119
104914  -32.426  18.198  -20.438 0.1111111119
104915  -33.115  18.453  -20.241 0.1111111119
106892  -33.771  20.114  -19.647 0.1111111119
107873  -33.708  21.024  -19.884 0.1111111119
107861  -34.295  20.946  -18.591 0.1111111119
107848  -35.728  21.537  -17.934 0.1111111119
106879  -36.412  20.746  -17.191 0.1111111119
101194  -31.404  15.180  -17.139 0.1111111119
102088  -31.437  15.507  -16.498 0.1111111119
102950  -29.999  16.438  -17.413 0.1111111119
103888  -30.031  17.691  -17.894 0.1111111119
103887  -29.774  17.487  -18.446 0.1111111119
103898  -30.966  17.452  -19.296 0.2222222239
104912  -30.569  18.387  -19.453 0.1111111119
103910  -30.799  18.105  -19.627 0.1111111119
105895  -31.005  19.379  -19.959 0.1111111119
104923  -32.150  18.726  -20.634 0.1111111119
105902  -31.647  19.729  -20.888 0.1111111119
105904  -32.943  19.493  -20.628 0.1111111119
102937  -31.387  16.498  -15.982 0.1111111119
103858  -31.329  17.428  -16.125 0.1111111119
104888  -30.604  18.421  -17.761 0.1111111119
104887  -30.073  18.025  -18.210 0.1111111119
104901  -30.613  18.930  -18.317 0.1111111119
104859  -31.636  18.508  -15.836 0.1111111119
104860  -31.955  18.785  -14.955 0.1111111119
105843  -31.590  19.045  -16.340 0.1111111119
84605  -39.443  -0.405  -13.164 0.1111111119
89113  -37.871  3.573  -12.971 0.1111111119
89131  -38.149  2.923  -13.318 0.1111111119
90230  -37.093  3.984  -13.191 0.1111111119
95735  -35.669  8.892  -12.458 0.1111111119
96893  -31.988  9.919  -18.136 0.4444444478
100200  -34.833  13.209  -16.090 0.4444444478
100189  -34.990  13.704  -15.219 0.3333333433
100175  -35.487  13.951  -14.588 0.2222222239
100176  -36.060  13.777  -14.214 0.1111111119
100165  -36.677  13.706  -13.768 0.1111111119
102926  -36.434  16.121  -14.511 0.2222222239
103876  -35.634  17.599  -16.268 0.1111111119
104875  -36.247  18.447  -16.089 0.1111111119
104862  -37.353  18.330  -15.545 0.1111111119
102123  -29.698  16.399  -18.847 0.2222222239
103911  -31.361  17.854  -19.898 0.1111111119
103875  -30.533  17.373  -17.251 0.1111111119
105881  -30.628  18.871  -19.363 0.1111111119
105856  -31.338  19.234  -17.016 0.1111111119
84566  -39.674  -0.550  -11.207 0.1111111119
96836  -35.948  9.650  -12.548 0.1111111119
96888  -32.932  10.705  -17.004 0.4444444478
100226  -33.559  13.492  -18.849 0.4444444478
102108  -34.647  15.456  -17.554 0.4444444478
102963  -35.003  16.471  -17.344 0.2222222239
102070  -31.160  15.917  -16.317 0.1111111119
102057  -32.455  16.091  -14.790 0.1111111119
103859  -31.699  17.943  -15.213 0.1111111119
104872  -31.157  18.339  -16.713 0.1111111119
82141  -39.105  -2.867  -12.563 0.1111111119
83332  -39.107  -2.008  -12.100 0.1111111119
83333  -39.338  -1.250  -11.658 0.1111111119
85744  -39.988  0.140  -10.787 0.1111111119
84551  -39.666  -0.614  -10.195 0.1111111119
85785  -40.295  0.722  -11.899 0.1111111119
86913  -39.940  1.518  -12.737 0.1111111119
88005  -40.008  1.994  -12.173 0.1111111119
88004  -39.346  2.231  -12.450 0.1111111119
90218  -37.549  4.392  -12.536 0.1111111119
90219  -38.278  3.921  -12.268 0.1111111119
89114  -38.509  2.990  -12.635 0.1111111119
91316  -37.289  5.368  -12.049 0.1111111119
92395  -36.875  6.413  -11.755 0.1111111119
94636  -36.463  8.169  -11.372 0.1111111119
95794  -31.478  9.652  -18.520 0.4444444478
95736  -36.357  8.983  -11.983 0.1111111119
96837  -36.756  10.227  -12.176 0.1111111119
100166  -37.407  13.701  -13.619 0.1111111119
97978  -37.878  11.983  -13.137 0.1111111119
102051  -38.928  15.457  -13.796 0.1111111119
102928  -38.010  16.652  -13.990 0.1111111119
98017  -31.649  11.572  -16.979 0.2222222239
99177  -32.734  12.484  -17.521 0.2222222239
100213  -32.439  13.470  -17.729 0.2222222239
105845  -38.113  18.941  -15.869 0.1111111119
106880  -37.430  20.717  -17.191 0.1111111119
107849  -36.938  21.371  -17.789 0.1111111119
99151  -31.907  13.431  -16.255 0.1111111119
100187  -32.084  14.027  -15.512 0.1111111119
102071  -31.872  15.849  -15.799 0.1111111119
101164  -32.468  15.156  -15.291 0.1111111119
107862  -35.877  22.107  -18.516 0.1111111119
102925  -32.526  16.972  -14.134 0.1111111119
105912  -31.788  20.344  -21.381 0.1111111119
106917  -32.460  20.904  -21.738 0.1111111119
108814  -33.563  21.908  -21.000 0.1111111119
108815  -34.431  22.869  -21.424 0.1111111119
103842  -32.275  18.007  -14.353 0.1111111119
106890  -31.636  20.102  -18.249 0.1111111119
107871  -31.696  21.161  -20.372 0.1111111119
105857  -31.768  19.602  -16.443 0.1111111119
97976  -36.040  11.523  -13.903 0.1111111119
93546  -35.249  7.663  -12.735 0.2222222239
86912  -39.546  1.725  -12.796 0.1111111119
92405  -36.636  6.089  -12.156 0.1111111119
96850  -36.677  11.057  -12.770 0.1111111119
99122  -36.949  13.000  -13.629 0.1111111119
99123  -37.633  12.858  -13.450 0.1111111119
102090  -35.214  15.810  -16.199 0.2222222239
102072  -34.899  15.193  -15.995 0.2222222239
102059  -36.426  15.366  -14.195 0.2222222239
102048  -36.849  15.030  -13.720 0.1111111119
107847  -34.829  21.066  -17.989 0.1111111119
104876  -36.939  18.856  -16.086 0.1111111119
106863  -35.565  19.829  -16.865 0.1111111119
106865  -36.973  20.090  -16.663 0.1111111119
105861  -37.500  19.330  -16.219 0.1111111119
102915  -38.423  16.014  -13.688 0.1111111119
102049  -37.435  15.219  -13.560 0.1111111119
103844  -37.371  17.236  -14.553 0.2222222239
103861  -36.646  17.454  -15.205 0.2222222239
101222  -32.955  14.184  -19.237 0.3333333433
103889  -34.772  17.233  -17.759 0.2222222239
104873  -34.789  18.774  -17.208 0.1111111119
99187  -32.983  12.988  -18.085 0.3333333433
102138  -32.849  14.634  -19.050 0.3333333433
102975  -32.819  16.488  -19.282 0.2222222239
103913  -33.158  17.425  -19.777 0.1111111119
104902  -33.626  18.868  -19.750 0.1111111119
107860  -33.908  20.711  -19.200 0.1111111119
108794  -34.481  21.683  -18.792 0.1111111119
108795  -35.161  22.285  -18.801 0.1111111119
101176  -31.975  14.939  -16.467 0.1111111119
102106  -31.069  15.533  -17.879 0.1111111119
102105  -29.586  16.121  -18.633 0.1111111119
102989  -32.588  17.176  -19.730 0.2222222239
103922  -31.719  18.332  -20.354 0.1111111119
104924  -32.658  19.022  -20.723 0.1111111119
105896  -33.523  19.384  -20.074 0.1111111119
108803  -33.605  21.571  -20.314 0.1111111119
106903  -33.345  20.228  -20.387 0.1111111119
102087  -30.682  15.579  -16.965 0.1111111119
101175  -31.383  15.296  -16.791 0.1111111119
102951  -30.777  16.493  -16.644 0.1111111119
102086  -29.827  15.774  -17.782 0.1111111119
103874  -29.691  17.128  -17.791 0.1111111119
104900  -30.347  18.413  -18.724 0.1111111119
102972  -29.682  16.762  -18.775 0.1111111119
103897  -30.483  17.678  -19.147 0.1111111119
105894  -30.728  18.774  -19.691 0.1111111119
104913  -30.899  18.511  -19.907 0.1111111119
104922  -31.425  18.726  -20.321 0.1111111119
106908  -31.482  20.464  -20.612 0.1111111119
105903  -32.295  19.649  -20.947 0.1111111119
106909  -32.197  20.209  -21.321 0.1111111119
106910  -32.604  20.458  -21.113 0.1111111119
102938  -31.896  16.951  -15.158 0.1111111119
105870  -31.070  19.352  -17.910 0.1111111119
105882  -30.911  19.369  -18.872 0.1111111119
85764  -40.036  0.192  -11.679 0.1111111119
90217  -36.774  4.767  -12.643 0.1111111119
101151  -37.099  14.443  -13.624 0.1111111119
104847  -37.668  17.836  -14.924 0.1111111119
104863  -38.458  18.362  -15.444 0.1111111119
106915  -31.548  20.753  -21.538 0.1111111119
106875  -31.682  19.929  -17.287 0.1111111119
85765  -40.281  0.805  -11.277 0.1111111119
92406  -37.086  5.866  -11.940 0.1111111119
93539  -36.602  6.966  -11.409 0.1111111119
101152  -37.840  14.489  -13.577 0.1111111119
103845  -38.356  17.522  -14.684 0.1111111119
105862  -38.647  19.424  -16.549 0.1111111119
99150  -31.629  13.151  -15.891 0.1111111119
106866  -37.818  20.089  -16.693 0.1111111119
106916  -32.007  20.718  -21.883 0.1111111119
107892  -32.955  21.285  -21.688 0.1111111119
106901  -31.647  20.496  -19.460 0.1111111119
106902  -32.348  21.108  -19.178 0.1111111119
60392  -27.811  -20.382  -6.059 0.2222222239
76447  -28.792  -7.079  -12.405 0.2222222239
77722  -29.121  -5.968  -13.040 0.2222222239
75116  -29.399  -7.752  -12.742 0.3333333433
76451  -29.537  -7.091  -13.154 0.4444444478
95793  -30.477  9.422  -18.687 0.3333333433
95783  -29.171  9.672  -18.546 0.2222222239
98027  -30.555  11.173  -17.415 0.1111111119
98028  -30.979  11.240  -17.511 0.2222222239
91387  -28.080  5.326  -16.929 0.2222222239
75109  -29.117  -8.124  -11.933 0.2222222239
90260  -27.882  4.388  -16.530 0.1111111119
93601  -28.382  7.646  -17.475 0.1111111119
94686  -28.225  8.128  -17.234 0.1111111119
96885  -29.653  9.968  -17.852 0.1111111119
96875  -29.941  10.717  -17.095 0.1111111119
98016  -30.660  11.502  -16.899 0.1111111119
95792  -29.618  9.418  -18.963 0.2222222239
95781  -28.432  8.829  -17.688 0.1111111119
73785  -28.536  -10.282  -10.365 0.2222222239
73819  -28.793  -8.506  -11.504 0.2222222239
95782  -28.542  9.172  -18.375 0.1111111119
82163  -28.152  -2.103  -14.421 0.1111111119
83376  -27.819  -1.091  -14.320 0.3333333433
95785  -30.774  9.851  -18.035 0.3333333433
96886  -30.455  10.585  -17.680 0.1111111119
76440  -28.682  -7.565  -11.802 0.2222222239
96884  -28.908  9.600  -17.972 0.1111111119
95784  -29.984  9.797  -18.305 0.1111111119
95770  -28.420  8.478  -17.031 0.1111111119
96873  -28.687  9.256  -17.511 0.1111111119
95771  -28.964  9.214  -17.043 0.1111111119
96874  -29.324  9.750  -17.430 0.1111111119
96883  -28.565  9.275  -17.910 0.1111111119
76416  -37.573  -8.255  -10.300 0.1111111119
61585  -27.333  -19.869  -5.785 0.1111111119
59182  -28.454  -20.875  -6.037 0.1111111119
59165  -28.379  -20.996  -5.254 0.1111111119
62747  -25.674  -19.290  -5.210 0.1111111119
62769  -26.225  -18.309  -5.628 0.1111111119
62770  -27.053  -18.560  -6.096 0.1111111119
63916  -26.265  -16.860  -6.591 0.1111111119
63933  -26.098  -16.390  -7.085 0.1111111119
63917  -26.847  -16.962  -6.683 0.1111111119
73783  -27.523  -10.424  -9.411 0.1111111119
77718  -28.484  -6.079  -12.610 0.1111111119
85828  -27.552  0.503  -15.167 0.2222222239
86957  -28.194  1.251  -15.767 0.2222222239
88041  -27.588  1.436  -15.197 0.2222222239
88040  -27.498  1.844  -14.749 0.2222222239
62748  -26.107  -19.088  -5.306 0.1111111119
78818  -28.986  -5.473  -13.646 0.1111111119
77723  -29.294  -5.724  -13.803 0.1111111119
61582  -25.234  -19.565  -5.210 0.1111111119
60370  -27.373  -20.388  -5.272 0.1111111119
59164  -27.798  -20.981  -4.939 0.1111111119
61633  -24.685  -18.523  -5.474 0.1111111119
62789  -25.390  -18.058  -5.512 0.1111111119
63915  -25.857  -17.054  -6.099 0.1111111119
65014  -25.720  -16.161  -7.133 0.1111111119
65015  -26.098  -16.107  -7.326 0.1111111119
66165  -26.328  -15.597  -7.548 0.1111111119
73784  -28.066  -9.675  -9.929 0.1111111119
75108  -28.546  -8.036  -11.404 0.1111111119
86941  -27.251  0.772  -15.038 0.2222222239
88059  -27.657  2.699  -15.265 0.2222222239
89163  -27.590  3.379  -15.606 0.1111111119
59166  -29.024  -20.755  -5.503 0.1111111119
60354  -27.175  -20.858  -4.691 0.1111111119
89179  -27.804  3.444  -16.165 0.1111111119
85814  -27.391  0.028  -15.032 0.2222222239
78822  -29.065  -5.210  -14.269 0.1111111119
68543  -26.253  -14.039  -7.822 0.1111111119
72544  -27.088  -10.978  -9.334 0.1111111119
72545  -27.856  -10.812  -9.501 0.1111111119
61612  -27.074  -19.316  -5.853 0.1111111119
59181  -27.921  -20.837  -5.589 0.1111111119
61584  -26.723  -19.638  -5.332 0.1111111119
61583  -25.936  -19.625  -4.938 0.1111111119
62790  -26.117  -17.471  -5.944 0.1111111119
73750  -27.264  -10.277  -8.889 0.1111111119
88039  -26.978  1.113  -14.496 0.1111111119
63914  -25.404  -17.277  -5.602 0.1111111119
65013  -25.549  -16.248  -6.666 0.1111111119
89142  -27.493  3.343  -14.499 0.1111111119
90250  -27.374  4.238  -15.440 0.1111111119
92476  -28.308  5.973  -17.274 0.1111111119
84613  -27.238  -0.445  -14.449 0.1111111119
91386  -27.514  5.298  -16.264 0.1111111119
92475  -27.908  6.399  -16.778 0.1111111119
92489  -28.280  7.098  -17.125 0.1111111119
61616  -31.160  -19.110  -7.323 0.3333333433
61635  -29.659  -18.981  -7.743 0.3333333433
61651  -30.280  -18.862  -8.119 0.3333333433
62749  -26.605  -18.982  -5.671 0.1111111119
62768  -25.508  -18.891  -5.379 0.1111111119
62772  -28.473  -18.606  -6.957 0.3333333433
62793  -31.150  -18.986  -8.189 0.3333333433
63932  -25.892  -16.526  -6.770 0.1111111119
65016  -26.635  -16.117  -7.394 0.2222222239
66149  -28.712  -16.047  -7.643 0.3333333433
67385  -32.074  -14.147  -10.175 0.4444444478
72547  -34.360  -11.913  -9.990 0.3333333433
72605  -37.590  -10.187  -13.921 0.6666666865
72607  -35.795  -10.216  -13.862 0.8888888955
72609  -37.341  -10.521  -14.425 0.6666666865
72610  -38.159  -10.545  -14.637 0.6666666865
72611  -38.766  -10.274  -14.744 0.6666666865
72612  -36.859  -10.489  -14.917 1.0000000000
72614  -38.416  -10.276  -15.162 0.6666666865
72615  -38.946  -10.029  -15.084 0.6666666865
73805  -36.068  -10.317  -10.890 0.2222222239
73807  -37.123  -9.676  -11.099 0.3333333433
73842  -37.782  -9.855  -14.022 0.6666666865
73843  -38.568  -9.931  -14.445 0.6666666865
73848  -38.929  -9.848  -14.759 0.6666666865
73853  -38.456  -9.664  -15.217 0.6666666865
73854  -38.927  -9.586  -15.022 0.6666666865
75096  -37.099  -9.587  -10.805 0.1111111119
75111  -36.677  -8.678  -12.659 0.4444444478
75120  -29.771  -7.190  -13.350 0.4444444478
75128  -38.644  -9.690  -14.580 0.6666666865
75129  -29.916  -6.982  -13.697 0.6666666865
75131  -30.168  -7.291  -13.609 0.6666666865
75135  -33.566  -8.732  -14.809 1.0000000000
75137  -37.780  -8.798  -14.680 0.6666666865
75138  -38.593  -9.439  -14.723 0.6666666865
75144  -37.857  -9.003  -15.275 0.7777777910
75147  -34.452  -8.091  -16.184 1.0000000000
75148  -35.061  -8.147  -16.020 1.0000000000
76441  -36.720  -8.036  -12.814 0.3333333433
76448  -36.704  -7.873  -13.406 0.5555555820
76452  -29.315  -7.059  -12.963 0.4444444478
76457  -29.711  -7.029  -13.377 0.4444444478
76464  -37.535  -8.499  -15.011 0.7777777910
77721  -29.368  -6.677  -12.993 0.4444444478
77724  -36.685  -7.080  -14.077 0.5555555820
77727  -29.568  -6.865  -13.252 0.4444444478
77728  -29.574  -6.607  -13.430 0.5555555820
77730  -30.172  -6.505  -14.440 0.8888888955
77738  -34.588  -6.749  -16.117 1.0000000000
77747  -31.617  -5.197  -16.847 1.0000000000
78823  -35.769  -5.830  -15.037 0.8888888955
78837  -31.816  -4.774  -17.257 1.0000000000
79913  -33.863  -4.023  -16.975 1.0000000000
79915  -32.041  -3.139  -17.226 0.8888888955
80997  -37.096  -3.554  -15.032 0.6666666865
81003  -31.383  -3.010  -16.594 0.8888888955
81004  -31.586  -3.230  -16.968 0.8888888955
81009  -31.793  -2.902  -16.866 0.8888888955
81010  -32.065  -2.915  -17.073 0.8888888955
82164  -36.862  -2.492  -14.687 0.6666666865
82183  -31.481  -2.329  -16.628 0.7777777910
82184  -31.780  -2.386  -16.831 0.8888888955
82185  -32.036  -2.674  -17.013 0.8888888955
83377  -28.252  -1.310  -14.746 0.3333333433
83399  -33.871  -1.724  -16.742 0.8888888955
83402  -35.864  -1.269  -15.874 0.7777777910
84647  -34.374  -0.470  -17.531 0.8888888955
84648  -35.000  -0.350  -17.421 0.8888888955
85842  -30.727  0.270  -17.159 0.8888888955
85843  -35.488  0.011  -17.233 0.8888888955
85850  -30.278  0.864  -17.297 0.7777777910
86956  -27.701  1.051  -15.380 0.2222222239
86984  -36.123  1.086  -17.795 0.7777777910
86993  -35.139  1.346  -18.295 0.8888888955
86999  -32.906  2.090  -19.400 0.8888888955
88068  -37.061  2.089  -14.862 0.5555555820
88087  -29.175  2.928  -17.190 0.6666666865
88091  -35.045  1.900  -17.471 0.7777777910
88103  -31.236  3.282  -19.551 0.7777777910
89162  -27.538  3.315  -15.075 0.1111111119
89168  -36.035  2.885  -15.480 0.6666666865
89214  -30.862  3.748  -19.245 0.7777777910
90263  -34.684  4.535  -16.634 0.5555555820
90288  -29.697  4.643  -18.107 0.5555555820
91315  -36.652  5.360  -12.326 0.1111111119
91359  -35.618  5.360  -14.676 0.5555555820
91398  -28.674  5.394  -17.620 0.4444444478
92516  -32.497  6.351  -19.550 0.6666666865
93554  -34.696  7.828  -13.963 0.3333333433
93556  -35.488  7.015  -13.060 0.2222222239
93594  -34.083  6.811  -16.544 0.5555555820
93611  -29.497  7.369  -18.442 0.3333333433
93613  -32.857  7.269  -19.126 0.6666666865
94652  -34.721  8.296  -13.868 0.3333333433
94696  -29.372  8.170  -19.091 0.3333333433
94702  -29.175  8.699  -19.288 0.3333333433
94706  -32.485  8.587  -19.270 0.6666666865
95727  -36.957  8.655  -11.540 0.1111111119
95765  -33.891  8.818  -15.987 0.6666666865
95801  -30.151  8.966  -19.183 0.4444444478
95805  -32.976  9.201  -18.768 0.6666666865
96876  -30.334  11.071  -17.327 0.1111111119
97994  -36.182  12.066  -13.975 0.1111111119
98037  -33.842  12.300  -18.273 0.4444444478
98038  -33.971  12.065  -18.191 0.4444444478
100237  -32.903  13.945  -19.168 0.3333333433
100238  -33.140  13.848  -19.143 0.3333333433
101160  -35.884  14.564  -14.369 0.2222222239
101166  -34.877  14.606  -15.562 0.2222222239
101191  -28.662  15.778  -18.980 0.1111111119
101192  -28.973  15.913  -19.051 0.1111111119
101193  -29.256  16.130  -19.027 0.1111111119
101208  -28.697  15.896  -19.131 0.1111111119
101209  -28.944  16.067  -19.326 0.1111111119
101210  -29.367  16.338  -19.085 0.2222222239
101221  -32.706  14.352  -18.949 0.3333333433
102050  -38.198  15.289  -13.539 0.1111111119
102060  -37.016  15.529  -13.798 0.1111111119
102103  -28.458  15.930  -19.040 0.1111111119
102104  -28.791  15.985  -18.970 0.1111111119
102121  -28.729  16.129  -19.126 0.1111111119
102122  -29.129  16.349  -19.046 0.1111111119
102914  -37.751  15.905  -13.621 0.1111111119
102927  -37.126  16.180  -14.095 0.1111111119
102959  -28.609  16.112  -18.993 0.1111111119
102960  -29.079  16.297  -18.814 0.1111111119
102961  -29.311  16.518  -18.310 0.1111111119
102970  -28.618  16.176  -18.916 0.1111111119
102971  -28.929  16.399  -18.894 0.1111111119
102973  -30.651  16.957  -18.893 0.2222222239
102987  -31.343  17.216  -19.345 0.2222222239
103843  -36.682  16.740  -14.621 0.2222222239
103862  -37.270  17.732  -15.046 0.2222222239
103863  -39.003  17.747  -15.198 0.1111111119
103877  -36.208  17.714  -15.793 0.1111111119
103914  -33.777  17.566  -19.428 0.2222222239
104848  -37.966  18.124  -15.039 0.1111111119
104890  -34.888  17.775  -17.329 0.1111111119
105872  -35.248  19.601  -17.003 0.1111111119
105883  -33.835  19.338  -19.334 0.1111111119
105913  -31.958  20.103  -21.305 0.1111111119
106861  -31.739  19.794  -16.777 0.1111111119
106864  -36.048  20.027  -16.682 0.1111111119
107874  -34.064  21.330  -19.220 0.1111111119
107882  -33.280  21.074  -20.726 0.1111111119
107891  -32.445  21.165  -22.202 0.1111111119
108784  -34.609  21.373  -18.377 0.1111111119
108785  -34.872  21.712  -18.239 0.1111111119
108796  -36.118  22.448  -19.100 0.1111111119
139004  -28.957  6.400  -18.166 0.3333333433
