#!ascii label  , from subject sub.01.bl.02 vox2ras=TkReg
400
13234  -43.178  -65.277  6.015 0.0000000000
11581  -41.436  -67.439  2.970 0.0000000000
15833  -46.839  -62.500  6.234 0.0000000000
11568  -44.663  -67.832  3.882 0.0000000000
15900  -46.456  -62.802  1.498 0.0000000000
15782  -42.803  -61.914  10.524 0.0000000000
18666  -42.690  -59.913  7.723 0.0000000000
19562  -37.951  -58.574  12.622 0.0000000000
16792  -46.274  -61.171  4.399 0.0000000000
15853  -47.285  -62.440  4.209 0.0000000000
16794  -49.039  -61.595  2.822 0.0000000000
17668  -43.975  -60.178  9.736 0.0000000000
19616  -42.732  -58.166  11.042 0.0000000000
21498  -36.637  -56.507  11.066 0.0000000000
20608  -38.411  -57.553  8.332 0.0000000000
10733  -42.587  -69.195  4.990 0.0000000000
11583  -43.247  -67.645  3.257 0.0000000000
9146  -43.164  -70.704  2.393 0.0000000000
9143  -41.265  -70.323  1.315 0.0000000000
14067  -46.028  -64.037  7.070 0.0000000000
12409  -44.837  -66.896  5.396 0.0000000000
14130  -44.789  -64.979  3.196 0.0000000000
14151  -43.587  -64.467  2.069 0.0000000000
15798  -45.260  -61.902  8.513 0.0000000000
17711  -45.215  -61.027  7.159 0.0000000000
17719  -43.350  -60.405  5.614 0.0000000000
20514  -41.476  -57.495  12.458 0.0000000000
19636  -40.668  -58.871  9.535 0.0000000000
18678  -40.663  -59.293  6.666 0.0000000000
20664  -43.392  -57.562  4.277 0.0000000000
8381  -43.940  -70.737  3.928 0.0000000000
15877  -40.408  -62.646  3.529 0.0000000000
12434  -38.736  -66.329  3.120 0.0000000000
9918  -35.999  -69.296  1.304 0.0000000000
17773  -46.150  -60.289  3.019 0.0000000000
17731  -47.613  -61.439  3.880 0.0000000000
12407  -43.097  -66.824  5.336 0.0000000000
11582  -42.370  -67.547  3.174 0.0000000000
9911  -42.344  -69.359  2.282 0.0000000000
9909  -40.895  -68.999  2.283 0.0000000000
9142  -40.338  -70.197  1.072 0.0000000000
10763  -39.752  -68.905  2.156 0.0000000000
14951  -46.650  -63.299  6.434 0.0000000000
14960  -46.472  -63.599  5.578 0.0000000000
15003  -47.224  -62.682  2.922 0.0000000000
15001  -45.474  -63.962  3.621 0.0000000000
15026  -45.222  -63.676  2.173 0.0000000000
14152  -44.325  -64.681  2.494 0.0000000000
15046  -45.187  -63.236  1.456 0.0000000000
15811  -44.395  -62.582  8.892 0.0000000000
15796  -43.919  -62.292  9.516 0.0000000000
18646  -43.815  -59.575  8.897 0.0000000000
18647  -44.297  -60.286  8.516 0.0000000000
18682  -43.777  -60.194  7.232 0.0000000000
17720  -44.411  -60.727  5.759 0.0000000000
17708  -42.680  -60.332  6.532 0.0000000000
20537  -39.633  -57.842  12.175 0.0000000000
20538  -40.733  -57.605  11.391 0.0000000000
19613  -39.017  -58.564  10.507 0.0000000000
21577  -39.789  -57.195  6.871 0.0000000000
19680  -39.887  -58.895  7.183 0.0000000000
20654  -40.762  -57.869  5.938 0.0000000000
19701  -42.273  -58.560  4.863 0.0000000000
11561  -45.003  -67.567  4.738 0.0000000000
9891  -44.422  -69.347  4.801 0.0000000000
10737  -44.633  -69.124  4.170 0.0000000000
7657  -42.406  -72.183  2.544 0.0000000000
16789  -38.954  -61.575  4.210 0.0000000000
14124  -39.329  -64.316  3.657 0.0000000000
11576  -36.249  -67.220  2.785 0.0000000000
16763  -46.760  -61.682  5.585 0.0000000000
15843  -47.162  -62.452  4.951 0.0000000000
16775  -47.602  -61.928  4.166 0.0000000000
15866  -47.888  -62.286  3.334 0.0000000000
15882  -47.769  -62.422  2.299 0.0000000000
16707  -43.560  -61.169  10.367 0.0000000000
19639  -43.297  -58.766  9.890 0.0000000000
19659  -42.706  -58.671  9.212 0.0000000000
19587  -36.887  -58.105  11.696 0.0000000000
19612  -37.993  -58.571  10.806 0.0000000000
20589  -37.482  -57.531  9.706 0.0000000000
21540  -38.655  -56.460  8.158 0.0000000000
22522  -40.493  -55.571  7.273 0.0000000000
11585  -44.355  -67.821  3.536 0.0000000000
9913  -44.068  -69.369  3.269 0.0000000000
9912  -43.217  -69.728  2.595 0.0000000000
9936  -42.251  -70.672  1.599 0.0000000000
8414  -41.291  -71.517  0.859 0.0000000000
8413  -40.514  -71.598  0.453 0.0000000000
9153  -38.833  -70.778  0.634 0.0000000000
9152  -37.905  -70.949  0.591 0.0000000000
13235  -44.256  -65.335  5.993 0.0000000000
12408  -44.073  -66.907  5.455 0.0000000000
13249  -45.174  -65.896  5.399 0.0000000000
12413  -45.173  -66.906  4.520 0.0000000000
14971  -46.181  -63.733  4.984 0.0000000000
14108  -45.274  -64.985  4.320 0.0000000000
13289  -44.617  -66.329  3.552 0.0000000000
12440  -44.266  -66.939  3.304 0.0000000000
13287  -43.469  -65.475  2.591 0.0000000000
13286  -42.489  -65.539  2.661 0.0000000000
14050  -44.218  -64.060  7.245 0.0000000000
14942  -45.434  -63.400  7.878 0.0000000000
15814  -46.283  -62.357  7.673 0.0000000000
17670  -44.699  -61.150  8.923 0.0000000000
17699  -45.121  -61.184  7.639 0.0000000000
16753  -46.094  -61.296  6.777 0.0000000000
17721  -45.451  -61.087  6.121 0.0000000000
17730  -45.207  -60.944  5.016 0.0000000000
17748  -44.526  -60.167  3.967 0.0000000000
20539  -41.869  -57.530  11.480 0.0000000000
20565  -41.731  -57.756  10.516 0.0000000000
18624  -41.145  -59.232  8.916 0.0000000000
19635  -39.452  -59.027  9.300 0.0000000000
18642  -40.034  -59.587  7.898 0.0000000000
18665  -41.668  -59.980  7.307 0.0000000000
17718  -42.254  -60.060  5.593 0.0000000000
18697  -43.587  -59.448  4.150 0.0000000000
10728  -43.874  -68.574  5.276 0.0000000000
9115  -43.740  -69.950  5.273 0.0000000000
9138  -44.054  -70.320  3.461 0.0000000000
7623  -43.014  -71.755  3.232 0.0000000000
15044  -44.042  -63.069  1.039 0.0000000000
14150  -42.863  -63.983  2.009 0.0000000000
13285  -41.573  -65.465  2.903 0.0000000000
13284  -40.574  -65.430  3.174 0.0000000000
12435  -39.941  -66.358  3.040 0.0000000000
10744  -39.086  -68.149  2.494 0.0000000000
9919  -37.077  -69.501  1.318 0.0000000000
10747  -41.915  -68.423  2.677 0.0000000000
10746  -40.954  -68.338  2.549 0.0000000000
10764  -40.458  -68.814  2.309 0.0000000000
11580  -40.470  -67.314  2.748 0.0000000000
15824  -46.690  -62.503  7.001 0.0000000000
14952  -46.846  -62.797  5.981 0.0000000000
15881  -46.914  -62.771  2.196 0.0000000000
15002  -46.341  -63.204  2.983 0.0000000000
15027  -46.181  -63.118  2.088 0.0000000000
15899  -45.847  -63.060  1.693 0.0000000000
14900  -42.748  -62.385  10.127 0.0000000000
15795  -43.264  -62.261  9.988 0.0000000000
15783  -43.724  -61.802  10.044 0.0000000000
18645  -43.097  -59.291  8.615 0.0000000000
18667  -43.559  -59.938  8.021 0.0000000000
18681  -43.257  -60.216  7.219 0.0000000000
19542  -38.222  -58.648  13.548 0.0000000000
19563  -38.771  -58.160  12.856 0.0000000000
20512  -39.617  -57.697  13.292 0.0000000000
19590  -39.625  -58.111  11.195 0.0000000000
19589  -38.657  -58.413  11.687 0.0000000000
21578  -40.496  -56.590  6.514 0.0000000000
20646  -40.299  -57.696  6.371 0.0000000000
20655  -41.356  -57.571  5.696 0.0000000000
21587  -41.979  -56.982  5.660 0.0000000000
11563  -44.811  -67.688  4.328 0.0000000000
10735  -44.679  -68.183  4.548 0.0000000000
10738  -44.657  -68.602  4.061 0.0000000000
13270  -37.780  -65.245  3.813 0.0000000000
11567  -36.772  -66.773  3.237 0.0000000000
12432  -35.982  -66.590  3.046 0.0000000000
16773  -46.178  -61.214  5.233 0.0000000000
16764  -47.213  -61.994  5.191 0.0000000000
16774  -47.007  -61.495  4.624 0.0000000000
17751  -48.340  -61.042  3.348 0.0000000000
17732  -47.959  -61.565  3.636 0.0000000000
16793  -48.280  -61.732  3.379 0.0000000000
15867  -48.619  -62.012  3.120 0.0000000000
15883  -48.545  -62.079  2.499 0.0000000000
19638  -42.883  -57.955  10.007 0.0000000000
19560  -36.653  -57.926  12.217 0.0000000000
20535  -36.573  -57.386  11.639 0.0000000000
20563  -36.912  -57.396  10.648 0.0000000000
21520  -37.117  -56.545  9.887 0.0000000000
22521  -39.676  -55.923  7.551 0.0000000000
9902  -42.793  -69.697  5.102 0.0000000000
11584  -43.920  -67.749  3.239 0.0000000000
10749  -43.601  -68.643  3.158 0.0000000000
9923  -41.813  -69.909  1.674 0.0000000000
9935  -42.104  -70.461  1.526 0.0000000000
9156  -41.794  -70.845  1.270 0.0000000000
9921  -39.554  -69.612  1.524 0.0000000000
9141  -39.417  -70.259  0.987 0.0000000000
9934  -38.146  -70.452  0.818 0.0000000000
14066  -45.087  -64.688  6.587 0.0000000000
13236  -44.988  -65.442  5.903 0.0000000000
13258  -45.321  -65.966  4.812 0.0000000000
14972  -46.778  -63.045  4.768 0.0000000000
13273  -44.957  -66.046  4.130 0.0000000000
13303  -43.851  -64.965  2.371 0.0000000000
13304  -43.987  -65.211  2.537 0.0000000000
12438  -42.904  -66.517  3.104 0.0000000000
14128  -42.899  -64.813  2.235 0.0000000000
15812  -45.130  -62.407  8.517 0.0000000000
14926  -44.858  -62.978  8.347 0.0000000000
14927  -45.651  -62.841  8.156 0.0000000000
14928  -46.061  -62.664  7.960 0.0000000000
15813  -45.800  -62.208  8.191 0.0000000000
17655  -44.013  -60.663  10.041 0.0000000000
16708  -44.191  -61.227  9.870 0.0000000000
17669  -44.360  -60.645  9.405 0.0000000000
18669  -44.657  -60.704  7.820 0.0000000000
18670  -44.847  -60.879  7.772 0.0000000000
16744  -45.805  -61.379  7.469 0.0000000000
16762  -46.303  -61.375  6.051 0.0000000000
17729  -44.178  -60.348  4.626 0.0000000000
19614  -40.208  -58.334  10.358 0.0000000000
20564  -40.950  -57.926  10.577 0.0000000000
19615  -41.087  -58.228  10.102 0.0000000000
19637  -41.852  -58.405  9.581 0.0000000000
19634  -38.232  -58.411  9.702 0.0000000000
19657  -38.677  -58.369  8.539 0.0000000000
19681  -40.403  -59.157  6.821 0.0000000000
18664  -40.579  -59.521  7.231 0.0000000000
18643  -40.923  -59.717  8.129 0.0000000000
18679  -41.158  -59.604  6.408 0.0000000000
17707  -41.864  -60.134  6.416 0.0000000000
17717  -41.638  -59.928  5.983 0.0000000000
19706  -42.969  -58.556  4.339 0.0000000000
18696  -42.657  -59.319  4.645 0.0000000000
18715  -43.890  -59.059  3.672 0.0000000000
11559  -44.352  -67.715  5.275 0.0000000000
9129  -44.383  -69.978  4.649 0.0000000000
9116  -44.210  -69.839  5.068 0.0000000000
9128  -43.898  -70.298  4.891 0.0000000000
8366  -43.471  -70.787  4.377 0.0000000000
9137  -43.743  -70.291  2.834 0.0000000000
7656  -42.202  -72.619  2.581 0.0000000000
7642  -42.886  -71.989  3.180 0.0000000000
15045  -44.833  -63.289  1.226 0.0000000000
15918  -44.596  -62.533  0.757 0.0000000000
15000  -42.331  -63.425  2.242 0.0000000000
14127  -42.102  -64.484  2.401 0.0000000000
13283  -39.404  -65.315  3.355 0.0000000000
14125  -40.212  -64.447  3.340 0.0000000000
11579  -39.455  -67.255  2.717 0.0000000000
11578  -38.477  -67.353  2.859 0.0000000000
10760  -36.527  -68.694  1.794 0.0000000000
10761  -37.616  -68.892  1.913 0.0000000000
17750  -46.955  -60.909  3.721 0.0000000000
22490  -37.143  -55.783  10.201 0.0000000000
22468  -37.480  -55.222  10.276 0.0000000000
10727  -43.028  -68.546  5.037 0.0000000000
10748  -42.796  -68.614  2.937 0.0000000000
9910  -41.457  -69.125  2.218 0.0000000000
9922  -40.696  -69.540  1.852 0.0000000000
14076  -46.092  -64.369  6.093 0.0000000000
14090  -46.042  -64.140  5.456 0.0000000000
14984  -46.954  -62.767  3.745 0.0000000000
14129  -44.434  -65.110  2.858 0.0000000000
14153  -44.770  -64.430  2.617 0.0000000000
15025  -44.255  -63.871  1.610 0.0000000000
15797  -44.683  -61.955  9.016 0.0000000000
18626  -44.169  -60.048  9.189 0.0000000000
18668  -44.026  -60.047  8.001 0.0000000000
18683  -44.553  -60.620  7.442 0.0000000000
17710  -44.597  -60.739  6.752 0.0000000000
17709  -43.724  -60.502  6.526 0.0000000000
20513  -40.531  -57.469  12.765 0.0000000000
20627  -38.796  -57.709  7.840 0.0000000000
19679  -39.143  -58.447  7.759 0.0000000000
20628  -39.378  -57.853  7.286 0.0000000000
19689  -40.159  -58.334  6.656 0.0000000000
19690  -40.652  -58.701  6.285 0.0000000000
19691  -41.161  -59.133  5.937 0.0000000000
19700  -41.490  -58.588  5.534 0.0000000000
20656  -42.153  -57.653  5.217 0.0000000000
20663  -42.669  -57.895  4.654 0.0000000000
11560  -44.840  -67.583  5.046 0.0000000000
10729  -44.445  -68.446  4.912 0.0000000000
10730  -44.688  -67.929  4.813 0.0000000000
10734  -44.612  -68.884  4.477 0.0000000000
9134  -44.378  -70.114  4.092 0.0000000000
8403  -42.738  -71.471  2.405 0.0000000000
15865  -38.783  -62.521  4.189 0.0000000000
14996  -39.128  -63.434  3.940 0.0000000000
14997  -39.931  -63.520  3.637 0.0000000000
14107  -38.788  -64.557  3.799 0.0000000000
13271  -38.613  -65.117  3.653 0.0000000000
12433  -38.057  -66.826  3.144 0.0000000000
10742  -37.000  -68.010  2.327 0.0000000000
10741  -36.062  -67.999  2.194 0.0000000000
16755  -46.947  -62.090  5.840 0.0000000000
15834  -46.980  -62.453  5.638 0.0000000000
17654  -43.383  -60.235  10.391 0.0000000000
18611  -43.121  -59.216  10.450 0.0000000000
18625  -43.659  -59.517  9.692 0.0000000000
19661  -43.488  -59.143  9.496 0.0000000000
19660  -43.260  -58.867  9.414 0.0000000000
19561  -37.142  -58.417  12.466 0.0000000000
19588  -37.613  -58.499  11.698 0.0000000000
19611  -37.201  -58.208  11.021 0.0000000000
19633  -37.481  -58.137  10.326 0.0000000000
20590  -38.029  -57.627  8.929 0.0000000000
21521  -37.711  -56.675  9.133 0.0000000000
21556  -38.587  -57.068  8.020 0.0000000000
21557  -39.157  -56.760  7.536 0.0000000000
21558  -39.875  -56.364  7.083 0.0000000000
22551  -41.168  -55.873  6.588 0.0000000000
10751  -44.443  -68.467  3.676 0.0000000000
10750  -44.158  -68.521  3.383 0.0000000000
9145  -42.751  -70.685  2.102 0.0000000000
8415  -41.771  -71.311  1.331 0.0000000000
9154  -39.965  -70.824  0.537 0.0000000000
8412  -39.511  -71.605  0.293 0.0000000000
7674  -39.060  -72.446  0.346 0.0000000000
8411  -38.490  -71.648  0.352 0.0000000000
8410  -37.499  -71.685  0.371 0.0000000000
13247  -43.667  -66.052  5.615 0.0000000000
13248  -44.561  -66.097  5.603 0.0000000000
12410  -45.282  -66.878  5.063 0.0000000000
12424  -44.944  -66.999  3.967 0.0000000000
14961  -46.840  -62.934  5.578 0.0000000000
14983  -46.170  -63.368  4.159 0.0000000000
14982  -45.702  -64.137  4.630 0.0000000000
12441  -44.600  -67.215  3.656 0.0000000000
12439  -43.710  -66.678  3.041 0.0000000000
13288  -44.258  -65.703  2.860 0.0000000000
12437  -41.970  -66.455  3.153 0.0000000000
14065  -43.762  -64.654  6.578 0.0000000000
14051  -45.231  -63.915  7.387 0.0000000000
14941  -44.527  -63.482  7.883 0.0000000000
14052  -45.815  -63.727  7.579 0.0000000000
14943  -46.230  -63.177  7.584 0.0000000000
16722  -44.551  -61.306  9.231 0.0000000000
16723  -44.914  -61.464  8.596 0.0000000000
18627  -44.438  -60.488  8.830 0.0000000000
17685  -44.913  -61.150  8.142 0.0000000000
16735  -45.450  -61.566  8.044 0.0000000000
16736  -46.063  -61.800  7.799 0.0000000000
16745  -46.393  -61.802  7.242 0.0000000000
16754  -46.667  -61.858  6.420 0.0000000000
16791  -45.763  -61.062  4.620 0.0000000000
17749  -45.359  -60.654  3.849 0.0000000000
20592  -42.386  -57.723  10.336 0.0000000000
20591  -42.274  -57.840  10.093 0.0000000000
18644  -42.038  -59.369  8.533 0.0000000000
19658  -39.348  -59.120  8.166 0.0000000000
18622  -39.724  -59.411  8.533 0.0000000000
18623  -40.289  -59.427  8.732 0.0000000000
17698  -42.364  -60.170  7.097 0.0000000000
18690  -42.050  -59.333  5.164 0.0000000000
17727  -42.446  -59.735  5.018 0.0000000000
17728  -43.026  -59.996  4.872 0.0000000000
18698  -44.198  -59.893  4.056 0.0000000000
18716  -44.490  -59.594  3.459 0.0000000000
11558  -43.545  -67.714  5.251 0.0000000000
9890  -44.113  -69.318  5.249 0.0000000000
9889  -43.364  -69.489  5.239 0.0000000000
9127  -43.043  -70.331  5.033 0.0000000000
9906  -44.428  -68.973  3.661 0.0000000000
8395  -43.766  -70.965  3.493 0.0000000000
8394  -43.471  -71.192  2.989 0.0000000000
8380  -43.205  -71.455  3.687 0.0000000000
17775  -48.652  -60.531  2.350 0.0000000000
15902  -48.297  -62.087  1.385 0.0000000000
15901  -47.349  -62.476  1.420 0.0000000000
15898  -43.466  -62.505  1.290 0.0000000000
15024  -43.419  -63.432  1.560 0.0000000000
12436  -40.996  -66.420  3.093 0.0000000000
14998  -40.801  -63.563  3.262 0.0000000000
14126  -41.177  -64.495  2.987 0.0000000000
10745  -40.029  -68.125  2.467 0.0000000000
10762  -38.736  -68.931  1.974 0.0000000000
9920  -38.357  -69.853  1.267 0.0000000000
9933  -37.490  -70.267  0.869 0.0000000000
6999  -42.058  -72.927  2.573 0.0000000000
8367  -44.093  -70.428  4.417 0.0000000000
9114  -43.429  -69.968  5.270 0.0000000000
9144  -41.797  -70.416  1.399 0.0000000000
9903  -44.554  -69.499  4.339 0.0000000000
9905  -44.470  -69.446  3.839 0.0000000000
9914  -44.292  -68.861  3.507 0.0000000000
9924  -42.533  -70.294  1.938 0.0000000000
9925  -42.938  -70.385  2.274 0.0000000000
11566  -36.331  -66.702  3.130 0.0000000000
12421  -36.369  -66.190  3.361 0.0000000000
12423  -38.294  -65.725  3.479 0.0000000000
13272  -39.038  -64.834  3.604 0.0000000000
13282  -38.765  -65.627  3.380 0.0000000000
14123  -38.757  -64.056  3.963 0.0000000000
14981  -38.312  -63.507  4.200 0.0000000000
15784  -44.252  -61.721  9.570 0.0000000000
15852  -38.610  -62.054  4.286 0.0000000000
17686  -44.892  -61.109  7.827 0.0000000000
17697  -42.119  -60.209  6.823 0.0000000000
17700  -44.887  -61.086  7.654 0.0000000000
17772  -45.471  -60.202  3.206 0.0000000000
18648  -44.621  -60.751  8.249 0.0000000000
18649  -44.805  -60.975  8.018 0.0000000000
18663  -40.150  -59.388  7.440 0.0000000000
18680  -42.744  -60.184  7.135 0.0000000000
18689  -41.568  -59.492  5.718 0.0000000000
19586  -36.668  -57.843  11.829 0.0000000000
19699  -41.005  -58.187  5.769 0.0000000000
20536  -36.825  -57.830  11.216 0.0000000000
20562  -36.630  -56.812  11.072 0.0000000000
20645  -39.856  -58.007  6.829 0.0000000000
21478  -36.527  -56.363  11.415 0.0000000000
21499  -36.774  -56.336  10.744 0.0000000000
21539  -38.222  -56.880  8.498 0.0000000000
