#!ascii label  , from subject sub.01.bl.02 vox2ras=TkReg
1730
4956  -39.372  -75.776  0.729 0.1000000015
4969  -38.204  -76.758  0.147 0.1000000015
4259  -37.842  -77.167  0.665 0.1000000015
4274  -37.803  -77.176  -0.697 0.1000000015
4275  -38.522  -76.882  -1.491 0.1000000015
4292  -38.095  -77.270  -1.827 0.1000000015
4307  -38.794  -76.950  -2.561 0.1000000015
4987  -39.085  -76.650  -2.899 0.1000000015
4321  -38.650  -77.086  -3.125 0.1000000015
4996  -39.297  -76.263  -3.263 0.1000000015
4995  -38.871  -76.540  -3.663 0.1000000015
4334  -38.377  -77.131  -3.765 0.1000000015
5699  -38.885  -76.083  -4.287 0.1000000015
6418  -38.694  -74.543  -5.770 0.1000000015
5009  -38.310  -76.461  -4.462 0.1000000015
5721  -38.671  -75.855  -4.693 0.1000000015
5647  -39.433  -75.177  0.149 0.1000000015
4970  -38.834  -76.329  -0.601 0.1000000015
5646  -39.044  -75.547  -0.700 0.1000000015
4979  -39.031  -76.514  -2.091 0.1000000015
5658  -39.303  -75.762  -1.838 0.1000000015
5659  -39.552  -75.934  -2.542 0.1000000015
5700  -39.245  -75.915  -3.870 0.1000000015
8475  -34.616  -71.224  -6.465 0.1000000015
7736  -34.644  -72.173  -5.949 0.1000000015
7737  -35.478  -72.895  -5.518 0.1000000015
7093  -37.758  -73.507  -5.868 0.1000000015
7094  -38.446  -73.801  -5.941 0.1000000015
7079  -38.809  -74.040  -5.411 0.1000000015
6408  -39.200  -74.503  -4.850 0.1000000015
6419  -39.133  -74.764  -5.186 0.1000000015
5722  -39.065  -75.527  -4.663 0.1000000015
6311  -40.684  -73.866  1.216 0.1000000015
7018  -39.481  -73.291  0.508 0.2000000030
6310  -39.840  -74.301  0.644 0.1000000015
7017  -38.638  -73.169  0.396 0.1000000015
6309  -38.785  -74.087  0.399 0.1000000015
6308  -37.969  -74.347  0.013 0.1000000015
6335  -38.688  -74.842  -0.287 0.1000000015
11657  -38.966  -67.504  -1.954 0.1000000015
10817  -38.630  -68.030  -2.445 0.1000000015
6334  -37.652  -74.641  -0.657 0.1000000015
6360  -38.334  -75.114  -1.451 0.1000000015
10834  -38.951  -68.608  -2.903 0.1000000015
9996  -38.275  -68.739  -3.267 0.1000000015
9979  -37.322  -68.918  -3.217 0.1000000015
9184  -35.519  -69.885  -3.249 0.1000000015
9200  -34.843  -70.295  -3.934 0.1000000015
6384  -39.360  -75.141  -3.289 0.1000000015
9185  -36.565  -69.572  -3.585 0.1000000015
9201  -35.805  -69.886  -4.157 0.1000000015
8456  -34.193  -71.367  -4.411 0.1000000015
7703  -34.901  -72.868  -3.802 0.1000000015
7720  -35.369  -72.874  -4.434 0.1000000015
6383  -38.883  -74.917  -2.675 0.1000000015
9218  -35.130  -70.170  -4.859 0.1000000015
8465  -34.357  -71.398  -5.296 0.1000000015
7064  -37.082  -73.392  -3.888 0.1000000015
7078  -38.340  -73.654  -5.152 0.1000000015
7077  -37.430  -73.427  -4.891 0.1000000015
7065  -38.254  -73.625  -4.087 0.1000000015
6401  -39.362  -75.172  -4.086 0.1000000015
7674  -39.060  -72.446  0.346 0.1000000015
7019  -40.367  -73.219  0.721 0.1000000015
7677  -41.431  -72.078  1.022 0.2000000030
7673  -38.092  -72.490  0.264 0.1000000015
7016  -37.749  -73.456  0.211 0.1000000015
12494  -39.397  -65.966  -1.486 0.1000000015
11642  -39.234  -66.808  -1.552 0.1000000015
7039  -37.088  -74.093  -0.132 0.1000000015
6333  -36.638  -74.355  -0.781 0.1000000015
10815  -37.368  -68.286  -2.653 0.1000000015
9978  -36.232  -69.262  -2.857 0.1000000015
6359  -37.177  -74.584  -1.481 0.1000000015
9977  -35.214  -69.394  -2.435 0.1000000015
9199  -34.255  -70.862  -3.879 0.1000000015
8445  -33.976  -71.545  -3.530 0.1000000015
7702  -34.209  -72.528  -3.153 0.1000000015
7054  -35.633  -73.693  -2.554 0.1000000015
7055  -36.764  -73.745  -2.972 0.1000000015
6382  -37.706  -74.384  -2.473 0.1000000015
6400  -39.065  -74.409  -3.818 0.1000000015
9153  -38.833  -70.778  0.634 0.1000000015
9141  -39.417  -70.259  0.987 0.1000000015
9152  -37.905  -70.949  0.591 0.1000000015
8412  -39.511  -71.605  0.293 0.1000000015
8413  -40.514  -71.598  0.453 0.2000000030
8414  -41.291  -71.517  0.859 0.2000000030
8415  -41.771  -71.311  1.331 0.2000000030
8410  -37.499  -71.685  0.371 0.1000000015
7672  -37.068  -72.520  0.294 0.1000000015
7015  -36.604  -73.299  0.148 0.1000000015
12493  -38.495  -66.162  -1.233 0.1000000015
11640  -37.347  -67.055  -1.664 0.1000000015
12491  -36.811  -66.742  -1.315 0.1000000015
11639  -36.183  -67.463  -1.480 0.1000000015
7038  -36.095  -73.848  -0.256 0.1000000015
13349  -39.567  -65.090  -1.877 0.1000000015
11656  -38.086  -67.474  -2.116 0.1000000015
11655  -37.260  -67.671  -2.177 0.1000000015
9976  -34.458  -69.676  -2.126 0.1000000015
9182  -33.642  -71.033  -2.223 0.1000000015
7692  -33.644  -72.136  -1.850 0.1000000015
7047  -34.430  -73.031  -1.702 0.1000000015
7048  -35.148  -73.631  -1.552 0.1000000015
6358  -36.242  -74.307  -1.428 0.1000000015
14207  -40.403  -64.263  -2.405 0.1000000015
9183  -34.287  -70.431  -2.776 0.1000000015
7701  -33.743  -72.228  -2.501 0.1000000015
7053  -34.658  -73.199  -2.397 0.1000000015
6381  -36.535  -74.209  -2.146 0.1000000015
15083  -40.711  -63.906  -2.495 0.1000000015
15084  -41.145  -63.588  -2.653 0.1000000015
15085  -41.985  -63.462  -2.977 0.1000000015
15964  -41.423  -62.638  -2.887 0.1000000015
9919  -37.077  -69.501  1.318 0.1000000015
9934  -38.146  -70.452  0.818 0.1000000015
9932  -36.486  -70.068  0.854 0.1000000015
9921  -39.554  -69.612  1.524 0.1000000015
9154  -39.965  -70.824  0.537 0.1000000015
9155  -40.938  -70.868  0.800 0.2000000030
9151  -36.962  -70.889  0.583 0.1000000015
9156  -41.794  -70.845  1.270 0.2000000030
9931  -35.460  -69.873  0.852 0.1000000015
9150  -35.926  -70.779  0.586 0.1000000015
15953  -39.269  -62.281  -1.527 0.1000000015
15070  -39.500  -63.265  -1.831 0.1000000015
14193  -38.986  -64.156  -1.623 0.1000000015
14181  -38.140  -64.043  -1.099 0.1000000015
13348  -38.462  -65.144  -1.252 0.1000000015
13347  -37.967  -65.713  -1.046 0.1000000015
12492  -37.447  -66.245  -1.124 0.1000000015
9930  -34.465  -69.412  0.721 0.1000000015
9149  -34.864  -70.628  0.577 0.1000000015
8409  -36.468  -71.655  0.396 0.1000000015
7671  -36.011  -72.457  0.239 0.1000000015
11638  -34.942  -67.900  -1.170 0.1000000015
9962  -34.090  -69.441  -1.557 0.1000000015
7684  -34.074  -72.175  -0.532 0.1000000015
7670  -34.887  -72.449  0.004 0.1000000015
7014  -35.724  -73.127  0.010 0.1000000015
16880  -39.774  -61.446  -1.836 0.1000000015
10802  -35.390  -68.534  -1.799 0.1000000015
9961  -33.659  -69.486  -0.881 0.1000000015
8426  -33.534  -71.441  -1.612 0.1000000015
7683  -33.723  -71.863  -0.748 0.1000000015
7036  -34.542  -72.945  -1.023 0.1000000015
7037  -35.226  -73.296  -0.581 0.1000000015
15954  -40.040  -62.406  -1.978 0.1000000015
15071  -40.371  -63.388  -2.330 0.1000000015
16881  -40.432  -61.555  -2.318 0.1000000015
15955  -40.689  -62.440  -2.493 0.1000000015
16896  -41.121  -61.607  -2.841 0.1000000015
16897  -41.955  -61.690  -3.229 0.1000000015
16898  -42.889  -61.679  -3.446 0.1000000015
9920  -38.357  -69.853  1.267 0.1000000015
9918  -35.999  -69.296  1.304 0.1000000015
10760  -36.527  -68.694  1.794 0.1000000015
10761  -37.616  -68.892  1.913 0.1000000015
9142  -40.338  -70.197  1.072 0.1000000015
9917  -35.069  -69.135  1.222 0.1000000015
11575  -35.185  -67.519  2.208 0.1000000015
10774  -34.174  -68.578  0.690 0.1000000015
10758  -34.624  -68.520  1.232 0.1000000015
9143  -41.265  -70.323  1.315 0.2000000030
15061  -38.721  -63.160  -1.277 0.1000000015
13334  -37.810  -64.640  -0.895 0.1000000015
13333  -37.399  -65.225  -0.729 0.1000000015
10773  -33.813  -68.887  0.277 0.1000000015
9148  -34.011  -70.415  0.255 0.1000000015
9910  -41.457  -69.125  2.218 0.1000000015
9923  -41.813  -69.909  1.674 0.2000000030
12477  -36.294  -66.304  -0.828 0.1000000015
11623  -35.116  -67.134  -0.833 0.1000000015
10790  -34.130  -68.374  -0.850 0.1000000015
10789  -33.762  -68.662  -0.442 0.1000000015
8406  -33.736  -70.914  -0.116 0.1000000015
17858  -40.178  -60.126  -2.456 0.1000000015
17859  -40.826  -60.583  -2.676 0.1000000015
18837  -41.519  -59.797  -3.126 0.1000000015
17860  -41.675  -60.705  -3.158 0.1000000015
17882  -42.194  -60.255  -3.347 0.1000000015
17883  -42.731  -60.254  -3.425 0.1000000015
12431  -35.404  -66.692  2.782 0.1000000015
11576  -36.249  -67.220  2.785 0.1000000015
10742  -37.000  -68.010  2.327 0.1000000015
12430  -34.763  -66.632  2.272 0.1000000015
10741  -36.062  -67.999  2.194 0.1000000015
10762  -38.736  -68.931  1.974 0.1000000015
11593  -34.625  -67.624  1.565 0.1000000015
10743  -38.053  -68.192  2.570 0.1000000015
10763  -39.752  -68.905  2.156 0.1000000015
12463  -34.554  -66.590  0.298 0.1000000015
12450  -34.577  -66.742  1.404 0.1000000015
10744  -39.086  -68.149  2.494 0.1000000015
16879  -39.013  -61.246  -1.438 0.1000000015
15939  -38.559  -62.111  -0.909 0.1000000015
15060  -37.964  -63.059  -0.615 0.1000000015
14179  -36.831  -64.728  -0.329 0.1000000015
13331  -35.779  -65.811  -0.330 0.1000000015
12476  -35.251  -66.332  -0.354 0.1000000015
12475  -34.706  -66.878  -0.373 0.1000000015
11607  -34.235  -67.765  0.689 0.1000000015
9922  -40.696  -69.540  1.852 0.1000000015
17841  -39.577  -60.358  -1.910 0.1000000015
12478  -36.874  -65.773  -0.747 0.1000000015
11624  -35.703  -66.807  -0.873 0.1000000015
11621  -33.880  -68.229  0.131 0.1000000015
18835  -39.931  -59.315  -2.316 0.1000000015
18836  -40.714  -59.470  -2.765 0.1000000015
19832  -41.505  -58.593  -3.166 0.1000000015
20783  -42.142  -57.430  -3.370 0.1000000015
19849  -42.164  -59.257  -3.379 0.1000000015
20784  -43.238  -57.449  -3.473 0.1000000015
12420  -35.652  -66.154  3.120 0.1000000015
12432  -35.982  -66.590  3.046 0.1000000015
11567  -36.772  -66.773  3.237 0.1000000015
13281  -35.045  -65.892  2.800 0.1000000015
11577  -37.445  -67.295  3.022 0.1000000015
13280  -34.713  -65.734  1.986 0.1000000015
14122  -35.167  -64.818  2.449 0.1000000015
11578  -38.477  -67.353  2.859 0.1000000015
13301  -34.700  -65.772  1.006 0.1000000015
14147  -34.846  -65.134  1.632 0.1000000015
17840  -38.842  -60.197  -1.311 0.1000000015
14180  -37.326  -64.101  -0.391 0.1000000015
13318  -35.934  -64.939  0.174 0.1000000015
12464  -34.931  -66.031  0.143 0.1000000015
13302  -35.014  -65.149  1.019 0.1000000015
11579  -39.455  -67.255  2.717 0.1000000015
10764  -40.458  -68.814  2.309 0.1000000015
18821  -39.303  -59.292  -1.684 0.1000000015
16859  -38.364  -61.003  -0.811 0.1000000015
15043  -37.169  -62.991  -0.024 0.1000000015
13332  -36.336  -65.301  -0.304 0.1000000015
11580  -40.470  -67.314  2.748 0.1000000015
19830  -39.629  -58.223  -2.099 0.1000000015
21732  -40.898  -56.442  -2.569 0.1000000015
20781  -40.058  -57.286  -2.407 0.1000000015
22737  -41.451  -55.509  -2.513 0.1000000015
20782  -41.141  -57.421  -2.885 0.1000000015
21733  -41.745  -56.397  -3.112 0.1000000015
21734  -42.780  -56.380  -3.425 0.1000000015
22738  -42.357  -55.423  -3.022 0.1000000015
15021  -35.648  -63.549  2.295 0.1000000015
14995  -35.633  -63.820  3.028 0.1000000015
14103  -35.636  -64.484  3.293 0.1000000015
13269  -36.798  -65.347  3.680 0.1000000015
15022  -36.032  -63.301  1.493 0.1000000015
12422  -37.534  -66.246  3.423 0.1000000015
15916  -36.895  -62.059  0.532 0.1000000015
15042  -36.549  -63.216  0.687 0.1000000015
14149  -36.114  -63.832  0.928 0.1000000015
12433  -38.057  -66.826  3.144 0.1000000015
20768  -38.824  -57.856  -1.253 0.1000000015
18803  -38.198  -59.131  -0.565 0.1000000015
15938  -37.670  -61.828  -0.275 0.1000000015
14167  -36.821  -63.660  0.113 0.1000000015
14166  -36.346  -64.329  0.277 0.1000000015
12435  -39.941  -66.358  3.040 0.1000000015
20769  -39.230  -57.265  -1.740 0.1000000015
10745  -40.029  -68.125  2.467 0.1000000015
10746  -40.954  -68.338  2.549 0.1000000015
20770  -39.712  -56.742  -2.146 0.1000000015
21731  -40.199  -56.295  -2.211 0.1000000015
22736  -40.742  -55.758  -2.257 0.1000000015
23778  -41.352  -54.786  -2.133 0.1000000015
23779  -42.071  -54.600  -2.400 0.1000000015
24833  -42.282  -53.608  -1.996 0.1000000015
23780  -42.878  -54.553  -2.823 0.1000000015
13268  -35.735  -65.355  3.337 0.1000000015
14105  -37.255  -64.390  4.030 0.1000000015
13270  -37.780  -65.245  3.813 0.1000000015
19801  -38.017  -58.273  -0.387 0.1000000015
16838  -37.181  -60.940  0.375 0.1000000015
15915  -36.412  -62.250  1.406 0.1000000015
21715  -39.122  -56.250  -1.329 0.1000000015
20753  -38.875  -56.797  -1.180 0.1000000015
20752  -38.552  -57.363  -0.791 0.1000000015
17820  -37.848  -59.753  -0.290 0.1000000015
16858  -37.774  -60.583  -0.267 0.1000000015
12434  -38.736  -66.329  3.120 0.1000000015
22717  -39.525  -55.475  -1.344 0.1000000015
22718  -40.260  -55.431  -1.771 0.1000000015
24831  -40.444  -53.966  -1.254 0.1000000015
23762  -40.781  -54.497  -1.685 0.1000000015
25892  -41.127  -52.492  -0.944 0.1000000015
24832  -41.074  -53.450  -1.422 0.1000000015
26823  -41.779  -51.864  -1.037 0.1000000015
25905  -41.901  -52.681  -1.425 0.1000000015
26839  -42.396  -52.069  -1.353 0.1000000015
15896  -36.082  -62.531  2.397 0.1000000015
15862  -36.162  -63.244  3.459 0.1000000015
14979  -36.620  -63.711  3.877 0.1000000015
14980  -37.469  -63.581  4.215 0.1000000015
16823  -36.328  -61.261  2.106 0.1000000015
23760  -39.301  -54.975  -1.019 0.1000000015
22697  -38.970  -55.484  -0.901 0.1000000015
23761  -39.854  -54.525  -1.154 0.1000000015
25891  -40.571  -52.710  -0.622 0.1000000015
27803  -42.938  -50.825  -0.538 0.1000000015
15874  -35.888  -63.079  2.864 0.1000000015
15863  -36.884  -62.636  4.042 0.1000000015
21696  -38.670  -56.315  -0.779 0.1000000015
20751  -37.766  -57.417  -0.152 0.1000000015
18802  -37.629  -59.076  -0.045 0.1000000015
17804  -37.414  -59.935  0.246 0.1000000015
16837  -36.616  -61.108  1.168 0.1000000015
24818  -39.484  -53.900  -0.442 0.1000000015
24819  -40.127  -53.484  -0.623 0.1000000015
26812  -41.230  -51.720  -0.513 0.1000000015
27792  -41.264  -50.911  -0.125 0.1000000015
27793  -42.214  -50.663  -0.132 0.1000000015
28814  -42.451  -49.768  0.222 0.1000000015
16807  -36.255  -61.363  3.027 0.1000000015
18783  -36.761  -59.413  1.355 0.1000000015
17791  -36.413  -60.049  1.788 0.1000000015
22696  -38.372  -55.459  -0.251 0.1000000015
21675  -37.935  -55.935  0.019 0.1000000015
19800  -37.490  -58.225  0.294 0.1000000015
18784  -37.217  -59.118  0.786 0.1000000015
23744  -38.962  -54.511  -0.481 0.1000000015
28813  -41.415  -49.822  0.481 0.1000000015
29951  -41.641  -48.467  1.272 0.1000000015
29968  -42.035  -49.228  0.585 0.1000000015
19761  -36.822  -58.301  1.862 0.1000000015
21674  -37.595  -56.305  0.376 0.1000000015
20734  -37.305  -57.258  0.573 0.1000000015
19781  -37.103  -58.183  1.067 0.1000000015
24802  -39.226  -53.558  0.032 0.1000000015
26810  -39.893  -51.575  0.396 0.1000000015
27791  -40.479  -50.669  0.455 0.1000000015
28803  -40.848  -49.267  1.098 0.1000000015
29929  -41.122  -47.767  1.985 0.1000000015
24801  -38.567  -53.820  0.461 0.1000000015
25876  -39.422  -52.534  0.495 0.1000000015
27790  -39.763  -50.883  0.877 0.1000000015
27781  -40.052  -50.274  1.069 0.1000000015
28812  -40.558  -49.882  0.910 0.1000000015
29950  -40.679  -48.833  1.472 0.1000000015
30945  -40.993  -47.607  2.623 0.1000000015
30924  -40.447  -47.682  3.309 0.1000000015
26799  -39.238  -51.583  1.166 0.1000000015
27780  -39.438  -50.522  1.594 0.1000000015
28802  -40.068  -49.475  1.570 0.1000000015
29910  -39.801  -48.196  3.147 0.1000000015
4293  -38.622  -77.033  -2.116 0.1000000015
4306  -38.336  -77.289  -2.557 0.1000000015
4980  -39.404  -76.148  -2.304 0.1000000015
6336  -39.247  -74.630  0.208 0.1000000015
4971  -39.307  -75.775  -0.135 0.1000000015
5677  -39.396  -75.529  -2.706 0.1000000015
7108  -36.033  -73.489  -6.559 0.1000000015
7092  -36.688  -73.409  -5.698 0.1000000015
7109  -37.187  -73.597  -6.665 0.1000000015
7675  -40.033  -72.440  0.374 0.2000000030
11641  -38.282  -66.900  -1.562 0.1000000015
10814  -36.620  -68.601  -2.588 0.1000000015
9217  -34.462  -70.747  -4.679 0.1000000015
7719  -34.515  -72.250  -4.535 0.1000000015
7062  -34.981  -73.172  -3.133 0.1000000015
7076  -36.304  -73.196  -4.672 0.1000000015
7063  -35.845  -73.266  -3.632 0.1000000015
6399  -38.429  -74.112  -3.211 0.1000000015
7056  -37.718  -73.700  -3.248 0.1000000015
7676  -40.845  -72.320  0.664 0.2000000030
8411  -38.490  -71.648  0.352 0.1000000015
10813  -35.914  -68.804  -2.383 0.1000000015
8433  -33.739  -71.314  -2.777 0.1000000015
7693  -34.030  -72.668  -2.173 0.1000000015
11654  -36.711  -68.045  -2.232 0.1000000015
6332  -35.747  -74.072  -0.943 0.1000000015
14194  -39.754  -64.169  -2.148 0.1000000015
9171  -34.091  -69.993  -1.994 0.1000000015
9170  -33.697  -70.416  -1.522 0.1000000015
8432  -33.592  -71.687  -2.321 0.1000000015
7689  -33.950  -72.572  -1.374 0.1000000015
6380  -35.797  -74.091  -1.842 0.1000000015
13363  -41.395  -65.055  -2.563 0.1000000015
9933  -37.490  -70.267  0.869 0.1000000015
9935  -42.104  -70.461  1.526 0.2000000030
8408  -35.371  -71.612  0.407 0.1000000015
8407  -34.246  -71.518  0.027 0.1000000015
11622  -34.252  -67.660  -0.439 0.1000000015
9161  -33.585  -70.239  -0.395 0.1000000015
9929  -33.771  -69.672  0.194 0.1000000015
9909  -40.895  -68.999  2.283 0.1000000015
19850  -42.911  -59.172  -3.475 0.1000000015
19831  -40.483  -58.386  -2.629 0.1000000015
19833  -42.592  -58.409  -3.436 0.1000000015
14165  -35.760  -64.760  0.474 0.1000000015
14148  -35.509  -64.435  1.193 0.1000000015
24852  -42.574  -54.146  -2.444 0.1000000015
26840  -43.091  -51.955  -1.400 0.1000000015
17803  -36.833  -60.086  0.904 0.1000000015
19661  -43.488  -59.143  9.496 0.5000000000
14939  -42.304  -63.648  7.849 0.5000000000
14924  -42.648  -63.327  8.699 0.5000000000
19660  -43.260  -58.867  9.414 0.5000000000
18646  -43.815  -59.575  8.897 0.5000000000
17668  -43.975  -60.178  9.736 0.5000000000
18644  -42.038  -59.369  8.533 0.5000000000
18645  -43.097  -59.291  8.615 0.5000000000
14925  -43.832  -63.088  8.659 0.5000000000
18666  -42.690  -59.913  7.723 0.5000000000
18667  -43.559  -59.938  8.021 0.5000000000
18668  -44.026  -60.047  8.001 0.4000000060
14065  -43.762  -64.654  6.578 0.5000000000
13235  -44.256  -65.335  5.993 0.5000000000
13236  -44.988  -65.442  5.903 0.5000000000
14075  -45.506  -65.119  5.905 0.5000000000
14089  -45.620  -64.852  5.260 0.4000000060
14982  -45.702  -64.137  4.630 0.4000000060
14888  -39.718  -63.611  11.697 0.1000000015
14910  -41.760  -63.192  9.527 0.5000000000
19659  -42.706  -58.671  9.212 0.5000000000
19639  -43.297  -58.766  9.890 0.5000000000
18625  -43.659  -59.517  9.692 0.5000000000
17655  -44.013  -60.663  10.041 0.4000000060
18624  -41.145  -59.232  8.916 0.5000000000
18622  -39.724  -59.411  8.533 0.5000000000
18642  -40.034  -59.587  7.898 0.5000000000
18643  -40.923  -59.717  8.129 0.3000000119
18682  -43.777  -60.194  7.232 0.4000000060
18665  -41.668  -59.980  7.307 0.3000000119
18670  -44.847  -60.879  7.772 0.6999999881
17685  -44.913  -61.150  8.142 0.5000000000
18664  -40.579  -59.521  7.231 0.3000000119
18679  -41.158  -59.604  6.408 0.3000000119
17698  -42.364  -60.170  7.097 0.3000000119
18681  -43.257  -60.216  7.219 0.4000000060
18669  -44.657  -60.704  7.820 0.5000000000
17699  -45.121  -61.184  7.639 0.6000000238
15798  -45.260  -61.902  8.513 0.6000000238
15811  -44.395  -62.582  8.892 0.6000000238
14940  -43.448  -63.570  7.890 0.5000000000
14049  -43.064  -63.976  7.107 0.3000000119
17707  -41.864  -60.134  6.416 0.3000000119
17708  -42.680  -60.332  6.532 0.3000000119
17710  -44.597  -60.739  6.752 0.4000000060
16744  -45.805  -61.379  7.469 0.5000000000
15813  -45.800  -62.208  8.191 0.6000000238
14942  -45.434  -63.400  7.878 0.6000000238
14050  -44.218  -64.060  7.245 0.5000000000
17719  -43.350  -60.405  5.614 0.4000000060
17720  -44.411  -60.727  5.759 0.4000000060
17711  -45.215  -61.027  7.159 0.5000000000
16745  -46.393  -61.802  7.242 0.5000000000
14943  -46.230  -63.177  7.584 0.5000000000
14052  -45.815  -63.727  7.579 0.5000000000
14066  -45.087  -64.688  6.587 0.5000000000
17721  -45.451  -61.087  6.121 0.5000000000
16754  -46.667  -61.858  6.420 0.5000000000
15824  -46.690  -62.503  7.001 0.4000000060
14067  -46.028  -64.037  7.070 0.5000000000
14076  -46.092  -64.369  6.093 0.5000000000
17730  -45.207  -60.944  5.016 0.4000000060
16762  -46.303  -61.375  6.051 0.5000000000
15833  -46.839  -62.500  6.234 0.5000000000
14952  -46.846  -62.797  5.981 0.4000000060
16764  -47.213  -61.994  5.191 0.5000000000
15843  -47.162  -62.452  4.951 0.4000000060
14960  -46.472  -63.599  5.578 0.4000000060
14970  -45.875  -64.203  5.129 0.4000000060
14972  -46.778  -63.045  4.768 0.3000000119
14984  -46.954  -62.767  3.745 0.3000000119
15001  -45.474  -63.962  3.621 0.3000000119
13989  -40.161  -64.301  12.586 0.1000000015
14870  -39.814  -63.863  12.293 0.1000000015
14871  -40.262  -63.281  12.498 0.1000000015
14889  -40.708  -62.837  11.281 0.4000000060
14898  -40.888  -63.124  10.236 0.4000000060
14899  -41.896  -62.558  10.397 0.4000000060
19638  -42.883  -57.955  10.007 0.5000000000
19617  -43.003  -58.484  10.424 0.5000000000
17654  -43.383  -60.235  10.391 0.4000000060
14900  -42.748  -62.385  10.127 0.5000000000
14911  -42.985  -62.717  9.513 0.5000000000
19636  -40.668  -58.871  9.535 0.5000000000
19637  -41.852  -58.405  9.581 0.5000000000
20591  -42.274  -57.840  10.093 0.5000000000
19635  -39.452  -59.027  9.300 0.5000000000
18623  -40.289  -59.427  8.732 0.5000000000
15783  -43.724  -61.802  10.044 0.6000000238
19658  -39.348  -59.120  8.166 0.4000000060
19680  -39.887  -58.895  7.183 0.2000000030
20628  -39.378  -57.853  7.286 0.2000000030
19681  -40.403  -59.157  6.821 0.3000000119
17717  -41.638  -59.928  5.983 0.3000000119
17718  -42.254  -60.060  5.593 0.4000000060
19689  -40.159  -58.334  6.656 0.3000000119
19691  -41.161  -59.133  5.937 0.3000000119
20654  -40.762  -57.869  5.938 0.3000000119
19701  -42.273  -58.560  4.863 0.4000000060
17727  -42.446  -59.735  5.018 0.4000000060
18696  -42.657  -59.319  4.645 0.3000000119
17728  -43.026  -59.996  4.872 0.4000000060
16791  -45.763  -61.062  4.620 0.4000000060
18697  -43.587  -59.448  4.150 0.3000000119
17748  -44.526  -60.167  3.967 0.3000000119
16792  -46.274  -61.171  4.399 0.3000000119
16773  -46.178  -61.214  5.233 0.4000000060
17750  -46.955  -60.909  3.721 0.3000000119
17731  -47.613  -61.439  3.880 0.3000000119
15853  -47.285  -62.440  4.209 0.4000000060
17751  -48.340  -61.042  3.348 0.2000000030
15866  -47.888  -62.286  3.334 0.3000000119
17752  -49.147  -61.014  2.676 0.1000000015
15883  -48.545  -62.079  2.499 0.2000000030
18808  -49.879  -59.411  -1.235 0.1000000015
14872  -40.814  -63.053  13.122 0.1000000015
15773  -40.771  -62.526  12.191 0.2000000030
15774  -41.508  -61.984  11.637 0.5000000000
14890  -41.488  -62.361  11.069 0.4000000060
19616  -42.732  -58.166  11.042 0.5000000000
18611  -43.121  -59.216  10.450 0.4000000060
17643  -42.824  -59.851  10.933 0.4000000060
17653  -42.651  -60.447  11.016 0.4000000060
15782  -42.803  -61.914  10.524 0.5000000000
15781  -41.953  -62.084  10.929 0.5000000000
19615  -41.087  -58.228  10.102 0.5000000000
20565  -41.731  -57.756  10.516 0.5000000000
20592  -42.386  -57.723  10.336 0.4000000060
19634  -38.232  -58.411  9.702 0.4000000060
19613  -39.017  -58.564  10.507 0.4000000060
19657  -38.677  -58.369  8.539 0.4000000060
20590  -38.029  -57.627  8.929 0.3000000119
20608  -38.411  -57.553  8.332 0.3000000119
20627  -38.796  -57.709  7.840 0.3000000119
21557  -39.157  -56.760  7.536 0.2000000030
20646  -40.299  -57.696  6.371 0.2000000030
22521  -39.676  -55.923  7.551 0.1000000015
21578  -40.496  -56.590  6.514 0.3000000119
22551  -41.168  -55.873  6.588 0.1000000015
20647  -40.825  -57.230  6.035 0.3000000119
20656  -42.153  -57.653  5.217 0.3000000119
21579  -41.440  -56.596  6.083 0.2000000030
21587  -41.979  -56.982  5.660 0.2000000030
20663  -42.669  -57.895  4.654 0.2000000030
18715  -43.890  -59.059  3.672 0.2000000030
18717  -45.118  -60.075  3.281 0.2000000030
20678  -43.856  -57.911  3.645 0.2000000030
18736  -44.783  -59.232  2.925 0.2000000030
17773  -46.150  -60.289  3.019 0.2000000030
20679  -44.494  -57.848  3.333 0.2000000030
19744  -45.610  -58.702  2.441 0.1000000015
17774  -47.439  -60.352  2.585 0.2000000030
19765  -46.851  -58.146  1.711 0.1000000015
18739  -47.338  -59.599  1.930 0.1000000015
17775  -48.652  -60.531  2.350 0.1000000015
17776  -49.301  -60.813  1.899 0.1000000015
19767  -48.238  -58.423  1.217 0.1000000015
18765  -48.730  -59.294  1.149 0.1000000015
17796  -49.446  -60.421  0.715 0.1000000015
18788  -49.377  -59.139  0.524 0.1000000015
17810  -49.658  -60.212  -0.319 0.1000000015
20771  -50.246  -57.975  -1.821 0.1000000015
15766  -41.096  -62.018  12.846 0.3000000119
16673  -42.197  -61.123  13.891 0.3000000119
17620  -41.658  -60.752  13.196 0.3000000119
16695  -41.605  -61.085  12.109 0.3000000119
17634  -42.022  -59.919  12.520 0.3000000119
17641  -41.737  -60.492  12.411 0.3000000119
16696  -42.114  -61.043  11.362 0.5000000000
15775  -42.185  -61.611  11.015 0.5000000000
20540  -42.336  -57.865  11.459 0.4000000060
18598  -42.500  -59.023  11.815 0.5000000000
17642  -42.237  -60.129  11.667 0.4000000060
16706  -42.788  -61.071  10.784 0.5000000000
19589  -38.657  -58.413  11.687 0.4000000060
19590  -39.625  -58.111  11.195 0.4000000060
20564  -40.950  -57.926  10.577 0.5000000000
19587  -36.887  -58.105  11.696 0.4000000060
19611  -37.201  -58.208  11.021 0.4000000060
20563  -36.912  -57.396  10.648 0.4000000060
19633  -37.481  -58.137  10.326 0.4000000060
20535  -36.573  -57.386  11.639 0.4000000060
21498  -36.637  -56.507  11.066 0.3000000119
20589  -37.482  -57.531  9.706 0.3000000119
21521  -37.711  -56.675  9.133 0.3000000119
23580  -38.251  -55.351  9.101 0.3000000119
22506  -38.296  -55.933  8.717 0.2000000030
23601  -40.423  -55.008  8.114 0.1000000015
22522  -40.493  -55.571  7.273 0.1000000015
22552  -42.004  -55.809  6.489 0.1000000015
21580  -42.339  -56.350  5.942 0.1000000015
21588  -42.604  -56.783  5.355 0.2000000030
22553  -42.917  -55.743  6.314 0.1000000015
21581  -43.045  -56.197  5.678 0.1000000015
20657  -42.815  -57.244  4.850 0.2000000030
21601  -43.971  -56.861  4.401 0.2000000030
20680  -45.229  -57.362  3.227 0.1000000015
20703  -45.816  -57.660  2.520 0.1000000015
21636  -46.427  -56.975  2.459 0.1000000015
19766  -47.458  -58.310  1.511 0.1000000015
19786  -49.006  -58.493  0.670 0.1000000015
20724  -48.597  -57.630  0.950 0.1000000015
20739  -49.429  -57.810  0.360 0.1000000015
20757  -50.733  -58.043  -0.946 0.1000000015
20741  -50.971  -57.371  -0.622 0.1000000015
19820  -50.960  -57.898  -1.574 0.1000000015
22721  -51.378  -56.289  -1.705 0.1000000015
22701  -50.944  -55.706  -1.485 0.1000000015
23746  -50.473  -55.333  -1.034 0.1000000015
24787  -51.000  -54.029  0.899 0.1000000015
16652  -42.603  -61.283  14.121 0.3000000119
15747  -42.467  -61.937  14.061 0.2000000030
18572  -42.613  -59.530  13.565 0.3000000119
19564  -42.366  -58.603  12.424 0.4000000060
19544  -42.394  -58.664  13.366 0.3000000119
19563  -38.771  -58.160  12.856 0.3000000119
20537  -39.633  -57.842  12.175 0.4000000060
20514  -41.476  -57.495  12.458 0.4000000060
20498  -41.972  -57.892  13.328 0.3000000119
19561  -37.142  -58.417  12.466 0.3000000119
19562  -37.951  -58.574  12.622 0.3000000119
21447  -36.093  -56.438  13.260 0.3000000119
19560  -36.653  -57.926  12.217 0.3000000119
21463  -36.260  -56.567  12.211 0.3000000119
22420  -36.303  -55.808  12.514 0.3000000119
22443  -36.343  -56.012  11.926 0.3000000119
22444  -36.726  -55.422  11.730 0.3000000119
22490  -37.143  -55.783  10.201 0.3000000119
22468  -37.480  -55.222  10.276 0.3000000119
23562  -38.350  -54.926  9.427 0.2000000030
23582  -39.707  -54.828  8.618 0.1000000015
23583  -40.759  -54.300  8.728 0.1000000015
24654  -41.401  -53.969  8.880 0.1000000015
23602  -41.180  -54.840  7.894 0.1000000015
23585  -42.602  -54.138  8.386 0.1000000015
23603  -42.143  -54.749  7.784 0.1000000015
22524  -42.569  -55.209  7.035 0.1000000015
22554  -43.957  -55.839  5.917 0.1000000015
22572  -44.113  -56.158  5.247 0.2000000030
22573  -44.713  -56.102  5.358 0.2000000030
21591  -45.093  -56.370  4.710 0.2000000030
21603  -45.410  -56.715  3.939 0.1000000015
21592  -45.839  -56.194  4.515 0.1000000015
21618  -46.900  -56.329  2.933 0.1000000015
21637  -47.177  -56.830  1.918 0.1000000015
22612  -47.709  -55.934  2.973 0.1000000015
21619  -47.530  -56.283  2.408 0.1000000015
21660  -48.912  -56.761  1.268 0.1000000015
21639  -48.586  -56.384  1.795 0.1000000015
21681  -49.761  -57.134  0.382 0.1000000015
21682  -50.840  -56.903  -0.211 0.1000000015
20759  -51.559  -57.107  -1.263 0.1000000015
22702  -51.873  -55.884  -1.146 0.1000000015
22684  -52.210  -55.651  0.058 0.1000000015
23748  -51.711  -55.132  -0.750 0.1000000015
23728  -52.385  -54.875  -0.427 0.1000000015
23727  -51.239  -54.570  -0.247 0.1000000015
23705  -51.974  -54.036  0.016 0.1000000015
24763  -51.388  -53.331  1.866 0.1000000015
24733  -50.654  -52.945  2.980 0.1000000015
15748  -43.539  -62.065  14.205 0.2000000030
14853  -43.152  -62.973  13.967 0.2000000030
16674  -43.935  -61.140  14.110 0.2000000030
17622  -43.021  -60.359  14.083 0.3000000119
17623  -44.177  -60.036  14.077 0.2000000030
20513  -40.531  -57.469  12.765 0.3000000119
19525  -42.487  -58.178  14.073 0.3000000119
19541  -37.351  -58.711  13.600 0.3000000119
20512  -39.617  -57.697  13.292 0.3000000119
20496  -40.450  -57.669  13.828 0.3000000119
20497  -41.284  -57.651  13.499 0.3000000119
20494  -36.201  -57.452  13.737 0.3000000119
19520  -36.604  -58.264  14.155 0.3000000119
20480  -41.171  -57.817  14.391 0.3000000119
20481  -41.996  -57.749  14.295 0.2000000030
22370  -36.751  -55.895  14.987 0.2000000030
22399  -36.703  -55.124  13.642 0.3000000119
23497  -37.366  -54.442  12.267 0.3000000119
23522  -37.945  -54.026  11.508 0.3000000119
23542  -37.483  -54.946  10.621 0.3000000119
24624  -38.722  -53.933  10.373 0.2000000030
23564  -39.992  -54.156  9.250 0.1000000015
24625  -39.372  -53.663  10.235 0.2000000030
24642  -40.208  -53.705  9.734 0.1000000015
24643  -41.173  -53.649  9.507 0.1000000015
24645  -43.112  -53.439  9.708 0.1000000015
24629  -43.484  -53.364  10.475 0.1000000015
24631  -45.239  -53.893  11.099 0.1000000015
24656  -42.865  -53.702  9.062 0.1000000015
24646  -43.993  -53.530  9.575 0.1000000015
23545  -44.747  -53.963  9.738 0.1000000015
23523  -45.914  -54.281  11.166 0.1000000015
23524  -46.694  -54.603  11.381 0.1000000015
23502  -48.320  -55.043  12.945 0.1000000015
23604  -43.151  -54.592  7.674 0.1000000015
23587  -44.841  -54.360  8.422 0.1000000015
23567  -45.308  -54.233  9.208 0.1000000015
23547  -46.546  -54.563  10.417 0.1000000015
23548  -47.336  -54.994  10.718 0.1000000015
22445  -48.013  -55.541  11.505 0.1000000015
22525  -43.587  -55.256  6.931 0.1000000015
23606  -45.301  -54.907  7.643 0.1000000015
22526  -44.661  -55.357  6.879 0.1000000015
22555  -45.150  -55.760  6.066 0.2000000030
22574  -45.624  -55.958  5.245 0.1000000015
22575  -46.748  -55.662  4.735 0.1000000015
22589  -47.104  -55.921  3.602 0.1000000015
22635  -47.948  -56.129  2.369 0.1000000015
22636  -48.578  -56.064  2.230 0.1000000015
21661  -50.029  -56.492  0.803 0.1000000015
21662  -51.066  -56.272  0.510 0.1000000015
22663  -51.550  -55.849  1.130 0.1000000015
21683  -51.609  -56.284  -0.288 0.1000000015
22685  -52.993  -55.134  0.128 0.1000000015
23729  -53.053  -54.620  -0.005 0.1000000015
23706  -52.760  -54.133  0.254 0.1000000015
19496  -44.866  -58.728  16.462 0.2000000030
18556  -44.434  -59.146  14.442 0.2000000030
18573  -43.439  -59.148  13.942 0.3000000119
19495  -43.935  -58.447  16.485 0.2000000030
19513  -44.432  -58.543  15.481 0.2000000030
19527  -43.899  -58.411  14.734 0.2000000030
18555  -43.820  -58.659  14.265 0.3000000119
19545  -42.830  -58.624  14.038 0.3000000119
18571  -37.907  -58.955  14.125 0.3000000119
19522  -38.479  -58.807  14.366 0.3000000119
19523  -39.404  -58.527  14.809 0.3000000119
20479  -40.321  -58.109  14.737 0.3000000119
19507  -37.189  -58.845  15.445 0.3000000119
18552  -37.533  -59.046  15.005 0.3000000119
18542  -39.207  -59.480  15.645 0.3000000119
19508  -39.808  -58.797  15.417 0.3000000119
20470  -41.016  -58.035  15.054 0.3000000119
21418  -37.267  -56.582  16.543 0.2000000030
20468  -36.694  -57.734  15.767 0.3000000119
20471  -41.748  -57.643  15.020 0.2000000030
20482  -42.733  -57.824  14.623 0.2000000030
22383  -37.041  -55.155  14.425 0.2000000030
23458  -37.647  -54.752  14.721 0.2000000030
23477  -37.393  -54.356  13.612 0.3000000119
23478  -37.707  -53.995  13.889 0.3000000119
23498  -37.875  -53.870  12.222 0.3000000119
24601  -38.647  -53.658  10.955 0.2000000030
24573  -37.731  -53.828  12.888 0.3000000119
24574  -38.543  -53.299  12.272 0.2000000030
24575  -39.367  -52.869  12.039 0.2000000030
24603  -40.245  -52.930  11.357 0.2000000030
24604  -42.188  -53.175  10.926 0.1000000015
23588  -45.882  -54.523  8.418 0.1000000015
23568  -46.300  -54.498  9.390 0.1000000015
23569  -47.535  -54.881  9.594 0.1000000015
22492  -48.005  -55.263  10.287 0.1000000015
23607  -46.453  -54.846  7.464 0.1000000015
23589  -47.023  -54.664  8.478 0.1000000015
23590  -48.367  -54.806  8.479 0.1000000015
22527  -45.727  -55.361  6.818 0.1000000015
22528  -46.561  -55.223  6.626 0.1000000015
23628  -47.157  -54.936  6.843 0.1000000015
23609  -48.577  -54.667  7.327 0.1000000015
22556  -46.186  -55.577  5.936 0.1000000015
22557  -47.290  -55.240  5.956 0.1000000015
22558  -48.406  -55.038  5.843 0.1000000015
22577  -49.281  -55.310  5.271 0.1000000015
22591  -48.973  -55.631  4.172 0.1000000015
22613  -48.738  -55.759  3.159 0.1000000015
22637  -49.565  -55.859  2.330 0.1000000015
22662  -50.354  -55.964  1.408 0.1000000015
18511  -44.768  -59.327  17.677 0.3000000119
18509  -43.020  -59.468  17.162 0.3000000119
18529  -43.259  -58.800  16.785 0.3000000119
19494  -42.909  -58.255  16.248 0.2000000030
19512  -43.347  -57.844  15.331 0.2000000030
18508  -42.263  -59.609  17.141 0.3000000119
18528  -42.516  -58.965  16.707 0.3000000119
19511  -42.340  -57.779  15.634 0.3000000119
19526  -43.249  -58.313  14.399 0.2000000030
18540  -37.655  -59.495  15.671 0.3000000119
17581  -39.212  -60.289  16.535 0.3000000119
18526  -40.599  -59.363  16.323 0.3000000119
19492  -41.244  -58.696  16.107 0.3000000119
21404  -37.201  -57.290  17.063 0.2000000030
18506  -37.581  -59.671  17.034 0.3000000119
18507  -37.941  -60.091  17.592 0.3000000119
21419  -37.916  -56.133  16.757 0.2000000030
22359  -38.147  -55.221  16.372 0.2000000030
23447  -38.031  -54.553  15.428 0.2000000030
23459  -37.816  -54.130  14.364 0.2000000030
25621  -38.593  -52.806  14.324 0.3000000119
25646  -38.717  -52.815  13.348 0.2000000030
25647  -39.504  -52.571  12.760 0.2000000030
22592  -50.085  -55.613  4.261 0.1000000015
22614  -49.809  -55.803  3.270 0.1000000015
22638  -50.647  -55.727  2.275 0.1000000015
17547  -45.508  -60.132  18.588 0.1000000015
17527  -44.991  -60.478  18.916 0.2000000030
17546  -44.637  -60.090  18.317 0.3000000119
17545  -44.063  -60.201  18.044 0.3000000119
16623  -43.019  -60.741  17.926 0.3000000119
16622  -42.160  -60.802  17.964 0.3000000119
17561  -39.772  -60.901  17.596 0.3000000119
16620  -40.500  -61.054  17.866 0.3000000119
20442  -37.998  -58.176  18.133 0.3000000119
18491  -38.342  -60.138  18.388 0.3000000119
17542  -39.020  -60.713  18.168 0.3000000119
21390  -38.923  -57.093  18.175 0.2000000030
22345  -38.439  -55.971  17.164 0.2000000030
22360  -38.640  -54.800  16.760 0.1000000015
24529  -38.198  -53.547  14.860 0.2000000030
24493  -39.478  -53.412  16.836 0.1000000015
24512  -38.635  -53.593  15.955 0.2000000030
25608  -38.697  -52.904  15.330 0.2000000030
25609  -39.277  -52.337  14.899 0.2000000030
25610  -40.048  -51.921  14.460 0.3000000119
16591  -43.408  -61.220  19.329 0.3000000119
16605  -42.764  -61.208  18.549 0.3000000119
16604  -41.694  -61.184  18.642 0.3000000119
16603  -40.561  -61.155  18.587 0.3000000119
19466  -39.076  -58.156  19.041 0.3000000119
18472  -38.848  -59.956  19.279 0.3000000119
17543  -39.672  -60.950  18.577 0.3000000119
20444  -39.362  -57.499  18.757 0.2000000030
22330  -40.536  -55.602  18.320 0.1000000015
24472  -40.013  -53.952  17.546 0.1000000015
24473  -40.618  -53.556  17.494 0.1000000015
25585  -40.018  -52.512  16.314 0.1000000015
25598  -40.106  -52.042  15.498 0.1000000015
16576  -42.856  -61.058  20.115 0.3000000119
17508  -43.350  -60.487  20.672 0.2000000030
16575  -41.832  -60.963  20.118 0.3000000119
16588  -40.543  -60.991  19.309 0.3000000119
17526  -40.997  -60.714  20.002 0.3000000119
19454  -40.241  -58.209  19.758 0.2000000030
19440  -40.038  -59.159  20.151 0.3000000119
17524  -39.561  -60.521  19.321 0.3000000119
21373  -40.919  -56.974  19.218 0.2000000030
20429  -40.433  -57.448  19.390 0.2000000030
22332  -42.415  -55.419  18.579 0.1000000015
21393  -42.005  -56.163  18.774 0.1000000015
22309  -43.568  -55.598  19.025 0.1000000015
22331  -41.458  -55.594  18.506 0.1000000015
23388  -41.582  -54.837  18.285 0.1000000015
23411  -40.572  -54.558  17.969 0.1000000015
23412  -41.546  -53.986  17.833 0.1000000015
24495  -41.289  -52.276  16.848 0.1000000015
17490  -41.953  -59.916  21.002 0.2000000030
18438  -41.706  -59.340  21.019 0.2000000030
17506  -41.187  -60.296  20.456 0.2000000030
20415  -41.731  -57.818  20.296 0.2000000030
18458  -41.066  -59.417  20.739 0.2000000030
21374  -42.133  -56.884  19.527 0.1000000015
20430  -41.338  -57.420  19.765 0.2000000030
22308  -42.682  -56.138  19.062 0.1000000015
23389  -42.544  -54.410  18.193 0.1000000015
23413  -42.337  -53.598  17.674 0.1000000015
24475  -42.756  -52.888  17.299 0.1000000015
25572  -42.140  -51.955  16.939 0.1000000015
23390  -43.722  -54.427  18.523 0.1000000015
24476  -43.839  -52.845  17.441 0.1000000015
23391  -44.963  -54.181  18.511 0.1000000015
24457  -45.545  -53.261  18.045 0.1000000015
24477  -44.842  -52.692  17.710 0.1000000015
17670  -44.699  -61.150  8.923 0.4000000060
18626  -44.169  -60.048  9.189 0.5000000000
17669  -44.360  -60.645  9.405 0.4000000060
18647  -44.297  -60.286  8.516 0.5000000000
18627  -44.438  -60.488  8.830 0.6000000238
16708  -44.191  -61.227  9.870 0.5000000000
16707  -43.560  -61.169  10.367 0.4000000060
16723  -44.914  -61.464  8.596 0.5000000000
16722  -44.551  -61.306  9.231 0.6000000238
13234  -43.178  -65.277  6.015 0.5000000000
15796  -43.919  -62.292  9.516 0.5000000000
14938  -41.258  -63.875  7.849 0.5000000000
18683  -44.553  -60.620  7.442 0.4000000060
14090  -46.042  -64.140  5.456 0.4000000060
14983  -46.170  -63.368  4.159 0.3000000119
14971  -46.181  -63.733  4.984 0.4000000060
16735  -45.450  -61.566  8.044 0.6000000238
18678  -40.663  -59.293  6.666 0.3000000119
17709  -43.724  -60.502  6.526 0.4000000060
16736  -46.063  -61.800  7.799 0.6000000238
14927  -45.651  -62.841  8.156 0.6000000238
15812  -45.130  -62.407  8.517 0.6000000238
15797  -44.683  -61.955  9.016 0.6000000238
16753  -46.094  -61.296  6.777 0.5000000000
14928  -46.061  -62.664  7.960 0.6000000238
15814  -46.283  -62.357  7.673 0.5000000000
14926  -44.858  -62.978  8.347 0.5000000000
14051  -45.231  -63.915  7.387 0.5000000000
14941  -44.527  -63.482  7.883 0.5000000000
14951  -46.650  -63.299  6.434 0.4000000060
17729  -44.178  -60.348  4.626 0.4000000060
16755  -46.947  -62.090  5.840 0.5000000000
16763  -46.760  -61.682  5.585 0.5000000000
15834  -46.980  -62.453  5.638 0.4000000060
14961  -46.840  -62.934  5.578 0.4000000060
16775  -47.602  -61.928  4.166 0.4000000060
16774  -47.007  -61.495  4.624 0.4000000060
18610  -42.781  -58.779  10.928 0.5000000000
15795  -43.264  -62.261  9.988 0.5000000000
19614  -40.208  -58.334  10.358 0.5000000000
19679  -39.143  -58.447  7.759 0.3000000119
21577  -39.789  -57.195  6.871 0.2000000030
19690  -40.652  -58.701  6.285 0.3000000119
18690  -42.050  -59.333  5.164 0.4000000060
19700  -41.490  -58.588  5.534 0.3000000119
20655  -41.356  -57.571  5.696 0.3000000119
19706  -42.969  -58.556  4.339 0.3000000119
18698  -44.198  -59.893  4.056 0.3000000119
17749  -45.359  -60.654  3.849 0.3000000119
18716  -44.490  -59.594  3.459 0.2000000030
17732  -47.959  -61.565  3.636 0.3000000119
16794  -49.039  -61.595  2.822 0.2000000030
16793  -48.280  -61.732  3.379 0.3000000119
15867  -48.619  -62.012  3.120 0.2000000030
16814  -49.261  -61.290  2.148 0.2000000030
17826  -49.465  -60.421  -0.875 0.1000000015
18789  -49.787  -59.497  -0.066 0.1000000015
20566  -42.411  -57.665  10.792 0.4000000060
18599  -42.683  -59.355  11.149 0.5000000000
19612  -37.993  -58.571  10.806 0.4000000060
21556  -38.587  -57.068  8.020 0.3000000119
21540  -38.655  -56.460  8.158 0.2000000030
21558  -39.875  -56.364  7.083 0.2000000030
22507  -39.134  -55.738  8.153 0.1000000015
20664  -43.392  -57.562  4.277 0.2000000030
19722  -44.582  -58.712  3.031 0.2000000030
19721  -44.102  -58.600  3.440 0.2000000030
18737  -45.337  -59.606  2.832 0.2000000030
20666  -44.775  -57.186  3.727 0.2000000030
20702  -45.061  -58.158  2.793 0.1000000015
19745  -46.314  -58.403  2.042 0.1000000015
18763  -46.997  -58.862  1.781 0.1000000015
18738  -46.420  -59.462  2.299 0.2000000030
20722  -47.177  -57.613  1.605 0.1000000015
18764  -47.804  -59.096  1.524 0.1000000015
17794  -48.156  -59.915  1.783 0.1000000015
17795  -48.977  -60.164  1.450 0.1000000015
16827  -49.290  -61.178  1.251 0.1000000015
18766  -49.355  -59.724  0.786 0.1000000015
19787  -49.811  -58.579  0.073 0.1000000015
19806  -50.280  -58.585  -0.870 0.1000000015
19819  -50.532  -58.624  -1.743 0.1000000015
21719  -51.077  -56.930  -1.875 0.1000000015
15746  -41.693  -62.212  13.586 0.3000000119
17602  -42.493  -60.797  13.978 0.3000000119
16672  -41.697  -61.317  13.486 0.3000000119
17621  -42.088  -60.345  13.450 0.3000000119
17633  -41.689  -60.454  12.903 0.3000000119
16688  -41.431  -60.973  12.845 0.3000000119
18586  -42.285  -59.303  12.859 0.3000000119
20539  -41.869  -57.530  11.480 0.4000000060
20515  -42.109  -58.006  12.308 0.4000000060
19591  -42.421  -58.271  11.797 0.4000000060
20538  -40.733  -57.605  11.391 0.4000000060
19588  -37.613  -58.499  11.698 0.4000000060
21520  -37.117  -56.545  9.887 0.3000000119
22467  -37.057  -55.448  10.814 0.3000000119
23581  -38.751  -55.114  8.844 0.2000000030
22523  -41.586  -55.285  7.136 0.1000000015
21589  -43.479  -56.523  4.987 0.2000000030
21590  -44.327  -56.422  4.811 0.1000000015
21617  -45.957  -56.802  3.121 0.1000000015
21658  -47.498  -57.273  1.543 0.1000000015
21659  -47.965  -57.054  1.423 0.1000000015
21680  -49.140  -57.304  0.714 0.1000000015
21702  -51.569  -56.872  -0.918 0.1000000015
15733  -42.941  -61.743  14.282 0.2000000030
16653  -43.073  -61.299  14.247 0.2000000030
14852  -42.170  -62.908  13.740 0.2000000030
19540  -36.615  -58.122  13.115 0.3000000119
20511  -36.307  -57.353  12.673 0.3000000119
23544  -38.809  -54.073  10.084 0.1000000015
23584  -41.690  -54.306  8.448 0.1000000015
23565  -40.536  -53.934  9.297 0.1000000015
24655  -41.996  -53.808  8.951 0.1000000015
23586  -43.736  -53.927  8.550 0.1000000015
23605  -44.226  -54.694  7.660 0.1000000015
21604  -46.303  -56.228  3.815 0.1000000015
22661  -49.351  -56.186  1.618 0.1000000015
16675  -45.043  -61.109  14.242 0.2000000030
18574  -44.107  -59.386  13.962 0.2000000030
19521  -37.153  -58.712  14.615 0.3000000119
19542  -38.222  -58.648  13.548 0.3000000119
19543  -38.915  -58.144  13.898 0.3000000119
20495  -39.729  -57.948  14.223 0.3000000119
21434  -36.290  -56.639  14.428 0.3000000119
20477  -36.408  -57.559  14.816 0.3000000119
21425  -36.668  -56.807  15.575 0.3000000119
24602  -39.525  -53.151  11.322 0.2000000030
24626  -40.561  -53.204  10.625 0.1000000015
24627  -41.711  -53.283  10.447 0.1000000015
24644  -42.248  -53.513  9.670 0.1000000015
24628  -42.601  -53.298  10.398 0.1000000015
24630  -44.494  -53.697  10.597 0.1000000015
23566  -44.559  -53.923  9.069 0.1000000015
23546  -45.487  -54.208  10.237 0.1000000015
23525  -47.433  -55.114  11.660 0.1000000015
23501  -47.650  -54.971  12.573 0.1000000015
22422  -47.959  -55.452  12.012 0.1000000015
22446  -48.487  -55.734  11.712 0.1000000015
22590  -47.882  -55.709  3.955 0.1000000015
19479  -44.477  -58.844  17.005 0.2000000030
18510  -43.905  -59.113  17.229 0.3000000119
18541  -38.330  -59.675  15.479 0.3000000119
19509  -40.556  -58.491  15.515 0.3000000119
19490  -36.970  -58.365  15.878 0.3000000119
17591  -37.992  -60.106  15.949 0.3000000119
18543  -39.945  -59.122  15.899 0.3000000119
19510  -41.497  -58.112  15.608 0.3000000119
21417  -36.883  -57.308  16.442 0.3000000119
22371  -37.588  -55.280  15.409 0.2000000030
20462  -37.016  -57.999  16.629 0.3000000119
24548  -38.019  -53.602  13.655 0.3000000119
25689  -41.396  -52.997  11.025 0.1000000015
25674  -40.900  -52.760  11.626 0.2000000030
21500  -48.442  -55.577  10.543 0.1000000015
23608  -47.580  -54.678  7.530 0.1000000015
22576  -48.085  -55.409  4.992 0.1000000015
17566  -44.179  -59.742  17.803 0.3000000119
17565  -43.545  -60.089  17.675 0.3000000119
17564  -42.607  -60.185  17.528 0.3000000119
18527  -41.600  -59.318  16.692 0.3000000119
17583  -40.953  -59.999  16.879 0.3000000119
17579  -37.763  -60.085  16.477 0.3000000119
17582  -40.197  -60.270  16.736 0.3000000119
17560  -38.595  -60.522  17.390 0.3000000119
20455  -37.466  -57.954  17.464 0.3000000119
20456  -37.993  -57.690  17.893 0.3000000119
21405  -38.057  -56.951  17.598 0.2000000030
19477  -37.461  -58.859  17.334 0.3000000119
23431  -38.487  -54.392  16.362 0.2000000030
25622  -39.345  -52.332  13.860 0.2000000030
25648  -40.560  -52.461  12.594 0.2000000030
18494  -46.800  -59.514  18.270 0.1000000015
16592  -44.532  -60.865  19.401 0.2000000030
16607  -44.521  -60.607  18.750 0.3000000119
17563  -41.640  -60.227  17.368 0.3000000119
16621  -41.226  -60.967  17.912 0.3000000119
20443  -38.521  -57.719  18.319 0.3000000119
19465  -38.382  -58.920  18.861 0.3000000119
21406  -39.034  -56.299  17.805 0.2000000030
22346  -39.036  -55.240  17.310 0.2000000030
24492  -38.810  -53.902  16.589 0.1000000015
23432  -38.951  -54.349  16.953 0.1000000015
24513  -39.018  -53.141  16.184 0.2000000030
16590  -42.287  -61.281  19.397 0.3000000119
18473  -39.659  -59.826  19.869 0.3000000119
20445  -39.879  -57.376  19.055 0.2000000030
21391  -40.014  -56.711  18.702 0.2000000030
21407  -39.726  -55.823  17.933 0.2000000030
22347  -39.879  -55.141  17.817 0.1000000015
23387  -41.015  -55.129  18.361 0.1000000015
21392  -41.186  -56.341  18.805 0.1000000015
24494  -40.599  -52.736  16.913 0.1000000015
17507  -42.330  -60.486  20.622 0.3000000119
18474  -40.205  -60.071  20.095 0.3000000119
19441  -40.486  -58.810  20.314 0.2000000030
22333  -43.058  -54.983  18.556 0.1000000015
24474  -41.619  -53.030  17.242 0.1000000015
19429  -42.519  -58.650  21.172 0.2000000030
19442  -41.559  -58.616  20.752 0.2000000030
21375  -43.266  -56.497  19.570 0.1000000015
24455  -43.253  -53.635  17.830 0.1000000015
24456  -44.363  -53.536  17.973 0.1000000015
13245  -41.492  -65.905  5.648 0.3000000119
13233  -42.062  -65.213  6.017 0.3000000119
9885  -39.193  -69.052  5.040 0.2000000030
9123  -38.288  -70.606  4.373 0.2000000030
12405  -40.882  -66.660  5.483 0.4000000060
11555  -40.262  -67.440  5.340 0.3000000119
13246  -42.599  -65.944  5.534 0.4000000060
11556  -41.399  -67.556  5.206 0.3000000119
10724  -39.698  -68.242  5.205 0.3000000119
12406  -41.993  -66.692  5.162 0.4000000060
10725  -40.813  -68.340  5.177 0.3000000119
9899  -39.855  -69.854  4.656 0.2000000030
12407  -43.097  -66.824  5.336 0.4000000060
9887  -41.324  -69.111  4.996 0.4000000060
13247  -43.667  -66.052  5.615 0.4000000060
10726  -41.956  -68.573  5.004 0.4000000060
9125  -40.564  -70.740  4.404 0.3000000119
12408  -44.073  -66.907  5.455 0.4000000060
11557  -42.521  -67.645  5.101 0.4000000060
9888  -41.864  -69.105  4.891 0.3000000119
9900  -40.977  -69.881  4.836 0.4000000060
13248  -44.561  -66.097  5.603 0.4000000060
10727  -43.028  -68.546  5.037 0.4000000060
9901  -42.084  -69.640  4.836 0.3000000119
11558  -43.545  -67.714  5.251 0.4000000060
10733  -42.587  -69.195  4.990 0.4000000060
12409  -44.837  -66.896  5.396 0.4000000060
10728  -43.874  -68.574  5.276 0.4000000060
9902  -42.793  -69.697  5.102 0.3000000119
13249  -45.174  -65.896  5.399 0.4000000060
11559  -44.352  -67.715  5.275 0.4000000060
9889  -43.364  -69.489  5.239 0.4000000060
10729  -44.445  -68.446  4.912 0.4000000060
9890  -44.113  -69.318  5.249 0.4000000060
9127  -43.043  -70.331  5.033 0.3000000119
12410  -45.282  -66.878  5.063 0.4000000060
9891  -44.422  -69.347  4.801 0.4000000060
9116  -44.210  -69.839  5.068 0.4000000060
9115  -43.740  -69.950  5.273 0.3000000119
8365  -42.470  -71.604  4.290 0.2000000030
11560  -44.840  -67.583  5.046 0.4000000060
11561  -45.003  -67.567  4.738 0.4000000060
10734  -44.612  -68.884  4.477 0.4000000060
9129  -44.383  -69.978  4.649 0.4000000060
8366  -43.471  -70.787  4.377 0.2000000030
8379  -42.599  -72.042  3.803 0.3000000119
13258  -45.321  -65.966  4.812 0.3000000119
12413  -45.173  -66.906  4.520 0.3000000119
9134  -44.378  -70.114  4.092 0.3000000119
8380  -43.205  -71.455  3.687 0.2000000030
8381  -43.940  -70.737  3.928 0.2000000030
6953  -42.047  -73.368  3.696 0.2000000030
10735  -44.679  -68.183  4.548 0.4000000060
8395  -43.766  -70.965  3.493 0.1000000015
14108  -45.274  -64.985  4.320 0.3000000119
13273  -44.957  -66.046  4.130 0.3000000119
11568  -44.663  -67.832  3.882 0.2000000030
9906  -44.428  -68.973  3.661 0.2000000030
7623  -43.014  -71.755  3.232 0.1000000015
6970  -42.122  -73.419  3.204 0.2000000030
12441  -44.600  -67.215  3.656 0.2000000030
11585  -44.355  -67.821  3.536 0.2000000030
9913  -44.068  -69.369  3.269 0.1000000015
9138  -44.054  -70.320  3.461 0.1000000015
7642  -42.886  -71.989  3.180 0.1000000015
7641  -42.359  -72.809  2.951 0.1000000015
13289  -44.617  -66.329  3.552 0.3000000119
15002  -46.341  -63.204  2.983 0.2000000030
10750  -44.158  -68.521  3.383 0.1000000015
9137  -43.743  -70.291  2.834 0.1000000015
7657  -42.406  -72.183  2.544 0.1000000015
7656  -42.202  -72.619  2.581 0.1000000015
14130  -44.789  -64.979  3.196 0.2000000030
14129  -44.434  -65.110  2.858 0.2000000030
12440  -44.266  -66.939  3.304 0.1000000015
9912  -43.217  -69.728  2.595 0.1000000015
8403  -42.738  -71.471  2.405 0.1000000015
7000  -42.011  -72.536  2.312 0.1000000015
6295  -41.413  -74.040  2.259 0.1000000015
12439  -43.710  -66.678  3.041 0.1000000015
10749  -43.601  -68.643  3.158 0.1000000015
9925  -42.938  -70.385  2.274 0.1000000015
9158  -42.688  -71.030  2.090 0.1000000015
7678  -41.813  -71.918  1.598 0.1000000015
6313  -41.664  -72.897  1.936 0.1000000015
5635  -40.966  -74.300  1.820 0.1000000015
11583  -43.247  -67.645  3.257 0.1000000015
9911  -42.344  -69.359  2.282 0.1000000015
9936  -42.251  -70.672  1.599 0.1000000015
7020  -41.053  -72.982  0.999 0.1000000015
26601  -40.889  -51.720  14.131 0.2000000030
15003  -47.224  -62.682  2.922 0.2000000030
14153  -44.770  -64.430  2.617 0.1000000015
14152  -44.325  -64.681  2.494 0.1000000015
10748  -42.796  -68.614  2.937 0.1000000015
6312  -41.354  -73.471  1.685 0.1000000015
7022  -41.804  -72.408  1.952 0.1000000015
9157  -42.368  -70.914  1.713 0.1000000015
9886  -40.296  -69.096  5.050 0.3000000119
10730  -44.688  -67.929  4.813 0.4000000060
9128  -43.898  -70.298  4.891 0.2000000030
11563  -44.811  -67.688  4.328 0.3000000119
10737  -44.633  -69.124  4.170 0.2000000030
7622  -42.531  -72.441  3.415 0.2000000030
12424  -44.944  -66.999  3.967 0.3000000119
8394  -43.471  -71.192  2.989 0.1000000015
10738  -44.657  -68.602  4.061 0.4000000060
10751  -44.443  -68.467  3.676 0.2000000030
6988  -42.011  -73.333  2.758 0.1000000015
9146  -43.164  -70.704  2.393 0.1000000015
8404  -42.404  -71.566  2.184 0.1000000015
6296  -41.756  -73.276  2.305 0.1000000015
15026  -45.222  -63.676  2.173 0.1000000015
13288  -44.258  -65.703  2.860 0.1000000015
11584  -43.920  -67.749  3.239 0.1000000015
9145  -42.751  -70.685  2.102 0.1000000015
5634  -40.336  -74.804  1.369 0.1000000015
11582  -42.370  -67.547  3.174 0.1000000015
13304  -43.987  -65.211  2.537 0.1000000015
14036  -39.712  -64.207  8.301 0.3000000119
14046  -39.950  -64.351  7.695 0.2000000030
14061  -39.454  -64.755  6.910 0.3000000119
14909  -40.580  -63.490  9.442 0.4000000060
14922  -40.334  -63.998  8.504 0.2000000030
14937  -40.624  -64.121  7.842 0.3000000119
14923  -41.487  -63.606  8.657 0.4000000060
14062  -40.469  -64.698  6.800 0.2000000030
13231  -39.983  -65.216  6.269 0.2000000030
13230  -38.965  -65.368  6.386 0.1000000015
13243  -39.613  -65.738  5.916 0.2000000030
12399  -39.025  -65.996  5.903 0.1000000015
14047  -40.960  -64.284  7.319 0.3000000119
12398  -38.263  -65.941  6.136 0.1000000015
12403  -38.647  -66.601  5.781 0.1000000015
11554  -39.130  -67.380  5.491 0.1000000015
10722  -37.409  -68.172  5.364 0.1000000015
11553  -37.927  -67.299  5.664 0.1000000015
10723  -38.563  -68.193  5.303 0.1000000015
9884  -38.072  -69.030  5.118 0.1000000015
14048  -41.938  -64.070  7.139 0.3000000119
13244  -40.441  -65.849  5.803 0.2000000030
12404  -39.709  -66.511  5.644 0.2000000030
9883  -36.965  -68.939  4.991 0.1000000015
14063  -41.505  -64.659  6.643 0.3000000119
9896  -36.568  -69.724  4.674 0.1000000015
9897  -37.632  -69.815  4.802 0.1000000015
9122  -37.264  -70.496  4.335 0.1000000015
9898  -38.728  -69.844  4.722 0.1000000015
8360  -36.999  -71.105  3.870 0.1000000015
9124  -39.395  -70.673  4.279 0.1000000015
7600  -37.525  -71.735  3.652 0.1000000015
8361  -37.879  -71.237  3.943 0.1000000015
14064  -42.596  -64.598  6.536 0.2000000030
8362  -38.897  -71.481  3.927 0.1000000015
8363  -40.057  -71.670  4.051 0.1000000015
7618  -36.733  -72.418  3.080 0.1000000015
7601  -38.296  -72.132  3.729 0.1000000015
7620  -38.462  -73.063  3.711 0.1000000015
13232  -40.998  -65.270  6.216 0.3000000119
8378  -36.861  -71.749  3.494 0.1000000015
7619  -37.567  -72.534  3.428 0.1000000015
7640  -36.352  -72.653  2.844 0.1000000015
6969  -39.519  -73.736  3.855 0.1000000015
6263  -39.342  -74.485  3.807 0.1000000015
6242  -39.923  -74.131  4.154 0.2000000030
5574  -38.976  -75.295  3.674 0.1000000015
7603  -40.694  -72.681  4.020 0.2000000030
6950  -40.312  -73.556  3.997 0.2000000030
6243  -40.755  -74.122  4.052 0.1000000015
5556  -40.459  -74.491  4.013 0.2000000030
8364  -41.248  -71.693  4.192 0.2000000030
5575  -40.082  -74.957  3.907 0.1000000015
5557  -40.789  -74.240  4.237 0.1000000015
9126  -41.767  -70.664  4.580 0.2000000030
6951  -41.172  -73.500  4.067 0.1000000015
5558  -41.001  -74.273  3.849 0.1000000015
7604  -41.660  -72.665  4.110 0.1000000015
6952  -41.781  -73.435  4.022 0.1000000015
6245  -41.748  -73.784  3.861 0.1000000015
5577  -41.071  -74.441  3.427 0.1000000015
7602  -39.421  -72.731  3.886 0.1000000015
14035  -39.179  -64.212  8.211 0.1000000015
13976  -41.765  -63.594  13.471 0.1000000015
15749  -44.682  -62.025  13.880 0.1000000015
19497  -45.762  -59.235  16.611 0.2000000030
16676  -46.037  -61.437  14.356 0.1000000015
19480  -45.301  -59.102  17.200 0.2000000030
19514  -45.144  -59.027  15.892 0.1000000015
18545  -45.769  -59.604  15.652 0.1000000015
16654  -45.618  -60.810  14.568 0.1000000015
15750  -45.774  -62.002  13.811 0.1000000015
14851  -41.383  -62.871  13.455 0.1000000015
17604  -45.069  -60.142  14.463 0.1000000015
18544  -45.019  -59.136  15.234 0.1000000015
18512  -45.645  -59.356  17.794 0.2000000030
14855  -45.355  -62.780  13.401 0.1000000015
18557  -45.227  -59.633  14.896 0.1000000015
18546  -46.617  -59.908  15.909 0.1000000015
14897  -39.587  -63.589  10.462 0.1000000015
14908  -39.583  -63.790  9.303 0.1000000015
17492  -43.849  -59.882  21.298 0.1000000015
17509  -44.344  -60.607  20.865 0.1000000015
17510  -45.426  -60.763  20.729 0.1000000015
17529  -47.119  -60.019  19.462 0.1000000015
16577  -43.870  -60.929  20.107 0.1000000015
16578  -44.667  -60.913  20.222 0.1000000015
17479  -45.271  -59.528  22.374 0.1000000015
17480  -45.701  -59.687  22.365 0.1000000015
17494  -46.226  -60.121  21.672 0.1000000015
18444  -47.882  -59.837  21.564 0.1000000015
17493  -44.977  -60.036  21.829 0.1000000015
17511  -46.578  -60.415  20.555 0.1000000015
17530  -47.756  -59.747  20.045 0.1000000015
18440  -43.218  -59.223  21.413 0.1000000015
18425  -47.749  -59.634  22.645 0.1000000015
18423  -45.486  -58.829  22.807 0.1000000015
18424  -46.625  -59.503  22.756 0.1000000015
18443  -47.125  -59.823  21.983 0.1000000015
18441  -44.361  -59.063  21.988 0.1000000015
17495  -47.076  -60.061  21.282 0.1000000015
19430  -43.478  -58.447  21.522 0.1000000015
20404  -42.955  -57.976  20.944 0.1000000015
18406  -46.664  -58.540  23.665 0.1000000015
18405  -46.003  -58.490  23.320 0.1000000015
18422  -44.728  -58.502  22.451 0.1000000015
19431  -44.278  -58.050  22.027 0.1000000015
19443  -42.240  -58.100  20.710 0.1000000015
25623  -40.235  -52.123  13.495 0.1000000015
25624  -41.189  -52.113  13.316 0.1000000015
25650  -42.578  -52.767  12.473 0.1000000015
20416  -42.477  -57.473  20.273 0.1000000015
25673  -40.002  -52.713  11.918 0.1000000015
26602  -41.798  -51.676  13.964 0.1000000015
24550  -44.620  -52.999  13.111 0.1000000015
25651  -43.372  -52.883  12.683 0.1000000015
18407  -47.573  -59.198  23.604 0.1000000015
18408  -48.509  -59.393  23.440 0.1000000015
25675  -41.980  -52.996  11.585 0.1000000015
17528  -45.745  -60.586  19.514 0.1000000015
17548  -46.278  -60.046  18.741 0.1000000015
16593  -45.123  -60.910  19.965 0.1000000015
25649  -41.553  -52.593  12.496 0.1000000015
17512  -47.482  -59.996  20.582 0.1000000015
19415  -44.939  -58.018  22.797 0.1000000015
25625  -42.157  -52.222  13.261 0.1000000015
24576  -43.208  -53.103  12.025 0.1000000015
15882  -47.769  -62.422  2.299 0.1000000015
15881  -46.914  -62.771  2.196 0.1000000015
14009  -38.773  -64.596  10.868 0.1000000015
13212  -37.920  -64.951  9.847 0.1000000015
14030  -38.272  -64.217  9.383 0.1000000015
13199  -38.570  -65.393  10.630 0.1000000015
14024  -38.639  -64.317  10.262 0.1000000015
12364  -39.377  -66.277  10.954 0.1000000015
13180  -38.933  -65.031  11.184 0.1000000015
12363  -38.700  -66.391  10.337 0.1000000015
12365  -40.495  -66.670  10.897 0.1000000015
13200  -39.043  -65.526  11.146 0.1000000015
11512  -40.037  -67.107  10.325 0.1000000015
12351  -40.082  -66.162  11.530 0.1000000015
11453  -41.849  -67.596  14.532 0.1000000015
11454  -42.134  -67.318  14.067 0.1000000015
8283  -42.986  -71.272  10.850 0.1000000015
8306  -43.563  -71.467  10.255 0.1000000015
8331  -43.164  -71.543  8.978 0.1000000015
14896  -38.924  -63.876  9.691 0.1000000015
7569  -42.888  -72.080  8.934 0.1000000015
9100  -42.844  -70.937  8.749 0.1000000015
11511  -39.229  -66.936  10.270 0.1000000015
11530  -39.570  -67.573  9.806 0.1000000015
14045  -38.890  -64.492  7.607 0.1000000015
8329  -41.845  -71.709  8.592 0.1000000015
9871  -40.838  -70.046  8.579 0.1000000015
10709  -40.417  -69.235  8.981 0.1000000015
11531  -40.563  -67.777  9.684 0.1000000015
11513  -41.069  -67.166  10.112 0.1000000015
8328  -40.964  -71.736  8.392 0.1000000015
9870  -39.846  -69.858  8.634 0.1000000015
10695  -41.062  -68.633  9.187 0.1000000015
11532  -41.673  -67.912  9.437 0.1000000015
10643  -42.689  -68.285  12.648 0.1000000015
9051  -43.559  -70.702  11.119 0.1000000015
14010  -39.160  -64.319  11.323 0.1000000015
14025  -38.933  -64.106  10.777 0.1000000015
8284  -43.532  -71.181  10.744 0.1000000015
8320  -43.605  -71.314  9.550 0.1000000015
9067  -43.792  -71.112  10.700 0.1000000015
14920  -38.914  -64.098  8.577 0.1000000015
9872  -41.690  -70.167  8.564 0.1000000015
10710  -41.390  -69.451  8.768 0.1000000015
10696  -42.356  -69.128  8.983 0.1000000015
11514  -42.162  -67.293  10.053 0.1000000015
12314  -42.345  -66.832  14.529 0.1000000015
11469  -42.974  -67.375  13.476 0.1000000015
12299  -42.504  -66.144  15.235 0.1000000015
13136  -42.788  -65.435  15.775 0.1000000015
13988  -39.616  -64.400  12.050 0.1000000015
10644  -43.818  -68.554  12.601 0.1000000015
13181  -39.490  -65.337  11.657 0.1000000015
9823  -43.869  -69.878  11.679 0.1000000015
8307  -44.164  -71.130  10.148 0.1000000015
9085  -43.725  -70.515  9.249 0.1000000015
9873  -42.443  -70.130  8.690 0.1000000015
9874  -43.124  -70.368  8.898 0.1000000015
11533  -42.815  -68.141  9.593 0.1000000015
9859  -43.318  -69.775  9.099 0.1000000015
10697  -43.522  -69.009  9.426 0.1000000015
12300  -43.159  -65.700  15.217 0.1000000015
13169  -40.020  -64.988  12.264 0.1000000015
12330  -43.249  -66.886  13.922 0.1000000015
12315  -43.549  -66.178  14.644 0.1000000015
13124  -43.256  -64.701  16.194 0.1000000015
13936  -43.556  -64.270  17.182 0.1000000015
12352  -40.957  -66.287  11.527 0.1000000015
13182  -40.402  -65.654  12.026 0.1000000015
11487  -44.404  -68.008  12.991 0.1000000015
11470  -43.884  -67.388  13.446 0.1000000015
9824  -44.743  -69.846  11.685 0.1000000015
9802  -44.313  -69.297  12.173 0.1000000015
11515  -43.243  -67.489  10.194 0.1000000015
12366  -41.538  -66.737  10.774 0.1000000015
9052  -44.464  -70.330  11.260 0.1000000015
11534  -43.891  -68.211  9.789 0.1000000015
9086  -44.316  -70.638  9.862 0.1000000015
9860  -44.154  -69.774  9.417 0.1000000015
13137  -43.988  -65.148  15.330 0.1000000015
12331  -44.295  -66.814  13.931 0.1000000015
12353  -41.981  -66.307  11.456 0.1000000015
9861  -45.060  -69.598  9.821 0.1000000015
9053  -44.937  -70.091  11.342 0.1000000015
9069  -45.003  -70.247  10.937 0.1000000015
9087  -44.950  -70.294  10.325 0.1000000015
12354  -43.064  -66.340  11.393 0.1000000015
13184  -42.428  -65.778  12.091 0.1000000015
12368  -43.700  -66.892  10.750 0.1000000015
11535  -44.815  -68.163  9.867 0.1000000015
10698  -44.511  -68.914  9.567 0.1000000015
10699  -45.182  -68.705  9.806 0.1000000015
10645  -44.880  -68.685  12.509 0.1000000015
9840  -45.390  -69.626  10.626 0.1000000015
10678  -45.575  -68.665  10.372 0.1000000015
9825  -45.316  -69.666  11.355 0.1000000015
13172  -42.910  -65.126  12.622 0.1000000015
12369  -44.832  -66.791  10.685 0.1000000015
12316  -44.731  -66.270  14.419 0.1000000015
11518  -46.000  -67.605  10.444 0.1000000015
11517  -45.248  -67.486  10.235 0.1000000015
11536  -45.417  -68.139  10.086 0.1000000015
9803  -45.191  -69.283  11.960 0.1000000015
13173  -44.074  -64.988  12.298 0.1000000015
12355  -44.147  -66.310  11.273 0.1000000015
12370  -45.801  -66.674  10.520 0.1000000015
12357  -45.428  -66.367  10.844 0.1000000015
13149  -44.327  -65.822  14.806 0.1000000015
10664  -45.800  -68.857  11.144 0.1000000015
11488  -45.403  -67.994  12.850 0.1000000015
13174  -45.265  -65.012  11.917 0.1000000015
11471  -44.892  -67.453  13.456 0.1000000015
13075  -45.165  -64.432  19.936 0.1000000015
13110  -44.859  -64.099  18.833 0.1000000015
13929  -44.546  -63.939  18.177 0.1000000015
13916  -44.084  -64.385  18.725 0.1000000015
9822  -42.700  -69.756  11.571 0.1000000015
8330  -42.579  -71.626  8.730 0.1000000015
9099  -42.142  -70.911  8.568 0.1000000015
9098  -41.319  -70.889  8.455 0.1000000015
10694  -40.001  -68.379  9.381 0.1000000015
10693  -39.062  -67.971  9.301 0.1000000015
9801  -43.181  -69.040  12.071 0.1000000015
11486  -43.381  -67.875  13.037 0.1000000015
12367  -42.608  -66.818  10.740 0.1000000015
11516  -44.309  -67.516  10.230 0.1000000015
10679  -46.143  -68.111  10.836 0.1000000015
13185  -43.554  -65.752  11.931 0.1000000015
13094  -44.556  -64.460  19.186 0.1000000015
2270  -30.709  -81.422  3.273 0.1000000015
2263  -30.900  -81.368  3.911 0.1000000015
2333  -31.685  -81.770  -1.284 0.1000000015
1857  -31.284  -82.084  -0.623 0.1000000015
2301  -31.605  -81.753  0.103 0.1000000015
137932  -31.076  -81.909  2.219 0.1000000015
2346  -31.892  -81.523  -1.830 0.1000000015
2810  -31.835  -80.948  -3.089 0.1000000015
2811  -32.455  -80.528  -3.453 0.1000000015
2726  -31.905  -81.384  3.794 0.1000000015
2713  -31.992  -80.918  4.308 0.1000000015
3176  -31.514  -79.826  4.507 0.1000000015
2271  -31.669  -81.613  3.166 0.1000000015
2287  -31.485  -81.925  1.150 0.1000000015
2279  -31.920  -81.590  2.200 0.1000000015
2712  -30.793  -80.898  4.225 0.1000000015
2318  -32.178  -81.383  -0.470 0.1000000015
1839  -31.005  -82.144  0.712 0.1000000015
2334  -32.117  -81.417  -1.419 0.1000000015
2799  -32.246  -81.078  -2.262 0.1000000015
2812  -33.351  -80.145  -3.348 0.1000000015
6291  -32.479  -74.396  1.565 0.1000000015
4907  -31.358  -76.601  2.715 0.1000000015
5618  -32.191  -75.211  1.667 0.1000000015
3177  -32.575  -80.102  4.343 0.1000000015
3186  -31.779  -79.170  4.142 0.1000000015
4205  -31.551  -77.955  3.675 0.1000000015
4221  -31.773  -77.358  3.258 0.1000000015
4908  -32.481  -76.501  2.027 0.1000000015
2727  -32.496  -81.154  3.408 0.1000000015
2288  -32.033  -81.594  1.477 0.1000000015
6292  -33.456  -74.483  1.612 0.1000000015
5595  -32.224  -75.772  1.771 0.1000000015
6996  -32.848  -73.378  1.691 0.1000000015
3681  -32.029  -78.662  3.783 0.1000000015
4206  -32.290  -77.918  3.406 0.1000000015
4222  -32.335  -77.250  2.870 0.1000000015
3187  -32.408  -79.339  4.106 0.1000000015
2302  -32.154  -81.515  0.759 0.1000000015
2774  -32.859  -80.837  -0.666 0.1000000015
2787  -33.019  -80.610  -1.539 0.1000000015
2739  -32.476  -81.327  2.594 0.1000000015
5617  -31.799  -75.130  1.733 0.1000000015
5594  -31.646  -75.558  1.938 0.1000000015
3178  -33.040  -80.168  4.168 0.1000000015
2715  -33.255  -80.249  3.976 0.1000000015
6278  -30.989  -74.945  2.016 0.1000000015
2729  -34.091  -80.158  3.023 0.1000000015
3189  -34.561  -79.690  3.339 0.1000000015
3190  -35.838  -79.283  3.193 0.1000000015
3682  -33.054  -78.603  3.530 0.1000000015
3188  -33.373  -79.683  3.933 0.1000000015
3683  -34.197  -78.791  3.563 0.1000000015
2728  -33.455  -80.373  3.407 0.1000000015
3696  -33.756  -78.324  3.313 0.1000000015
4223  -33.147  -77.448  2.611 0.1000000015
3695  -33.429  -78.018  3.098 0.1000000015
4224  -34.271  -77.805  2.968 0.1000000015
3201  -34.426  -80.016  2.558 0.1000000015
1849  -31.194  -82.086  0.239 0.1000000015
2264  -31.322  -81.427  3.914 0.1000000015
2272  -32.170  -81.508  2.890 0.1000000015
2317  -31.675  -81.765  -0.558 0.1000000015
2714  -32.815  -80.526  3.973 0.1000000015
2786  -32.484  -81.075  -1.266 0.1000000015
4207  -32.865  -77.835  3.114 0.1000000015
4890  -31.205  -77.313  3.391 0.1000000015
4988  -39.409  -76.261  -2.712 0.1000000015
5678  -39.441  -75.766  -3.202 0.1000000015
5743  -39.044  -75.071  -5.240 0.1000000015
6244  -41.334  -74.022  3.974 0.1000000015
6264  -41.249  -74.160  3.791 0.1000000015
6297  -41.779  -72.835  2.184 0.1000000015
6314  -41.761  -72.641  2.046 0.1000000015
6357  -35.698  -74.089  -1.432 0.1000000015
6409  -39.312  -75.004  -4.838 0.1000000015
6999  -42.058  -72.927  2.573 0.1000000015
7001  -42.212  -72.121  2.292 0.1000000015
7021  -41.524  -72.633  1.497 0.1000000015
7023  -41.995  -72.120  2.093 0.1000000015
7066  -38.881  -73.941  -4.665 0.1000000015
7095  -38.643  -74.110  -5.908 0.1000000015
7555  -43.372  -71.866  9.710 0.1000000015
7605  -42.188  -72.641  3.887 0.3000000119
7658  -42.333  -71.827  2.253 0.1000000015
7669  -34.392  -72.048  -0.159 0.1000000015
7679  -41.954  -71.737  1.794 0.1000000015
7685  -34.666  -72.730  -0.516 0.1000000015
7688  -33.612  -71.983  -1.099 0.1000000015
8321  -44.037  -71.242  9.932 0.1000000015
8367  -44.093  -70.428  4.417 0.2000000030
8416  -42.275  -71.364  1.882 0.1000000015
8417  -42.117  -71.597  1.928 0.1000000015
8420  -33.622  -71.386  -0.657 0.1000000015
8421  -33.927  -71.710  -0.355 0.1000000015
8444  -33.690  -71.904  -2.907 0.1000000015
9068  -44.277  -70.787  10.574 0.1000000015
9101  -43.364  -70.973  9.024 0.1000000015
9114  -43.429  -69.968  5.270 0.4000000060
9144  -41.797  -70.416  1.399 0.2000000030
9858  -42.823  -69.842  8.888 0.1000000015
9903  -44.554  -69.499  4.339 0.4000000060
9905  -44.470  -69.446  3.839 0.2000000030
9914  -44.292  -68.861  3.507 0.2000000030
9916  -34.697  -69.017  1.064 0.1000000015
9924  -42.533  -70.294  1.938 0.1000000015
9947  -33.616  -69.381  -0.230 0.1000000015
9963  -34.733  -69.146  -1.834 0.1000000015
9995  -37.820  -68.482  -2.996 0.1000000015
10711  -41.979  -69.683  8.664 0.1000000015
10732  -42.129  -69.122  4.885 0.3000000119
10759  -35.457  -68.471  1.699 0.1000000015
10800  -33.931  -68.879  -1.055 0.1000000015
10801  -34.511  -68.632  -1.309 0.1000000015
10803  -36.156  -68.278  -2.118 0.1000000015
10816  -37.919  -67.972  -2.558 0.1000000015
10832  -37.849  -68.253  -2.794 0.1000000015
10833  -38.256  -68.349  -2.835 0.1000000015
11467  -41.872  -67.701  13.823 0.1000000015
11468  -42.319  -67.467  13.629 0.1000000015
11484  -42.049  -67.694  13.432 0.1000000015
11485  -42.495  -67.739  13.185 0.1000000015
11566  -36.331  -66.702  3.130 0.1000000015
11574  -34.659  -67.138  1.920 0.1000000015
11594  -34.918  -68.051  1.722 0.1000000015
11606  -33.989  -68.355  0.450 0.1000000015
11637  -34.427  -68.128  -0.948 0.1000000015
12329  -42.579  -67.152  13.905 0.1000000015
12356  -45.028  -66.214  11.134 0.1000000015
12421  -36.369  -66.190  3.361 0.1000000015
13111  -45.117  -63.922  18.672 0.1000000015
13316  -34.831  -65.927  0.435 0.1000000015
13317  -35.339  -65.399  0.301 0.1000000015
13350  -40.243  -65.302  -2.231 0.1000000015
13361  -40.072  -64.778  -2.303 0.1000000015
13362  -40.646  -64.915  -2.430 0.1000000015
13917  -44.534  -64.205  18.772 0.1000000015
14104  -36.285  -64.535  3.681 0.1000000015
14121  -34.788  -65.193  2.056 0.1000000015
14208  -40.996  -64.350  -2.553 0.1000000015
14209  -41.731  -64.289  -2.767 0.1000000015
14907  -38.855  -63.952  8.998 0.1000000015
14912  -43.807  -62.702  9.179 0.5000000000
14978  -35.975  -63.938  3.543 0.1000000015
15072  -40.900  -63.018  -2.563 0.1000000015
15732  -42.757  -61.577  14.211 0.3000000119
15765  -40.718  -62.730  12.672 0.2000000030
15784  -44.252  -61.721  9.570 0.6000000238
15895  -35.876  -63.061  2.541 0.1000000015
16574  -41.283  -60.801  20.062 0.3000000119
16589  -41.181  -61.047  19.525 0.3000000119
16602  -40.026  -61.128  18.198 0.3000000119
16606  -43.862  -60.768  18.432 0.3000000119
16619  -40.216  -61.132  18.038 0.3000000119
16795  -49.278  -61.283  2.540 0.2000000030
16813  -48.975  -61.684  1.829 0.2000000030
17489  -41.458  -59.760  20.859 0.2000000030
17491  -42.841  -59.881  21.020 0.2000000030
17505  -40.515  -60.167  20.216 0.3000000119
17523  -39.020  -60.524  18.803 0.3000000119
17525  -40.411  -60.551  19.820 0.3000000119
17544  -40.102  -60.944  19.178 0.3000000119
17559  -37.936  -60.275  17.004 0.3000000119
17562  -40.729  -60.670  17.331 0.3000000119
17580  -38.322  -60.314  16.526 0.3000000119
17590  -37.688  -59.898  16.090 0.3000000119
17592  -38.597  -60.070  15.974 0.3000000119
17603  -42.775  -60.934  14.136 0.2000000030
17686  -44.892  -61.109  7.827 0.6999999881
17697  -42.119  -60.209  6.823 0.3000000119
17700  -44.887  -61.086  7.654 0.6999999881
17753  -49.323  -61.115  2.356 0.1000000015
17767  -36.271  -60.269  2.736 0.1000000015
17772  -45.471  -60.202  3.206 0.2000000030
17821  -38.311  -59.995  -0.707 0.1000000015
17842  -40.151  -60.819  -2.226 0.1000000015
17861  -42.444  -60.868  -3.425 0.1000000015
17881  -41.843  -60.144  -3.247 0.1000000015
18439  -42.362  -59.341  21.177 0.1000000015
18442  -44.987  -59.407  22.313 0.1000000015
18456  -39.875  -59.368  20.049 0.3000000119
18457  -40.349  -59.649  20.297 0.3000000119
18490  -37.820  -59.413  17.920 0.3000000119
18524  -37.556  -59.663  16.331 0.3000000119
18525  -39.823  -59.742  16.215 0.3000000119
18553  -37.994  -59.259  14.830 0.3000000119
18554  -38.656  -59.185  15.020 0.3000000119
18570  -37.599  -58.928  14.435 0.3000000119
18648  -44.621  -60.751  8.249 0.6999999881
18649  -44.805  -60.975  8.018 0.6999999881
18663  -40.150  -59.388  7.440 0.3000000119
18680  -42.744  -60.184  7.135 0.4000000060
18689  -41.568  -59.492  5.718 0.3000000119
18759  -36.927  -58.815  1.417 0.1000000015
18820  -38.699  -59.240  -1.122 0.1000000015
18857  -42.036  -59.837  -3.319 0.1000000015
18858  -42.526  -59.754  -3.401 0.1000000015
19428  -42.004  -58.977  21.132 0.2000000030
19452  -39.029  -59.387  19.540 0.3000000119
19453  -39.548  -58.829  19.750 0.3000000119
19464  -37.796  -58.661  17.966 0.3000000119
19478  -44.110  -58.744  16.913 0.3000000119
19491  -37.285  -58.943  16.420 0.3000000119
19493  -42.012  -58.431  16.220 0.3000000119
19506  -36.763  -58.292  15.115 0.3000000119
19524  -40.017  -58.450  15.131 0.3000000119
19586  -36.668  -57.843  11.829 0.4000000060
19699  -41.005  -58.187  5.769 0.3000000119
19707  -43.562  -58.521  3.844 0.2000000030
19743  -44.997  -58.891  2.681 0.2000000030
19807  -50.738  -58.119  -1.310 0.1000000015
19816  -38.579  -58.385  -0.915 0.1000000015
19817  -39.030  -58.384  -1.483 0.1000000015
20414  -40.942  -58.021  20.096 0.2000000030
20428  -39.755  -57.914  19.295 0.2000000030
20431  -41.910  -57.393  19.982 0.1000000015
20454  -37.126  -57.684  17.024 0.3000000119
20463  -37.234  -58.444  16.992 0.3000000119
20469  -40.653  -58.209  15.087 0.3000000119
20472  -42.465  -57.571  14.988 0.2000000030
20478  -39.815  -58.164  14.594 0.3000000119
20536  -36.825  -57.830  11.216 0.4000000060
20562  -36.630  -56.812  11.072 0.3000000119
20645  -39.856  -58.007  6.829 0.2000000030
20665  -44.152  -57.306  3.888 0.2000000030
20704  -46.560  -57.562  1.973 0.1000000015
20717  -36.951  -57.384  1.495 0.1000000015
20723  -47.800  -57.707  1.357 0.1000000015
20740  -50.390  -57.749  -0.409 0.1000000015
20758  -51.181  -57.541  -1.116 0.1000000015
20772  -50.790  -57.677  -1.771 0.1000000015
20773  -51.226  -57.352  -1.612 0.1000000015
20774  -51.466  -57.229  -1.455 0.1000000015
20780  -39.599  -57.590  -2.139 0.1000000015
21357  -42.529  -57.138  19.958 0.1000000015
21372  -40.445  -57.036  19.118 0.2000000030
21389  -38.506  -57.272  18.006 0.2000000030
21403  -37.007  -57.555  16.820 0.3000000119
21426  -37.117  -56.054  15.773 0.2000000030
21478  -36.527  -56.363  11.415 0.3000000119
21479  -36.723  -55.876  11.150 0.3000000119
21499  -36.774  -56.336  10.744 0.3000000119
21522  -48.457  -55.394  10.170 0.1000000015
21539  -38.222  -56.880  8.498 0.3000000119
21602  -44.625  -56.807  4.261 0.1000000015
21638  -48.074  -56.460  1.899 0.1000000015
21663  -51.707  -56.081  0.319 0.1000000015
21694  -37.616  -56.865  0.084 0.1000000015
21695  -38.036  -56.515  -0.258 0.1000000015
21701  -51.236  -57.222  -0.710 0.1000000015
21716  -39.641  -56.223  -1.808 0.1000000015
21720  -51.523  -56.750  -1.499 0.1000000015
22358  -37.613  -55.863  16.169 0.2000000030
22372  -37.967  -55.050  15.711 0.2000000030
22382  -36.402  -55.750  14.033 0.2000000030
22398  -36.334  -55.586  13.254 0.3000000119
22421  -36.683  -55.031  12.821 0.3000000119
22491  -37.719  -55.558  9.555 0.3000000119
22508  -39.904  -55.427  7.961 0.1000000015
22611  -47.230  -56.048  3.188 0.1000000015
22660  -48.841  -56.337  1.744 0.1000000015
22678  -37.873  -55.518  0.341 0.1000000015
22719  -40.931  -55.194  -2.065 0.1000000015
22722  -51.661  -56.304  -1.534 0.1000000015
23410  -39.606  -54.435  17.481 0.1000000015
23446  -37.828  -54.913  15.151 0.2000000030
23521  -37.390  -54.740  11.178 0.3000000119
23543  -38.136  -54.506  10.323 0.1000000015
23563  -39.077  -54.353  9.521 0.1000000015
23722  -38.714  -54.106  0.075 0.1000000015
23743  -38.491  -54.854  -0.136 0.1000000015
23745  -39.604  -54.088  -0.689 0.1000000015
23747  -51.068  -55.223  -0.873 0.1000000015
23763  -41.510  -54.176  -1.947 0.1000000015
24547  -37.678  -53.894  13.383 0.3000000119
24641  -39.659  -53.941  9.668 0.1000000015
24657  -43.437  -53.597  9.201 0.1000000015
24803  -39.759  -53.010  -0.030 0.1000000015
24820  -40.690  -53.001  -0.948 0.1000000015
25596  -38.858  -53.035  15.862 0.2000000030
25597  -39.309  -52.703  15.870 0.2000000030
25676  -42.647  -53.023  11.834 0.1000000015
25690  -41.814  -53.114  10.991 0.1000000015
25877  -40.152  -52.425  -0.146 0.1000000015
25878  -40.737  -52.175  -0.466 0.1000000015
25906  -42.749  -52.675  -1.730 0.1000000015
26811  -40.590  -51.546  -0.125 0.1000000015
26813  -41.807  -51.310  -0.515 0.1000000015
26824  -42.513  -51.395  -0.868 0.1000000015
27794  -42.920  -50.264  -0.231 0.1000000015
28790  -39.607  -49.151  2.364 0.1000000015
29927  -39.567  -48.755  2.909 0.1000000015
29928  -40.339  -48.332  2.204 0.1000000015
29969  -42.706  -48.968  0.550 0.1000000015
30925  -41.385  -47.283  3.401 0.1000000015
