#!ascii label  , from subject sub.01.bl.02 vox2ras=TkReg
1004
61586  -29.932  -19.803  -5.075 0.4285714328
62751  -31.158  -18.456  -5.695 0.2857142985
62750  -30.732  -18.721  -5.243 0.4285714328
62731  -30.930  -18.263  -4.633 0.4285714328
63854  -31.422  -17.340  -4.950 0.4285714328
63874  -31.580  -17.628  -6.103 0.2857142985
64956  -31.834  -16.235  -5.138 0.4285714328
64980  -31.950  -16.151  -7.327 0.4285714328
66129  -32.020  -15.640  -6.502 0.4285714328
66150  -32.218  -15.535  -7.565 0.4285714328
67320  -32.510  -14.584  -6.887 0.4285714328
68547  -33.023  -14.360  -8.931 0.5714285970
68509  -32.779  -14.077  -7.601 0.5714285970
69827  -33.527  -12.836  -7.450 0.2857142985
69861  -33.447  -12.849  -8.242 0.7142857313
71229  -34.402  -11.539  -7.873 0.7142857313
69890  -33.821  -12.157  -8.484 0.7142857313
69862  -33.934  -12.257  -7.679 0.5714285970
72488  -35.490  -10.177  -7.995 0.5714285970
71261  -34.048  -11.437  -8.816 0.5714285970
72522  -35.090  -10.221  -8.962 0.5714285970
73724  -35.732  -9.752  -8.628 0.5714285970
72521  -34.417  -10.892  -9.350 0.5714285970
73725  -36.192  -9.397  -7.968 0.4285714328
73787  -36.504  -9.483  -9.794 0.5714285970
75082  -37.151  -8.667  -9.465 0.5714285970
73786  -35.919  -10.120  -10.358 0.7142857313
75083  -37.391  -7.990  -8.665 0.5714285970
72582  -35.610  -10.696  -11.769 0.5714285970
75097  -37.254  -9.100  -10.877 0.8571428657
76417  -37.695  -7.748  -9.489 0.7142857313
73824  -37.152  -9.846  -11.810 0.7142857313
72584  -36.940  -10.307  -12.159 0.5714285970
77700  -38.381  -6.620  -10.937 0.7142857313
77679  -38.129  -6.649  -9.669 0.5714285970
76433  -37.992  -7.512  -10.503 0.7142857313
76432  -37.503  -8.183  -11.181 0.7142857313
78795  -38.482  -5.651  -10.500 0.5714285970
76442  -37.092  -7.839  -12.030 0.7142857313
79880  -38.651  -4.724  -11.238 0.7142857313
77720  -38.057  -6.587  -12.771 0.7142857313
78814  -38.576  -5.946  -12.450 0.7142857313
78807  -38.638  -5.756  -11.581 0.7142857313
80962  -39.012  -3.821  -11.922 0.7142857313
76449  -37.305  -7.313  -12.806 0.5714285970
82122  -39.118  -2.867  -11.564 0.5714285970
83332  -39.107  -2.008  -12.100 0.5714285970
79895  -38.259  -4.395  -13.343 0.8571428657
78820  -38.098  -5.662  -13.269 0.8571428657
82141  -39.105  -2.867  -12.563 0.7142857313
80975  -38.648  -3.711  -12.888 0.8571428657
84604  -39.041  -0.409  -13.827 0.8571428657
83354  -39.338  -1.192  -12.555 0.5714285970
83353  -39.155  -1.894  -13.009 0.8571428657
82156  -38.484  -2.708  -13.628 0.8571428657
80987  -38.343  -3.611  -13.481 0.8571428657
85822  -38.269  0.603  -14.249 0.8571428657
86949  -38.374  1.439  -13.833 0.8571428657
88049  -37.565  2.143  -14.285 0.8571428657
83369  -38.837  -1.247  -13.753 0.8571428657
86948  -37.802  1.198  -14.467 0.8571428657
86963  -37.069  1.422  -15.009 1.0000000000
84619  -38.434  -0.391  -14.401 0.8571428657
88048  -36.938  2.504  -14.730 1.0000000000
85821  -37.639  0.378  -14.875 1.0000000000
89151  -36.431  3.171  -14.816 1.0000000000
90254  -35.292  4.503  -15.680 0.7142857313
88067  -36.582  2.245  -15.346 1.0000000000
90244  -35.994  4.444  -14.629 1.0000000000
94660  -34.512  8.387  -14.324 1.0000000000
94671  -34.110  8.502  -15.230 0.8571428657
95766  -34.439  9.562  -15.697 0.8571428657
96859  -35.132  10.264  -14.974 1.0000000000
100188  -34.631  13.957  -15.923 0.8571428657
99152  -35.367  12.709  -15.526 0.8571428657
98006  -35.342  11.713  -15.855 1.0000000000
102109  -35.090  15.911  -16.886 0.8571428657
102090  -35.214  15.810  -16.199 0.8571428657
102963  -35.003  16.471  -17.344 0.7142857313
101196  -34.287  14.438  -18.000 0.5714285970
103900  -34.269  17.260  -18.749 0.7142857313
102126  -33.279  15.211  -18.936 0.5714285970
102127  -34.064  15.324  -18.411 0.5714285970
102975  -32.819  16.488  -19.282 0.4285714328
103912  -32.383  17.695  -20.131 0.4285714328
104914  -32.426  18.198  -20.438 0.4285714328
102972  -29.682  16.762  -18.775 0.2857142985
103874  -29.691  17.128  -17.791 0.2857142985
102123  -29.698  16.399  -18.847 0.2857142985
62773  -31.380  -18.466  -6.751 0.2857142985
73756  -35.751  -9.883  -9.439 0.5714285970
83370  -39.243  -1.189  -13.151 0.8571428657
85803  -39.094  0.447  -13.694 0.8571428657
88050  -38.131  2.078  -13.783 0.8571428657
91377  -35.272  5.589  -15.309 0.8571428657
103859  -31.699  17.943  -15.213 0.1428571492
63898  -31.523  -17.785  -7.015 0.2857142985
64979  -31.706  -16.774  -6.731 0.2857142985
66128  -31.763  -16.159  -5.881 0.4285714328
67297  -32.410  -14.766  -5.776 0.4285714328
67339  -32.512  -14.842  -8.035 0.4285714328
68531  -33.135  -13.500  -7.892 0.5714285970
69889  -33.529  -12.853  -9.069 0.2857142985
72487  -34.624  -10.747  -8.388 0.4285714328
72548  -34.489  -11.446  -10.162 0.5714285970
73758  -36.925  -8.666  -8.133 0.4285714328
72549  -35.066  -10.556  -10.035 0.7142857313
73757  -36.288  -9.339  -8.853 0.7142857313
73788  -36.680  -8.992  -9.088 0.5714285970
76416  -37.573  -8.255  -10.300 0.7142857313
72583  -36.421  -10.411  -11.866 0.5714285970
73823  -36.885  -10.220  -11.673 0.5714285970
79867  -38.563  -4.648  -10.138 0.5714285970
73835  -37.196  -9.807  -13.024 0.5714285970
77711  -38.380  -6.615  -11.920 0.7142857313
76443  -37.985  -7.371  -11.475 0.7142857313
79887  -38.662  -4.877  -12.412 0.7142857313
84605  -39.443  -0.405  -13.164 0.5714285970
82166  -38.290  -1.803  -14.257 1.0000000000
89152  -37.001  2.891  -14.286 1.0000000000
85834  -36.874  0.651  -15.486 1.0000000000
90255  -35.894  3.671  -15.323 0.8571428657
92462  -34.638  6.239  -15.901 0.7142857313
92463  -35.117  6.270  -15.248 1.0000000000
92443  -35.463  6.254  -14.538 1.0000000000
93569  -34.345  7.623  -14.691 0.7142857313
92420  -35.040  7.149  -14.276 1.0000000000
95752  -34.724  9.298  -14.462 0.8571428657
100200  -34.833  13.209  -16.090 0.8571428657
96869  -35.388  11.114  -15.177 1.0000000000
102108  -34.647  15.456  -17.554 0.7142857313
102989  -32.588  17.176  -19.730 0.7142857313
102976  -33.795  16.245  -18.860 0.7142857313
103899  -33.660  16.942  -19.346 0.7142857313
102138  -32.849  14.634  -19.050 0.4285714328
103897  -30.483  17.678  -19.147 0.2857142985
103911  -31.361  17.854  -19.898 0.4285714328
104916  -33.522  17.937  -19.700 0.4285714328
103923  -31.991  18.105  -20.392 0.4285714328
103888  -30.031  17.691  -17.894 0.2857142985
103910  -30.799  18.105  -19.627 0.4285714328
71276  -34.136  -12.272  -9.896 0.4285714328
102988  -32.000  17.090  -19.693 0.4285714328
103898  -30.966  17.452  -19.296 0.2857142985
103887  -29.774  17.487  -18.446 0.2857142985
61587  -30.537  -19.401  -5.688 0.4285714328
61588  -31.040  -19.048  -6.497 0.2857142985
61615  -30.691  -19.554  -6.904 0.2857142985
63834  -31.517  -17.655  -4.040 0.4285714328
64955  -31.677  -16.691  -5.457 0.4285714328
65004  -32.028  -16.096  -7.930 0.2857142985
68530  -32.891  -14.242  -8.416 0.4285714328
68548  -33.252  -13.750  -8.892 0.2857142985
71260  -33.868  -12.181  -9.288 0.5714285970
72520  -34.222  -11.688  -9.577 0.5714285970
75081  -36.945  -9.363  -10.392 0.7142857313
75055  -37.177  -8.290  -8.437 0.5714285970
72565  -36.074  -10.423  -11.292 0.7142857313
73806  -36.703  -10.026  -10.963 0.7142857313
72564  -35.504  -10.641  -10.964 0.7142857313
75112  -36.929  -9.020  -12.038 0.5714285970
76450  -37.840  -7.163  -12.207 0.8571428657
77719  -37.556  -6.771  -13.188 0.8571428657
83380  -38.459  -1.197  -14.430 0.8571428657
82155  -38.092  -2.987  -14.090 0.8571428657
91376  -34.901  5.350  -15.881 0.8571428657
101165  -34.626  14.564  -16.317 0.8571428657
102089  -34.809  15.259  -16.690 0.8571428657
102962  -34.489  16.317  -18.160 0.7142857313
102125  -32.320  15.348  -18.569 0.4285714328
102974  -31.678  16.602  -19.001 0.4285714328
102950  -29.999  16.438  -17.413 0.2857142985
103875  -30.533  17.373  -17.251 0.2857142985
103858  -31.329  17.428  -16.125 0.1428571492
92442  -34.749  6.812  -15.063 1.0000000000
103913  -33.158  17.425  -19.777 0.5714285970
106922  -31.533  21.109  -22.267 0.2857142985
107880  -31.417  21.482  -21.240 0.1428571492
105902  -31.647  19.729  -20.888 0.2857142985
106916  -32.007  20.718  -21.883 0.2857142985
106908  -31.482  20.464  -20.612 0.1428571492
107881  -31.861  21.870  -20.576 0.1428571492
105894  -30.728  18.774  -19.691 0.1428571492
104922  -31.425  18.726  -20.321 0.2857142985
105895  -31.005  19.379  -19.959 0.1428571492
107892  -32.955  21.285  -21.688 0.2857142985
106909  -32.197  20.209  -21.321 0.2857142985
106879  -36.412  20.746  -17.191 0.2857142985
108794  -34.481  21.683  -18.792 0.2857142985
106902  -32.348  21.108  -19.178 0.1428571492
104924  -32.658  19.022  -20.723 0.2857142985
105871  -34.741  19.387  -17.495 0.2857142985
106903  -33.345  20.228  -20.387 0.2857142985
105903  -32.295  19.649  -20.947 0.2857142985
104876  -36.939  18.856  -16.086 0.1428571492
106877  -34.533  20.194  -18.076 0.2857142985
107860  -33.908  20.711  -19.200 0.2857142985
106892  -33.771  20.114  -19.647 0.2857142985
105904  -32.943  19.493  -20.628 0.2857142985
103864  -39.716  17.452  -15.358 0.1428571492
104863  -38.458  18.362  -15.444 0.1428571492
106863  -35.565  19.829  -16.865 0.4285714328
105884  -34.252  19.270  -18.465 0.2857142985
102048  -36.849  15.030  -13.720 0.2857142985
103860  -35.864  17.065  -15.716 0.4285714328
104873  -34.789  18.774  -17.208 0.2857142985
104915  -33.115  18.453  -20.241 0.2857142985
100167  -38.200  13.695  -13.555 0.1428571492
103844  -37.371  17.236  -14.553 0.2857142985
104874  -35.109  18.316  -16.764 0.4285714328
102074  -35.983  15.750  -14.720 0.5714285970
102952  -35.428  16.636  -16.480 0.7142857313
97978  -37.878  11.983  -13.137 0.1428571492
100166  -37.407  13.701  -13.619 0.1428571492
102939  -35.573  16.314  -15.752 0.7142857313
103889  -34.772  17.233  -17.759 0.4285714328
101150  -36.468  14.487  -13.925 0.4285714328
96838  -37.791  10.469  -12.168 0.2857142985
96850  -36.677  11.057  -12.770 0.7142857313
102073  -35.424  15.507  -15.336 0.7142857313
97976  -36.040  11.523  -13.903 0.8571428657
100175  -35.487  13.951  -14.588 0.5714285970
95728  -37.549  8.853  -11.522 0.2857142985
96826  -37.567  9.689  -11.784 0.2857142985
100176  -36.060  13.777  -14.214 0.7142857313
99167  -35.119  12.376  -16.384 0.5714285970
99135  -35.671  13.160  -14.720 0.8571428657
94628  -37.763  7.868  -11.046 0.1428571492
96836  -35.948  9.650  -12.548 0.7142857313
93540  -37.700  7.054  -11.207 0.1428571492
84638  -35.747  -0.645  -16.121 0.5714285970
88066  -35.771  2.106  -16.105 0.8571428657
86961  -36.080  1.679  -16.426 0.4285714328
89167  -35.447  3.238  -15.812 0.5714285970
92422  -35.762  6.231  -13.055 0.8571428657
95744  -34.806  8.710  -13.848 0.8571428657
92396  -37.370  6.156  -11.736 0.2857142985
93546  -35.249  7.663  -12.735 0.8571428657
95745  -35.317  9.259  -13.314 0.8571428657
97993  -35.741  11.999  -14.684 0.8571428657
91295  -38.095  5.516  -11.852 0.4285714328
93547  -35.856  6.992  -12.356 0.7142857313
95735  -35.669  8.892  -12.458 0.7142857313
83401  -35.378  -1.303  -16.145 0.2857142985
85833  -36.383  0.476  -16.154 0.5714285970
91360  -35.831  5.485  -13.846 0.8571428657
92444  -35.670  6.202  -13.803 0.8571428657
92421  -35.511  6.756  -13.733 0.8571428657
93555  -35.118  7.424  -13.504 0.8571428657
91316  -37.289  5.368  -12.049 0.4285714328
91338  -36.221  5.370  -12.844 0.8571428657
91317  -38.051  4.803  -12.199 0.4285714328
77733  -36.770  -6.436  -14.124 0.7142857313
78829  -36.367  -5.070  -15.136 0.4285714328
77725  -37.260  -6.457  -13.696 0.7142857313
79898  -37.424  -4.391  -14.622 0.8571428657
80996  -36.721  -3.511  -15.277 0.5714285970
82172  -35.914  -2.617  -15.786 0.5714285970
82178  -35.205  -2.485  -16.053 0.4285714328
82165  -37.613  -2.589  -14.383 0.8571428657
82173  -36.436  -2.529  -15.306 0.5714285970
83379  -37.864  -1.273  -14.942 0.8571428657
84628  -37.101  -0.365  -15.455 0.7142857313
83390  -36.457  -1.250  -15.610 0.5714285970
88028  -37.985  2.494  -13.680 0.7142857313
90230  -37.093  3.984  -13.191 0.7142857313
90229  -36.387  4.592  -13.497 0.8571428657
87987  -39.404  2.647  -11.939 0.2857142985
89114  -38.509  2.990  -12.635 0.4285714328
90219  -38.278  3.921  -12.268 0.5714285970
75119  -37.080  -9.402  -13.312 0.4285714328
75136  -37.045  -8.345  -14.360 0.4285714328
77732  -36.217  -6.802  -14.474 0.4285714328
79894  -37.674  -4.858  -13.901 0.7142857313
80986  -37.936  -3.642  -14.042 0.7142857313
86932  -39.247  1.474  -13.141 0.7142857313
86912  -39.546  1.725  -12.796 0.2857142985
72599  -37.106  -10.161  -12.864 0.4285714328
72613  -37.563  -10.453  -15.151 0.5714285970
75126  -37.044  -8.580  -14.090 0.5714285970
76455  -36.724  -7.646  -13.924 0.5714285970
84585  -39.643  -0.435  -12.156 0.4285714328
85784  -40.048  0.516  -12.570 0.4285714328
86913  -39.940  1.518  -12.737 0.4285714328
86933  -39.759  0.878  -13.206 0.4285714328
72581  -34.946  -10.981  -11.551 0.5714285970
76393  -37.802  -7.346  -8.351 0.4285714328
78768  -38.321  -5.481  -9.440 0.4285714328
82103  -38.994  -2.146  -10.329 0.4285714328
80941  -38.785  -3.639  -10.787 0.4285714328
83315  -39.378  -1.371  -10.698 0.4285714328
83333  -39.338  -1.250  -11.658 0.4285714328
67321  -32.742  -13.972  -5.985 0.1428571492
80913  -38.614  -3.801  -9.671 0.4285714328
82079  -38.733  -2.937  -10.070 0.4285714328
69828  -34.084  -12.331  -6.802 0.1428571492
72489  -36.360  -10.050  -7.488 0.2857142985
76394  -38.575  -8.092  -7.679 0.2857142985
78728  -38.889  -5.611  -7.319 0.2857142985
77655  -38.630  -7.035  -7.732 0.2857142985
75056  -37.977  -8.311  -7.914 0.4285714328
77654  -38.200  -6.146  -8.458 0.2857142985
79806  -38.669  -4.508  -8.086 0.2857142985
79820  -38.518  -4.708  -8.519 0.4285714328
68511  -33.928  -12.673  -5.823 0.1428571492
68510  -33.248  -13.412  -6.720 0.1428571492
71180  -35.490  -11.357  -6.071 0.2857142985
71203  -35.933  -10.835  -6.539 0.2857142985
73698  -37.872  -9.659  -6.772 0.2857142985
73728  -39.113  -9.523  -7.130 0.2857142985
75027  -38.558  -8.968  -7.713 0.2857142985
73759  -37.763  -8.906  -7.794 0.2857142985
75057  -38.573  -8.712  -7.724 0.2857142985
68512  -34.506  -12.549  -5.415 0.1428571492
71182  -37.062  -10.537  -5.263 0.2857142985
69793  -35.558  -11.734  -5.472 0.2857142985
72438  -36.648  -10.388  -6.420 0.2857142985
71202  -34.972  -11.428  -6.902 0.2857142985
72462  -37.097  -9.984  -6.812 0.2857142985
64940  -31.652  -16.802  -4.951 0.2857142985
67282  -32.713  -14.788  -4.850 0.1428571492
66107  -32.106  -15.693  -5.285 0.2857142985
67298  -32.790  -14.096  -5.230 0.1428571492
61566  -30.375  -19.517  -4.491 0.2857142985
61544  -30.467  -19.973  -3.700 0.2857142985
61565  -29.970  -19.928  -4.640 0.2857142985
61545  -30.800  -19.268  -3.541 0.1428571492
60355  -29.563  -20.384  -4.733 0.2857142985
60338  -29.448  -21.007  -4.142 0.1428571492
69829  -34.803  -12.071  -5.902 0.1428571492
71181  -36.284  -10.870  -5.649 0.2857142985
73678  -37.863  -9.741  -6.437 0.2857142985
75028  -39.183  -8.982  -7.491 0.2857142985
73727  -38.334  -9.257  -7.437 0.2857142985
78727  -38.583  -5.282  -8.004 0.2857142985
80873  -38.799  -3.972  -7.910 0.2857142985
78830  -36.979  -4.678  -15.053 0.7142857313
82063  -38.689  -3.076  -9.152 0.4285714328
83391  -37.171  -1.208  -15.330 0.5714285970
82102  -38.913  -2.722  -10.810 0.4285714328
85785  -40.295  0.722  -11.899 0.2857142985
88005  -40.008  1.994  -12.173 0.2857142985
88004  -39.346  2.231  -12.450 0.5714285970
96868  -34.949  10.701  -15.974 0.7142857313
101177  -34.530  14.516  -17.141 0.4285714328
100199  -34.535  13.775  -16.655 0.5714285970
100189  -34.990  13.704  -15.219 0.7142857313
95753  -35.322  10.104  -14.047 0.8571428657
95736  -36.357  8.983  -11.983 0.5714285970
104903  -33.958  18.361  -19.254 0.2857142985
101151  -37.099  14.443  -13.624 0.4285714328
102059  -36.426  15.366  -14.195 0.4285714328
106890  -31.636  20.102  -18.249 0.1428571492
105860  -36.560  19.363  -16.334 0.2857142985
104862  -37.353  18.330  -15.545 0.1428571492
108803  -33.605  21.571  -20.314 0.2857142985
61567  -30.767  -18.864  -4.197 0.1428571492
60372  -30.180  -19.948  -6.521 0.2857142985
63855  -31.728  -17.132  -4.272 0.1428571492
66095  -32.626  -15.491  -4.328 0.1428571492
66106  -31.784  -16.167  -5.427 0.2857142985
68484  -33.387  -13.435  -5.402 0.1428571492
68486  -35.107  -12.510  -4.928 0.1428571492
72460  -35.732  -10.651  -7.259 0.2857142985
72461  -36.513  -10.428  -6.998 0.2857142985
76371  -39.524  -7.835  -7.281 0.2857142985
72606  -38.299  -10.205  -14.390 0.5714285970
76471  -36.286  -8.002  -15.258 0.2857142985
79807  -38.995  -4.687  -7.430 0.2857142985
82042  -38.746  -3.187  -8.190 0.2857142985
78825  -36.934  -5.537  -14.408 0.7142857313
78819  -37.518  -5.624  -13.821 0.5714285970
79908  -35.109  -4.219  -16.025 0.4285714328
79902  -36.566  -4.258  -15.425 0.5714285970
84637  -35.294  -0.456  -16.952 0.2857142985
83389  -35.903  -1.916  -15.814 0.5714285970
82080  -38.939  -2.404  -9.578 0.2857142985
80991  -36.895  -3.119  -14.755 0.7142857313
85844  -35.831  0.185  -16.899 0.2857142985
83294  -39.338  -1.575  -9.561 0.1428571492
84566  -39.674  -0.550  -11.207 0.4285714328
85765  -40.281  0.805  -11.277 0.1428571492
88029  -38.531  2.221  -13.262 0.5714285970
89106  -39.131  3.277  -11.748 0.2857142985
90218  -37.549  4.392  -12.536 0.5714285970
92405  -36.636  6.089  -12.156 0.7142857313
92397  -38.337  6.363  -11.586 0.2857142985
93541  -38.436  7.429  -11.484 0.1428571492
104912  -30.569  18.387  -19.453 0.2857142985
93539  -36.602  6.966  -11.409 0.4285714328
95729  -38.151  9.156  -11.667 0.1428571492
97977  -36.785  11.906  -13.413 0.5714285970
96827  -38.180  9.819  -11.980 0.1428571492
97963  -37.337  11.201  -12.630 0.1428571492
99124  -38.508  12.833  -13.346 0.1428571492
105882  -30.911  19.369  -18.872 0.1428571492
100165  -36.677  13.706  -13.768 0.5714285970
101152  -37.840  14.489  -13.577 0.1428571492
105859  -35.619  19.288  -16.525 0.2857142985
104861  -36.635  17.977  -15.684 0.2857142985
102913  -37.327  15.733  -13.713 0.2857142985
102915  -38.423  16.014  -13.688 0.1428571492
102929  -38.976  16.511  -14.163 0.1428571492
103845  -38.356  17.522  -14.684 0.1428571492
106880  -37.430  20.717  -17.191 0.2857142985
106866  -37.818  20.089  -16.693 0.1428571492
105862  -38.647  19.424  -16.549 0.1428571492
62708  -31.894  -17.776  -3.304 0.1428571492
67283  -33.384  -13.941  -4.442 0.1428571492
87988  -39.822  2.576  -11.757 0.2857142985
104878  -39.433  18.650  -16.362 0.1428571492
107849  -36.938  21.371  -17.789 0.2857142985
62730  -30.589  -18.919  -4.851 0.2857142985
64941  -32.033  -16.493  -4.503 0.1428571492
71201  -34.394  -11.921  -7.313 0.2857142985
71230  -34.999  -10.854  -7.631 0.4285714328
76456  -37.121  -7.190  -13.396 0.5714285970
75118  -36.845  -8.774  -13.480 0.4285714328
83314  -39.054  -2.042  -11.205 0.4285714328
77726  -37.811  -6.371  -13.252 0.7142857313
89130  -37.480  3.092  -13.678 0.7142857313
86962  -36.396  1.395  -16.115 0.8571428657
84618  -37.817  -0.417  -14.979 0.8571428657
89129  -36.643  3.633  -13.957 0.8571428657
90243  -35.535  4.981  -15.066 0.8571428657
102072  -34.899  15.193  -15.995 0.7142857313
103890  -35.227  17.338  -17.035 0.5714285970
104889  -34.597  18.290  -17.876 0.2857142985
85804  -39.647  0.356  -13.205 0.4285714328
72563  -34.754  -11.168  -10.892 0.5714285970
73726  -37.110  -9.356  -7.309 0.2857142985
79839  -38.456  -4.622  -9.187 0.4285714328
94653  -34.918  8.240  -13.358 0.8571428657
96860  -35.640  10.929  -14.348 0.8571428657
103922  -31.719  18.332  -20.354 0.2857142985
104902  -33.626  18.868  -19.750 0.2857142985
104923  -32.150  18.726  -20.634 0.2857142985
104913  -30.899  18.511  -19.907 0.2857142985
105912  -31.788  20.344  -21.381 0.2857142985
107890  -31.109  21.485  -22.210 0.1428571492
106915  -31.548  20.753  -21.538 0.2857142985
107871  -31.696  21.161  -20.372 0.1428571492
106917  -32.460  20.904  -21.738 0.2857142985
106910  -32.604  20.458  -21.113 0.2857142985
106878  -35.339  20.351  -17.318 0.2857142985
107873  -33.708  21.024  -19.884 0.2857142985
107861  -34.295  20.946  -18.591 0.2857142985
106901  -31.647  20.496  -19.460 0.1428571492
105858  -34.996  19.107  -16.891 0.2857142985
105896  -33.523  19.384  -20.074 0.2857142985
104875  -36.247  18.447  -16.089 0.2857142985
105861  -37.500  19.330  -16.219 0.1428571492
105845  -38.113  18.941  -15.869 0.1428571492
106893  -34.037  20.095  -18.850 0.2857142985
104864  -39.272  18.221  -15.655 0.1428571492
104847  -37.668  17.836  -14.924 0.1428571492
105846  -38.535  18.886  -15.945 0.1428571492
106865  -36.973  20.090  -16.663 0.1428571492
102049  -37.435  15.219  -13.560 0.1428571492
102940  -36.054  16.450  -15.091 0.4285714328
103876  -35.634  17.599  -16.268 0.5714285970
101153  -38.632  14.558  -13.606 0.1428571492
99123  -37.633  12.858  -13.450 0.1428571492
103861  -36.646  17.454  -15.205 0.2857142985
102928  -38.010  16.652  -13.990 0.2857142985
102926  -36.434  16.121  -14.511 0.4285714328
102058  -35.758  15.178  -14.653 0.5714285970
101159  -35.303  14.604  -14.877 0.7142857313
99122  -36.949  13.000  -13.629 0.5714285970
96837  -36.756  10.227  -12.176 0.5714285970
96849  -35.993  10.635  -13.244 0.7142857313
99136  -36.276  12.803  -14.031 0.7142857313
94636  -36.463  8.169  -11.372 0.5714285970
92395  -36.875  6.413  -11.755 0.4285714328
94642  -35.320  8.429  -12.726 0.8571428657
84627  -36.219  -0.247  -15.925 0.5714285970
86972  -36.255  1.005  -17.213 0.4285714328
92406  -37.086  5.866  -11.940 0.4285714328
94643  -35.616  7.918  -12.051 0.8571428657
90217  -36.774  4.767  -12.643 0.7142857313
76463  -36.872  -8.054  -14.606 0.5714285970
78824  -36.016  -5.746  -14.768 0.4285714328
79903  -37.193  -4.003  -15.198 0.7142857313
80992  -37.360  -3.576  -14.684 0.7142857313
80995  -35.924  -3.487  -15.751 0.4285714328
81002  -35.176  -3.431  -15.988 0.2857142985
83378  -36.976  -1.811  -14.897 0.7142857313
89131  -38.149  2.923  -13.318 0.5714285970
89113  -37.871  3.573  -12.971 0.7142857313
75127  -37.875  -9.368  -14.228 0.5714285970
75145  -38.514  -9.226  -15.037 0.5714285970
86914  -40.320  1.465  -11.863 0.2857142985
78744  -38.361  -5.231  -8.704 0.4285714328
72490  -36.823  -10.000  -7.183 0.2857142985
77632  -38.679  -6.192  -7.863 0.2857142985
80896  -38.604  -3.963  -8.666 0.4285714328
68460  -33.876  -13.473  -4.795 0.1428571492
68485  -34.236  -13.042  -5.112 0.1428571492
72439  -37.467  -10.018  -6.097 0.2857142985
60356  -30.100  -20.085  -4.290 0.1428571492
62686  -31.444  -19.135  -2.968 0.1428571492
85764  -40.036  0.192  -11.679 0.2857142985
63835  -32.070  -17.142  -3.690 0.1428571492
104901  -30.613  18.930  -18.317 0.1428571492
98005  -34.965  11.398  -16.460 0.5714285970
95776  -33.916  9.194  -16.565 0.4285714328
95777  -34.229  10.114  -16.550 0.5714285970
94681  -33.703  8.393  -16.511 0.4285714328
91390  -34.607  5.448  -16.464 0.4285714328
93582  -33.929  7.394  -15.755 0.4285714328
92480  -33.986  6.755  -17.302 0.4285714328
93581  -33.538  7.886  -16.271 0.5714285970
94670  -33.625  8.232  -15.910 0.5714285970
90264  -35.012  3.688  -16.287 0.5714285970
78710  -40.367  -5.833  -6.502 0.1428571492
79787  -39.442  -4.442  -6.768 0.1428571492
67360  -33.013  -14.373  -9.299 0.2857142985
77633  -39.306  -6.531  -7.215 0.1428571492
77594  -41.581  -6.940  -5.530 0.1428571492
77614  -40.536  -6.777  -6.528 0.1428571492
78692  -41.655  -6.068  -5.913 0.1428571492
67359  -32.759  -14.888  -9.004 0.2857142985
75004  -39.986  -8.663  -6.829 0.1428571492
74983  -40.935  -8.575  -6.140 0.1428571492
76350  -40.031  -8.086  -6.865 0.1428571492
76352  -41.033  -7.765  -5.872 0.1428571492
76315  -42.235  -7.835  -4.413 0.1428571492
78662  -43.611  -5.694  -3.480 0.1428571492
77579  -42.813  -6.866  -4.015 0.1428571492
77580  -43.299  -6.144  -3.973 0.1428571492
66171  -32.104  -15.732  -8.591 0.2857142985
72440  -38.588  -9.985  -5.955 0.1428571492
72441  -39.283  -10.070  -5.476 0.1428571492
73700  -39.834  -9.777  -6.441 0.1428571492
73699  -38.794  -9.716  -6.712 0.1428571492
74984  -41.286  -8.953  -5.729 0.1428571492
73702  -41.115  -9.700  -6.047 0.1428571492
76314  -41.924  -8.348  -4.769 0.1428571492
74940  -42.911  -8.020  -2.266 0.1428571492
77550  -43.478  -6.573  -1.836 0.1428571492
77562  -42.901  -7.046  -3.321 0.1428571492
65020  -31.554  -16.326  -8.298 0.2857142985
63936  -31.366  -17.054  -8.209 0.2857142985
72413  -38.394  -10.280  -4.835 0.1428571492
73680  -39.959  -9.920  -5.116 0.1428571492
73663  -41.256  -9.554  -4.811 0.1428571492
73681  -40.678  -9.937  -5.512 0.1428571492
74965  -41.936  -8.766  -4.265 0.1428571492
74939  -42.632  -8.422  -2.448 0.1428571492
74950  -42.256  -8.638  -3.382 0.1428571492
78649  -43.759  -5.741  -2.509 0.1428571492
71156  -36.583  -11.002  -4.832 0.1428571492
71157  -37.276  -10.714  -4.441 0.1428571492
72414  -39.355  -10.190  -4.046 0.1428571492
71158  -38.054  -10.882  -3.766 0.1428571492
72391  -41.077  -10.003  -3.099 0.1428571492
72392  -41.448  -10.115  -2.808 0.1428571492
73662  -40.394  -9.839  -4.367 0.1428571492
73644  -41.573  -9.498  -3.457 0.1428571492
74926  -42.978  -8.298  -1.645 0.1428571492
73628  -42.306  -9.515  -2.311 0.1428571492
76280  -43.302  -7.490  -1.014 0.1428571492
69758  -36.592  -11.485  -4.242 0.1428571492
69728  -38.628  -11.970  -2.478 0.1428571492
71159  -38.526  -11.150  -3.040 0.1428571492
72389  -39.934  -10.335  -3.112 0.1428571492
71118  -41.427  -11.070  -1.915 0.1428571492
71117  -40.877  -11.018  -2.054 0.1428571492
72371  -41.905  -10.576  -2.306 0.1428571492
72348  -42.445  -10.543  -1.461 0.1428571492
69761  -38.251  -11.730  -2.730 0.1428571492
69760  -37.864  -11.634  -3.013 0.1428571492
69679  -40.047  -12.160  -1.709 0.1428571492
69700  -39.372  -12.012  -2.135 0.1428571492
71095  -41.120  -11.685  -1.566 0.1428571492
71094  -40.567  -11.634  -1.735 0.1428571492
73611  -42.762  -9.805  -1.257 0.1428571492
71097  -42.087  -11.368  -1.306 0.1428571492
71137  -39.237  -10.956  -2.671 0.1428571492
72368  -40.347  -10.391  -2.823 0.1428571492
73643  -40.918  -9.721  -3.856 0.1428571492
77539  -43.963  -6.679  -0.890 0.1428571492
78650  -44.299  -4.952  -2.045 0.1428571492
76291  -43.010  -7.435  -2.310 0.1428571492
76331  -42.010  -7.517  -4.956 0.1428571492
76300  -42.701  -7.656  -3.194 0.1428571492
65003  -31.779  -16.630  -7.802 0.2857142985
73594  -42.962  -10.166  -0.746 0.1428571492
74909  -43.518  -8.698  -0.703 0.1428571492
78636  -44.235  -5.935  -1.564 0.1428571492
90253  -34.833  4.957  -16.147 0.4285714328
78663  -44.083  -5.005  -3.220 0.1428571492
77563  -43.211  -6.565  -3.055 0.1428571492
78678  -42.881  -5.859  -4.849 0.1428571492
78679  -43.568  -5.535  -4.261 0.1428571492
80874  -39.213  -3.600  -7.288 0.1428571492
96879  -34.543  10.950  -16.761 0.4285714328
99166  -34.697  12.903  -16.951 0.4285714328
107851  -38.418  20.925  -17.974 0.1428571492
98020  -35.103  11.825  -16.483 0.4285714328
65021  -31.881  -16.220  -8.180 0.2857142985
107863  -36.532  21.918  -18.467 0.1428571492
78709  -39.521  -5.465  -6.786 0.1428571492
73679  -38.167  -9.749  -6.406 0.1428571492
69794  -36.045  -11.800  -4.795 0.1428571492
72412  -37.764  -10.268  -5.323 0.1428571492
82064  -39.055  -2.367  -8.747 0.1428571492
76372  -40.049  -7.790  -6.890 0.1428571492
77613  -39.978  -6.361  -6.818 0.1428571492
77615  -41.074  -7.067  -5.931 0.1428571492
78711  -40.937  -6.246  -6.259 0.1428571492
76330  -41.549  -7.831  -5.270 0.1428571492
76351  -40.564  -7.941  -6.450 0.1428571492
77595  -42.150  -6.861  -5.075 0.1428571492
79789  -40.889  -5.506  -6.197 0.1428571492
79767  -41.180  -4.747  -5.930 0.1428571492
78693  -42.275  -5.961  -5.398 0.1428571492
73701  -40.839  -9.720  -6.136 0.1428571492
75005  -40.706  -9.070  -6.332 0.1428571492
76329  -41.049  -8.226  -5.884 0.1428571492
74964  -41.720  -8.850  -4.943 0.1428571492
72463  -39.182  -9.924  -6.377 0.1428571492
73664  -41.630  -9.191  -4.401 0.1428571492
73661  -39.931  -9.931  -4.551 0.1428571492
74925  -42.691  -9.021  -1.751 0.1428571492
69759  -37.046  -11.743  -3.490 0.1428571492
72390  -40.518  -9.966  -3.417 0.1428571492
72370  -41.268  -10.567  -2.515 0.1428571492
72369  -40.734  -10.478  -2.686 0.1428571492
72415  -40.060  -9.990  -3.730 0.1428571492
71096  -41.623  -11.603  -1.426 0.1428571492
71074  -42.784  -11.354  -0.592 0.1428571492
71116  -40.115  -11.034  -2.249 0.1428571492
59165  -28.379  -20.996  -5.254 0.1428571492
59182  -28.454  -20.875  -6.037 0.1428571492
59183  -29.111  -20.618  -6.259 0.1428571492
60371  -29.712  -20.202  -5.816 0.1428571492
61636  -30.630  -19.468  -8.004 0.1428571492
62809  -30.689  -18.454  -8.306 0.1428571492
61637  -31.228  -19.137  -7.862 0.1428571492
63921  -31.540  -17.458  -7.650 0.1428571492
62792  -29.217  -18.166  -7.669 0.1428571492
63934  -30.001  -17.472  -8.113 0.1428571492
62810  -31.260  -17.818  -8.193 0.1428571492
65018  -30.144  -16.521  -8.119 0.1428571492
66169  -30.338  -15.581  -8.423 0.1428571492
66182  -31.473  -15.227  -9.188 0.1428571492
66170  -31.224  -15.765  -8.625 0.1428571492
66183  -32.216  -15.246  -9.519 0.2857142985
67374  -32.634  -14.508  -9.851 0.1428571492
67375  -33.105  -14.041  -9.593 0.1428571492
67373  -31.659  -14.553  -9.851 0.2857142985
69905  -33.582  -12.754  -9.869 0.2857142985
72597  -35.833  -10.535  -12.552 0.4285714328
72598  -36.619  -10.378  -12.711 0.4285714328
72604  -36.960  -10.438  -13.575 0.4285714328
89184  -34.940  2.689  -16.344 0.2857142985
89183  -34.557  3.435  -16.863 0.2857142985
94697  -33.554  8.631  -18.147 0.2857142985
95787  -33.979  10.532  -16.970 0.4285714328
67386  -32.476  -13.888  -10.203 0.2857142985
68566  -33.236  -13.413  -9.607 0.1428571492
60406  -29.558  -19.616  -7.312 0.1428571492
62808  -29.823  -18.277  -8.059 0.1428571492
66181  -30.815  -15.173  -8.847 0.1428571492
68579  -31.825  -13.371  -10.241 0.2857142985
68565  -32.953  -13.797  -10.033 0.2857142985
68580  -32.654  -13.259  -10.251 0.2857142985
68581  -33.081  -13.171  -10.064 0.2857142985
69906  -33.956  -12.580  -10.393 0.2857142985
71295  -34.442  -11.816  -10.870 0.4285714328
71310  -34.321  -11.671  -11.708 0.4285714328
72596  -34.789  -10.896  -12.380 0.2857142985
86971  -35.994  1.613  -16.887 0.2857142985
88079  -34.659  2.415  -17.076 0.2857142985
90291  -33.756  3.617  -17.737 0.2857142985
90278  -34.102  4.240  -17.545 0.2857142985
92481  -34.325  6.151  -16.857 0.2857142985
93605  -33.712  7.551  -17.793 0.2857142985
92505  -32.860  6.819  -19.158 0.2857142985
94691  -33.750  8.512  -17.244 0.2857142985
69924  -33.244  -12.723  -10.632 0.2857142985
88080  -35.333  1.940  -16.984 0.2857142985
89199  -34.120  3.082  -17.433 0.2857142985
86982  -34.916  1.626  -18.028 0.2857142985
90277  -33.839  4.519  -17.938 0.2857142985
91412  -33.617  5.340  -18.719 0.2857142985
91401  -34.254  5.414  -17.319 0.2857142985
92495  -34.201  6.169  -17.448 0.2857142985
92506  -33.287  6.262  -18.907 0.2857142985
93593  -33.671  7.586  -16.819 0.2857142985
89208  -33.147  3.531  -18.656 0.2857142985
90290  -33.612  4.238  -18.241 0.2857142985
91400  -33.905  5.018  -18.017 0.2857142985
62794  -31.341  -18.460  -7.724 0.1428571492
71277  -34.311  -12.130  -10.406 0.4285714328
60395  -30.134  -19.820  -7.241 0.1428571492
60394  -29.500  -20.189  -6.787 0.1428571492
92494  -33.904  6.273  -18.126 0.2857142985
65019  -30.912  -16.464  -8.397 0.1428571492
60405  -28.999  -19.758  -7.017 0.1428571492
60407  -29.998  -19.542  -7.642 0.1428571492
61652  -30.567  -18.956  -8.178 0.1428571492
65002  -29.377  -16.631  -7.753 0.1428571492
63935  -30.744  -17.331  -8.328 0.1428571492
68564  -31.632  -13.954  -10.094 0.2857142985
90301  -33.205  4.599  -19.227 0.2857142985
73847  -36.305  -10.371  -14.918 0.2857142985
72608  -36.456  -10.411  -14.257 0.2857142985
76472  -37.167  -8.482  -15.221 0.2857142985
109758  -35.874  23.787  -22.570 0.1428571492
109748  -36.057  23.470  -21.358 0.1428571492
108816  -35.270  23.254  -21.143 0.1428571492
108795  -35.161  22.285  -18.801 0.1428571492
107862  -35.877  22.107  -18.516 0.1428571492
109771  -36.587  24.317  -23.482 0.1428571492
108805  -35.491  22.932  -20.182 0.1428571492
108827  -33.479  22.132  -22.192 0.1428571492
109780  -32.789  23.426  -23.473 0.1428571492
73852  -37.698  -9.747  -15.392 0.2857142985
75143  -36.957  -8.960  -15.620 0.2857142985
108797  -37.023  22.230  -19.117 0.1428571492
109749  -37.183  23.057  -21.186 0.1428571492
107848  -35.728  21.537  -17.934 0.1428571492
108796  -36.118  22.448  -19.100 0.1428571492
107847  -34.829  21.066  -17.989 0.1428571492
108814  -33.563  21.908  -21.000 0.1428571492
108828  -34.039  22.844  -22.881 0.1428571492
108848  -32.982  22.912  -23.356 0.1428571492
107899  -32.157  21.439  -22.880 0.1428571492
107897  -30.813  21.829  -23.102 0.1428571492
107900  -32.827  21.619  -22.554 0.1428571492
108804  -34.151  22.119  -19.840 0.1428571492
72603  -36.194  -10.347  -13.352 0.2857142985
109747  -35.293  23.390  -21.814 0.1428571492
109770  -35.562  23.958  -23.609 0.1428571492
108815  -34.431  22.869  -21.424 0.1428571492
110693  -36.129  24.654  -24.063 0.1428571492
109737  -36.867  22.847  -20.511 0.1428571492
88098  -33.882  2.128  -18.113 0.1428571492
88090  -34.494  2.048  -17.747 0.1428571492
89209  -33.374  2.887  -17.832 0.1428571492
91424  -33.243  5.572  -19.258 0.1428571492
91421  -31.177  5.898  -19.753 0.1428571492
92515  -31.758  6.644  -19.761 0.1428571492
86983  -35.587  1.434  -17.979 0.1428571492
92517  -32.969  6.098  -19.351 0.1428571492
93621  -31.332  7.583  -19.711 0.1428571492
94705  -31.674  8.428  -19.475 0.1428571492
95803  -31.981  9.272  -19.256 0.2857142985
79901  -35.810  -4.700  -15.674 0.2857142985
84636  -34.860  -0.643  -17.188 0.1428571492
85853  -35.248  0.231  -17.732 0.1428571492
85862  -35.081  0.939  -18.371 0.1428571492
90203  -38.713  4.564  -11.738 0.1428571492
88097  -33.459  2.472  -18.748 0.1428571492
93614  -33.197  7.475  -18.770 0.1428571492
94707  -33.031  8.735  -18.837 0.1428571492
95804  -32.700  9.249  -18.945 0.1428571492
96889  -33.477  10.693  -17.161 0.2857142985
100225  -32.902  13.570  -18.744 0.2857142985
99187  -32.983  12.988  -18.085 0.2857142985
102137  -32.626  14.709  -18.867 0.2857142985
104900  -30.347  18.413  -18.724 0.1428571492
102070  -31.160  15.917  -16.317 0.1428571492
96890  -34.201  11.151  -17.241 0.2857142985
95796  -33.092  9.629  -18.263 0.2857142985
98031  -34.098  11.807  -17.802 0.2857142985
100214  -34.430  13.612  -17.521 0.2857142985
99189  -34.012  12.569  -18.455 0.2857142985
99178  -33.259  12.375  -17.859 0.2857142985
101213  -33.751  14.333  -18.666 0.2857142985
99188  -33.536  12.757  -18.339 0.2857142985
102124  -30.813  16.273  -18.483 0.1428571492
100213  -32.439  13.470  -17.729 0.2857142985
104872  -31.157  18.339  -16.713 0.1428571492
98018  -32.491  11.803  -16.990 0.1428571492
102107  -32.007  14.992  -18.026 0.1428571492
101194  -31.404  15.180  -17.139 0.1428571492
101195  -31.960  14.615  -17.492 0.1428571492
94703  -29.840  8.403  -19.349 0.2857142985
100198  -31.989  13.821  -16.742 0.1428571492
102071  -31.872  15.849  -15.799 0.1428571492
93601  -28.382  7.646  -17.475 0.1428571492
91296  -39.044  5.473  -11.511 0.1428571492
88006  -40.240  2.141  -11.782 0.1428571492
83400  -34.660  -1.301  -16.726 0.1428571492
85861  -34.174  0.498  -18.130 0.1428571492
88106  -32.992  2.585  -19.316 0.1428571492
88105  -32.516  2.807  -19.674 0.1428571492
89217  -32.802  3.462  -19.371 0.1428571492
90299  -31.693  4.728  -20.033 0.1428571492
93620  -30.455  7.562  -19.615 0.1428571492
93623  -32.824  8.097  -19.108 0.1428571492
95802  -31.071  9.043  -19.141 0.2857142985
96895  -32.996  10.215  -17.605 0.1428571492
96894  -32.513  10.071  -17.904 0.1428571492
98030  -33.615  11.865  -17.781 0.2857142985
96878  -32.789  11.310  -16.886 0.1428571492
99151  -31.907  13.431  -16.255 0.1428571492
99165  -32.140  12.722  -16.733 0.2857142985
102105  -29.586  16.121  -18.633 0.1428571492
102088  -31.437  15.507  -16.498 0.1428571492
90204  -39.717  4.413  -11.162 0.1428571492
102086  -29.827  15.774  -17.782 0.1428571492
102951  -30.777  16.493  -16.644 0.1428571492
101222  -32.955  14.184  -19.237 0.2857142985
102087  -30.682  15.579  -16.965 0.1428571492
98019  -34.733  11.856  -17.080 0.2857142985
85854  -35.971  0.749  -17.688 0.1428571492
99179  -34.423  12.677  -17.788 0.2857142985
95786  -33.612  9.618  -17.256 0.1428571492
86992  -34.497  1.532  -18.240 0.1428571492
90300  -32.535  4.593  -19.870 0.1428571492
87000  -33.288  2.166  -19.190 0.1428571492
86991  -33.438  1.556  -18.794 0.1428571492
91423  -32.842  5.487  -19.673 0.1428571492
91422  -32.116  5.628  -19.917 0.1428571492
92514  -31.002  6.891  -20.030 0.1428571492
93622  -32.409  7.487  -19.365 0.1428571492
94704  -30.731  8.362  -19.482 0.1428571492
85852  -34.657  0.074  -17.886 0.1428571492
95795  -32.323  9.693  -18.616 0.2857142985
101212  -33.250  14.242  -19.097 0.2857142985
99177  -32.734  12.484  -17.521 0.1428571492
101211  -32.329  14.334  -18.354 0.2857142985
102937  -31.387  16.498  -15.982 0.1428571492
100227  -34.135  13.487  -18.331 0.2857142985
98029  -33.060  11.765  -17.329 0.1428571492
100226  -33.559  13.492  -18.849 0.2857142985
102106  -31.069  15.533  -17.879 0.1428571492
96888  -32.932  10.705  -17.004 0.2857142985
101175  -31.383  15.296  -16.791 0.1428571492
68578  -31.130  -12.949  -10.158 0.1428571492
69923  -32.235  -12.535  -10.604 0.1428571492
71292  -30.612  -11.543  -10.624 0.1428571492
71306  -31.064  -11.171  -11.001 0.1428571492
72579  -31.842  -10.867  -11.803 0.1428571492
71294  -32.185  -11.886  -11.025 0.1428571492
72593  -31.993  -10.472  -12.391 0.1428571492
71308  -32.620  -11.609  -11.556 0.1428571492
69935  -33.369  -12.239  -11.326 0.1428571492
73833  -32.386  -9.950  -12.933 0.1428571492
72595  -33.894  -10.870  -12.616 0.1428571492
72601  -34.226  -10.381  -13.162 0.1428571492
71319  -34.180  -11.276  -12.281 0.1428571492
73834  -33.035  -10.104  -12.990 0.1428571492
72602  -35.274  -10.397  -13.297 0.1428571492
73846  -35.535  -10.022  -14.622 0.1428571492
76470  -35.327  -7.651  -15.699 0.1428571492
77740  -35.623  -7.095  -15.102 0.1428571492
69934  -32.749  -12.241  -11.049 0.1428571492
69925  -34.067  -12.412  -11.086 0.1428571492
68563  -30.930  -13.516  -9.843 0.1428571492
69921  -30.454  -12.422  -10.117 0.1428571492
71293  -31.503  -11.830  -10.839 0.1428571492
77731  -35.690  -6.244  -15.010 0.1428571492
69922  -31.295  -12.449  -10.427 0.1428571492
69936  -33.857  -12.182  -11.585 0.1428571492
73841  -35.355  -10.059  -13.869 0.1428571492
72562  -30.529  -10.797  -10.975 0.1428571492
71307  -31.678  -11.329  -11.302 0.1428571492
72580  -32.509  -10.980  -12.037 0.1428571492
72594  -33.013  -10.653  -12.483 0.1428571492
71317  -33.069  -11.309  -12.025 0.1428571492
71309  -33.495  -11.820  -11.808 0.1428571492
72600  -33.484  -10.326  -12.980 0.1428571492
71318  -33.667  -11.340  -12.206 0.1428571492
73832  -31.262  -9.572  -12.494 0.1428571492
69904  -29.992  -12.875  -9.747 0.1428571492
61616  -31.160  -19.110  -7.323 0.1428571492
61635  -29.659  -18.981  -7.743 0.1428571492
61651  -30.280  -18.862  -8.119 0.1428571492
62793  -31.150  -18.986  -8.189 0.1428571492
67385  -32.074  -14.147  -10.175 0.2857142985
69682  -41.887  -11.974  -1.096 0.1428571492
71119  -41.764  -11.153  -1.747 0.1428571492
72330  -42.776  -10.492  -0.857 0.1428571492
72464  -39.279  -10.040  -6.141 0.1428571492
72547  -34.360  -11.913  -9.990 0.4285714328
72605  -37.590  -10.187  -13.921 0.5714285970
72607  -35.795  -10.216  -13.862 0.1428571492
72609  -37.341  -10.521  -14.425 0.5714285970
72610  -38.159  -10.545  -14.637 0.5714285970
72611  -38.766  -10.274  -14.744 0.5714285970
72612  -36.859  -10.489  -14.917 0.2857142985
72614  -38.416  -10.276  -15.162 0.5714285970
72615  -38.946  -10.029  -15.084 0.5714285970
73642  -40.611  -9.749  -3.894 0.1428571492
73682  -41.120  -9.637  -5.771 0.1428571492
73805  -36.068  -10.317  -10.890 0.7142857313
73807  -37.123  -9.676  -11.099 0.7142857313
73842  -37.782  -9.855  -14.022 0.5714285970
73843  -38.568  -9.931  -14.445 0.5714285970
73848  -38.929  -9.848  -14.759 0.5714285970
73853  -38.456  -9.664  -15.217 0.5714285970
73854  -38.927  -9.586  -15.022 0.5714285970
75006  -41.070  -9.465  -6.057 0.1428571492
75096  -37.099  -9.587  -10.805 0.8571428657
75111  -36.677  -8.678  -12.659 0.7142857313
75128  -38.644  -9.690  -14.580 0.5714285970
75137  -37.780  -8.798  -14.680 0.4285714328
75138  -38.593  -9.439  -14.723 0.5714285970
75144  -37.857  -9.003  -15.275 0.2857142985
76290  -42.814  -7.878  -2.566 0.1428571492
76301  -42.934  -7.157  -2.975 0.1428571492
76441  -36.720  -8.036  -12.814 0.8571428657
76448  -36.704  -7.873  -13.406 0.5714285970
76464  -37.535  -8.499  -15.011 0.2857142985
77634  -40.060  -7.213  -6.952 0.1428571492
77724  -36.685  -7.080  -14.077 0.5714285970
78823  -35.769  -5.830  -15.037 0.1428571492
80997  -37.096  -3.554  -15.032 0.7142857313
82164  -36.862  -2.492  -14.687 0.7142857313
83402  -35.864  -1.269  -15.874 0.5714285970
84647  -34.374  -0.470  -17.531 0.1428571492
84648  -35.000  -0.350  -17.421 0.1428571492
85843  -35.488  0.011  -17.233 0.1428571492
86984  -36.123  1.086  -17.795 0.1428571492
86993  -35.139  1.346  -18.295 0.1428571492
86999  -32.906  2.090  -19.400 0.1428571492
88068  -37.061  2.089  -14.862 1.0000000000
88091  -35.045  1.900  -17.471 0.2857142985
89168  -36.035  2.885  -15.480 1.0000000000
90263  -34.684  4.535  -16.634 0.4285714328
91294  -37.600  5.687  -11.865 0.2857142985
91315  -36.652  5.360  -12.326 0.4285714328
91359  -35.618  5.360  -14.676 0.8571428657
92516  -32.497  6.351  -19.550 0.1428571492
93532  -37.930  7.679  -11.098 0.1428571492
93554  -34.696  7.828  -13.963 0.8571428657
93556  -35.488  7.015  -13.060 0.8571428657
93594  -34.083  6.811  -16.544 0.4285714328
93613  -32.857  7.269  -19.126 0.1428571492
94629  -37.965  7.974  -11.057 0.1428571492
94637  -37.426  7.975  -11.108 0.1428571492
94652  -34.721  8.296  -13.868 0.8571428657
94706  -32.485  8.587  -19.270 0.1428571492
95727  -36.957  8.655  -11.540 0.5714285970
95765  -33.891  8.818  -15.987 0.4285714328
95805  -32.976  9.201  -18.768 0.1428571492
96825  -37.021  9.309  -11.745 0.2857142985
96893  -31.988  9.919  -18.136 0.1428571492
97994  -36.182  12.066  -13.975 0.8571428657
98037  -33.842  12.300  -18.273 0.2857142985
98038  -33.971  12.065  -18.191 0.2857142985
100237  -32.903  13.945  -19.168 0.2857142985
100238  -33.140  13.848  -19.143 0.2857142985
101160  -35.884  14.564  -14.369 0.5714285970
101166  -34.877  14.606  -15.562 0.8571428657
101176  -31.975  14.939  -16.467 0.1428571492
101191  -28.662  15.778  -18.980 0.1428571492
101192  -28.973  15.913  -19.051 0.1428571492
101193  -29.256  16.130  -19.027 0.1428571492
101208  -28.697  15.896  -19.131 0.1428571492
101209  -28.944  16.067  -19.326 0.1428571492
101210  -29.367  16.338  -19.085 0.2857142985
101221  -32.706  14.352  -18.949 0.2857142985
102060  -37.016  15.529  -13.798 0.2857142985
102103  -28.458  15.930  -19.040 0.1428571492
102104  -28.791  15.985  -18.970 0.1428571492
102121  -28.729  16.129  -19.126 0.2857142985
102122  -29.129  16.349  -19.046 0.2857142985
102914  -37.751  15.905  -13.621 0.2857142985
102927  -37.126  16.180  -14.095 0.2857142985
102959  -28.609  16.112  -18.993 0.1428571492
102960  -29.079  16.297  -18.814 0.2857142985
102961  -29.311  16.518  -18.310 0.2857142985
102970  -28.618  16.176  -18.916 0.2857142985
102971  -28.929  16.399  -18.894 0.2857142985
102973  -30.651  16.957  -18.893 0.2857142985
102987  -31.343  17.216  -19.345 0.2857142985
103843  -36.682  16.740  -14.621 0.4285714328
103846  -39.186  17.198  -14.798 0.1428571492
103862  -37.270  17.732  -15.046 0.2857142985
103863  -39.003  17.747  -15.198 0.1428571492
103877  -36.208  17.714  -15.793 0.4285714328
103914  -33.777  17.566  -19.428 0.7142857313
104848  -37.966  18.124  -15.039 0.1428571492
104877  -38.891  18.748  -15.959 0.1428571492
104887  -30.073  18.025  -18.210 0.2857142985
104890  -34.888  17.775  -17.329 0.2857142985
105872  -35.248  19.601  -17.003 0.2857142985
105881  -30.628  18.871  -19.363 0.1428571492
105883  -33.835  19.338  -19.334 0.2857142985
105913  -31.958  20.103  -21.305 0.2857142985
106864  -36.048  20.027  -16.682 0.4285714328
106923  -31.705  21.090  -22.579 0.2857142985
107850  -37.940  21.207  -17.821 0.1428571492
107874  -34.064  21.330  -19.220 0.2857142985
107882  -33.280  21.074  -20.726 0.2857142985
107889  -30.778  21.667  -22.721 0.1428571492
107891  -32.445  21.165  -22.202 0.2857142985
107898  -31.321  21.424  -22.912 0.1428571492
107905  -30.970  22.105  -23.229 0.1428571492
107906  -31.334  21.953  -23.303 0.1428571492
107907  -31.815  21.714  -23.361 0.1428571492
108784  -34.609  21.373  -18.377 0.1428571492
108785  -34.872  21.712  -18.239 0.1428571492
108806  -36.667  22.724  -19.903 0.1428571492
108817  -37.213  22.754  -20.343 0.1428571492
108837  -32.287  21.932  -23.359 0.1428571492
108845  -30.736  22.231  -23.090 0.1428571492
109736  -36.457  23.052  -20.591 0.1428571492
