#!ascii label  , from subject sub.01.bl.02 vox2ras=TkReg
374
73724  -35.732  -9.752  -8.628 0.0000000000
75136  -37.045  -8.345  -14.360 0.0000000000
94681  -33.703  8.393  -16.511 0.0000000000
90255  -35.894  3.671  -15.323 0.0000000000
83369  -38.837  -1.247  -13.753 0.0000000000
78768  -38.321  -5.481  -9.440 0.0000000000
95787  -33.979  10.532  -16.970 0.0000000000
85821  -37.639  0.378  -14.875 0.0000000000
82173  -36.436  -2.529  -15.306 0.0000000000
73824  -37.152  -9.846  -11.810 0.0000000000
77711  -38.380  -6.615  -11.920 0.0000000000
75083  -37.391  -7.990  -8.665 0.0000000000
67339  -32.512  -14.842  -8.035 0.0000000000
72563  -34.754  -11.168  -10.892 0.0000000000
102989  -32.588  17.176  -19.730 0.0000000000
102962  -34.489  16.317  -18.160 0.0000000000
101165  -34.626  14.564  -16.317 0.0000000000
99135  -35.671  13.160  -14.720 0.0000000000
95753  -35.322  10.104  -14.047 0.0000000000
92462  -34.638  6.239  -15.901 0.0000000000
93547  -35.856  6.992  -12.356 0.0000000000
90230  -37.093  3.984  -13.191 0.0000000000
86932  -39.247  1.474  -13.141 0.0000000000
84585  -39.643  -0.435  -12.156 0.0000000000
79894  -37.674  -4.858  -13.901 0.0000000000
80962  -39.012  -3.821  -11.922 0.0000000000
84638  -35.747  -0.645  -16.121 0.0000000000
82178  -35.205  -2.485  -16.053 0.0000000000
73787  -36.504  -9.483  -9.794 0.0000000000
75097  -37.254  -9.100  -10.877 0.0000000000
73788  -36.680  -8.992  -9.088 0.0000000000
62731  -30.930  -18.263  -4.633 0.0000000000
63874  -31.580  -17.628  -6.103 0.0000000000
66128  -31.763  -16.159  -5.881 0.0000000000
72581  -34.946  -10.981  -11.551 0.0000000000
71310  -34.321  -11.671  -11.708 0.0000000000
102108  -34.647  15.456  -17.554 0.0000000000
95776  -33.916  9.194  -16.565 0.0000000000
98006  -35.342  11.713  -15.855 0.0000000000
95766  -34.439  9.562  -15.697 0.0000000000
96860  -35.640  10.929  -14.348 0.0000000000
95752  -34.724  9.298  -14.462 0.0000000000
90254  -35.292  4.503  -15.680 0.0000000000
92443  -35.463  6.254  -14.538 0.0000000000
91360  -35.831  5.485  -13.846 0.0000000000
91338  -36.221  5.370  -12.844 0.0000000000
89129  -36.643  3.633  -13.957 0.0000000000
84619  -38.434  -0.391  -14.401 0.0000000000
86949  -38.374  1.439  -13.833 0.0000000000
85803  -39.094  0.447  -13.694 0.0000000000
85784  -40.048  0.516  -12.570 0.0000000000
83354  -39.338  -1.192  -12.555 0.0000000000
77732  -36.217  -6.802  -14.474 0.0000000000
78830  -36.979  -4.678  -15.053 0.0000000000
77725  -37.260  -6.457  -13.696 0.0000000000
77700  -38.381  -6.620  -10.937 0.0000000000
78807  -38.638  -5.756  -11.581 0.0000000000
79867  -38.563  -4.648  -10.138 0.0000000000
82102  -38.913  -2.722  -10.810 0.0000000000
80913  -38.614  -3.801  -9.671 0.0000000000
67320  -32.510  -14.584  -6.887 0.0000000000
68547  -33.023  -14.360  -8.931 0.0000000000
68531  -33.135  -13.500  -7.892 0.0000000000
69890  -33.821  -12.157  -8.484 0.0000000000
86961  -36.080  1.679  -16.426 0.0000000000
88067  -36.582  2.245  -15.346 0.0000000000
85833  -36.383  0.476  -16.154 0.0000000000
84628  -37.101  -0.365  -15.455 0.0000000000
83379  -37.864  -1.273  -14.942 0.0000000000
75119  -37.080  -9.402  -13.312 0.0000000000
76449  -37.305  -7.313  -12.806 0.0000000000
76432  -37.503  -8.183  -11.181 0.0000000000
76433  -37.992  -7.512  -10.503 0.0000000000
77679  -38.129  -6.649  -9.669 0.0000000000
66129  -32.020  -15.640  -6.502 0.0000000000
72613  -37.563  -10.453  -15.151 0.0000000000
72598  -36.619  -10.378  -12.711 0.0000000000
72565  -36.074  -10.423  -11.292 0.0000000000
72549  -35.066  -10.556  -10.035 0.0000000000
103923  -31.991  18.105  -20.392 0.0000000000
102138  -32.849  14.634  -19.050 0.0000000000
103899  -33.660  16.942  -19.346 0.0000000000
103889  -34.772  17.233  -17.759 0.0000000000
102952  -35.428  16.636  -16.480 0.0000000000
102939  -35.573  16.314  -15.752 0.0000000000
99167  -35.119  12.376  -16.384 0.0000000000
100189  -34.990  13.704  -15.219 0.0000000000
102058  -35.758  15.178  -14.653 0.0000000000
100165  -36.677  13.706  -13.768 0.0000000000
97977  -36.785  11.906  -13.413 0.0000000000
96850  -36.677  11.057  -12.770 0.0000000000
93582  -33.929  7.394  -15.755 0.0000000000
93569  -34.345  7.623  -14.691 0.0000000000
94642  -35.320  8.429  -12.726 0.0000000000
95736  -36.357  8.983  -11.983 0.0000000000
93539  -36.602  6.966  -11.409 0.0000000000
91317  -38.051  4.803  -12.199 0.0000000000
88049  -37.565  2.143  -14.285 0.0000000000
89131  -38.149  2.923  -13.318 0.0000000000
79902  -36.566  -4.258  -15.425 0.0000000000
80992  -37.360  -3.576  -14.684 0.0000000000
82155  -38.092  -2.987  -14.090 0.0000000000
78820  -38.098  -5.662  -13.269 0.0000000000
80975  -38.648  -3.711  -12.888 0.0000000000
82141  -39.105  -2.867  -12.563 0.0000000000
83332  -39.107  -2.008  -12.100 0.0000000000
83315  -39.378  -1.371  -10.698 0.0000000000
71276  -34.136  -12.272  -9.896 0.0000000000
71261  -34.048  -11.437  -8.816 0.0000000000
71230  -34.999  -10.854  -7.631 0.0000000000
73756  -35.751  -9.883  -9.439 0.0000000000
73757  -36.288  -9.339  -8.853 0.0000000000
73725  -36.192  -9.397  -7.968 0.0000000000
63834  -31.517  -17.655  -4.040 0.0000000000
63854  -31.422  -17.340  -4.950 0.0000000000
96859  -35.132  10.264  -14.974 0.0000000000
94670  -33.625  8.232  -15.910 0.0000000000
89167  -35.447  3.238  -15.812 0.0000000000
90264  -35.012  3.688  -16.287 0.0000000000
90243  -35.535  4.981  -15.066 0.0000000000
90244  -35.994  4.444  -14.629 0.0000000000
90229  -36.387  4.592  -13.497 0.0000000000
89151  -36.431  3.171  -14.816 0.0000000000
83380  -38.459  -1.197  -14.430 0.0000000000
84604  -39.041  -0.409  -13.827 0.0000000000
84605  -39.443  -0.405  -13.164 0.0000000000
83370  -39.243  -1.189  -13.151 0.0000000000
76463  -36.872  -8.054  -14.606 0.0000000000
77733  -36.770  -6.436  -14.124 0.0000000000
76455  -36.724  -7.646  -13.924 0.0000000000
78795  -38.482  -5.651  -10.500 0.0000000000
79839  -38.456  -4.622  -9.187 0.0000000000
79820  -38.518  -4.708  -8.519 0.0000000000
78744  -38.361  -5.231  -8.704 0.0000000000
68509  -32.779  -14.077  -7.601 0.0000000000
86972  -36.255  1.005  -17.213 0.0000000000
86962  -36.396  1.395  -16.115 0.0000000000
83390  -36.457  -1.250  -15.610 0.0000000000
83391  -37.171  -1.208  -15.330 0.0000000000
83378  -36.976  -1.811  -14.897 0.0000000000
73835  -37.196  -9.807  -13.024 0.0000000000
75112  -36.929  -9.020  -12.038 0.0000000000
75082  -37.151  -8.667  -9.465 0.0000000000
76416  -37.573  -8.255  -10.300 0.0000000000
76417  -37.695  -7.748  -9.489 0.0000000000
76393  -37.802  -7.346  -8.351 0.0000000000
62750  -30.732  -18.721  -5.243 0.0000000000
61587  -30.537  -19.401  -5.688 0.0000000000
67297  -32.410  -14.766  -5.776 0.0000000000
72604  -36.960  -10.438  -13.575 0.0000000000
72582  -35.610  -10.696  -11.769 0.0000000000
72564  -35.504  -10.641  -10.964 0.0000000000
102988  -32.000  17.090  -19.693 0.0000000000
103911  -31.361  17.854  -19.898 0.0000000000
103912  -32.383  17.695  -20.131 0.0000000000
104914  -32.426  18.198  -20.438 0.0000000000
102127  -34.064  15.324  -18.411 0.0000000000
102126  -33.279  15.211  -18.936 0.0000000000
102976  -33.795  16.245  -18.860 0.0000000000
103900  -34.269  17.260  -18.749 0.0000000000
102089  -34.809  15.259  -16.690 0.0000000000
102109  -35.090  15.911  -16.886 0.0000000000
102090  -35.214  15.810  -16.199 0.0000000000
102072  -34.899  15.193  -15.995 0.0000000000
96879  -34.543  10.950  -16.761 0.0000000000
99152  -35.367  12.709  -15.526 0.0000000000
101159  -35.303  14.604  -14.877 0.0000000000
100175  -35.487  13.951  -14.588 0.0000000000
101150  -36.468  14.487  -13.925 0.0000000000
100176  -36.060  13.777  -14.214 0.0000000000
97976  -36.040  11.523  -13.903 0.0000000000
96849  -35.993  10.635  -13.244 0.0000000000
90253  -34.833  4.957  -16.147 0.0000000000
91390  -34.607  5.448  -16.464 0.0000000000
92442  -34.749  6.812  -15.063 0.0000000000
92421  -35.511  6.756  -13.733 0.0000000000
93555  -35.118  7.424  -13.504 0.0000000000
93546  -35.249  7.663  -12.735 0.0000000000
95735  -35.669  8.892  -12.458 0.0000000000
94643  -35.616  7.918  -12.051 0.0000000000
94636  -36.463  8.169  -11.372 0.0000000000
90217  -36.774  4.767  -12.643 0.0000000000
92406  -37.086  5.866  -11.940 0.0000000000
91316  -37.289  5.368  -12.049 0.0000000000
91295  -38.095  5.516  -11.852 0.0000000000
90218  -37.549  4.392  -12.536 0.0000000000
86963  -37.069  1.422  -15.009 0.0000000000
88048  -36.938  2.504  -14.730 0.0000000000
88050  -38.131  2.078  -13.783 0.0000000000
88029  -38.531  2.221  -13.262 0.0000000000
89114  -38.509  2.990  -12.635 0.0000000000
88004  -39.346  2.231  -12.450 0.0000000000
84566  -39.674  -0.550  -11.207 0.0000000000
79908  -35.109  -4.219  -16.025 0.0000000000
79898  -37.424  -4.391  -14.622 0.0000000000
79903  -37.193  -4.003  -15.198 0.0000000000
80986  -37.936  -3.642  -14.042 0.0000000000
76450  -37.840  -7.163  -12.207 0.0000000000
77719  -37.556  -6.771  -13.188 0.0000000000
77720  -38.057  -6.587  -12.771 0.0000000000
79887  -38.662  -4.877  -12.412 0.0000000000
82122  -39.118  -2.867  -11.564 0.0000000000
82079  -38.733  -2.937  -10.070 0.0000000000
82103  -38.994  -2.146  -10.329 0.0000000000
69862  -33.934  -12.257  -7.679 0.0000000000
71229  -34.402  -11.539  -7.873 0.0000000000
72487  -34.624  -10.747  -8.388 0.0000000000
83389  -35.903  -1.916  -15.814 0.0000000000
82172  -35.914  -2.617  -15.786 0.0000000000
73806  -36.703  -10.026  -10.963 0.0000000000
75081  -36.945  -9.363  -10.392 0.0000000000
75055  -37.177  -8.290  -8.437 0.0000000000
73758  -36.925  -8.666  -8.133 0.0000000000
64979  -31.706  -16.774  -6.731 0.0000000000
64955  -31.677  -16.691  -5.457 0.0000000000
64956  -31.834  -16.235  -5.138 0.0000000000
72597  -35.833  -10.535  -12.552 0.0000000000
72596  -34.789  -10.896  -12.380 0.0000000000
71295  -34.442  -11.816  -10.870 0.0000000000
102974  -31.678  16.602  -19.001 0.0000000000
101196  -34.287  14.438  -18.000 0.0000000000
101177  -34.530  14.516  -17.141 0.0000000000
100199  -34.535  13.775  -16.655 0.0000000000
98005  -34.965  11.398  -16.460 0.0000000000
95777  -34.229  10.114  -16.550 0.0000000000
96868  -34.949  10.701  -15.974 0.0000000000
96869  -35.388  11.114  -15.177 0.0000000000
97993  -35.741  11.999  -14.684 0.0000000000
91376  -34.901  5.350  -15.881 0.0000000000
92463  -35.117  6.270  -15.248 0.0000000000
91377  -35.272  5.589  -15.309 0.0000000000
92444  -35.670  6.202  -13.803 0.0000000000
92422  -35.762  6.231  -13.055 0.0000000000
86948  -37.802  1.198  -14.467 0.0000000000
85822  -38.269  0.603  -14.249 0.0000000000
86933  -39.759  0.878  -13.206 0.0000000000
85804  -39.647  0.356  -13.205 0.0000000000
78829  -36.367  -5.070  -15.136 0.0000000000
78824  -36.016  -5.746  -14.768 0.0000000000
78825  -36.934  -5.537  -14.408 0.0000000000
78819  -37.518  -5.624  -13.821 0.0000000000
78814  -38.576  -5.946  -12.450 0.0000000000
79880  -38.651  -4.724  -11.238 0.0000000000
80941  -38.785  -3.639  -10.787 0.0000000000
82063  -38.689  -3.076  -9.152 0.0000000000
80896  -38.604  -3.963  -8.666 0.0000000000
68530  -32.891  -14.242  -8.416 0.0000000000
69861  -33.447  -12.849  -8.242 0.0000000000
69889  -33.529  -12.853  -9.069 0.0000000000
88066  -35.771  2.106  -16.105 0.0000000000
85834  -36.874  0.651  -15.486 0.0000000000
84627  -36.219  -0.247  -15.925 0.0000000000
84618  -37.817  -0.417  -14.979 0.0000000000
82166  -38.290  -1.803  -14.257 0.0000000000
75127  -37.875  -9.368  -14.228 0.0000000000
75126  -37.044  -8.580  -14.090 0.0000000000
75118  -36.845  -8.774  -13.480 0.0000000000
76442  -37.092  -7.839  -12.030 0.0000000000
76443  -37.985  -7.371  -11.475 0.0000000000
77654  -38.200  -6.146  -8.458 0.0000000000
75056  -37.977  -8.311  -7.914 0.0000000000
61586  -29.932  -19.803  -5.075 0.0000000000
66150  -32.218  -15.535  -7.565 0.0000000000
64980  -31.950  -16.151  -7.327 0.0000000000
75145  -38.514  -9.226  -15.037 0.0000000000
72606  -38.299  -10.205  -14.390 0.0000000000
72599  -37.106  -10.161  -12.864 0.0000000000
72584  -36.940  -10.307  -12.159 0.0000000000
72583  -36.421  -10.411  -11.866 0.0000000000
73823  -36.885  -10.220  -11.673 0.0000000000
73786  -35.919  -10.120  -10.358 0.0000000000
72522  -35.090  -10.221  -8.962 0.0000000000
103910  -30.799  18.105  -19.627 0.0000000000
102125  -32.320  15.348  -18.569 0.0000000000
102975  -32.819  16.488  -19.282 0.0000000000
103913  -33.158  17.425  -19.777 0.0000000000
104916  -33.522  17.937  -19.700 0.0000000000
102963  -35.003  16.471  -17.344 0.0000000000
103890  -35.227  17.338  -17.035 0.0000000000
104874  -35.109  18.316  -16.764 0.0000000000
103876  -35.634  17.599  -16.268 0.0000000000
103860  -35.864  17.065  -15.716 0.0000000000
102940  -36.054  16.450  -15.091 0.0000000000
99166  -34.697  12.903  -16.951 0.0000000000
98020  -35.103  11.825  -16.483 0.0000000000
100200  -34.833  13.209  -16.090 0.0000000000
100188  -34.631  13.957  -15.923 0.0000000000
102073  -35.424  15.507  -15.336 0.0000000000
102074  -35.983  15.750  -14.720 0.0000000000
102926  -36.434  16.121  -14.511 0.0000000000
102059  -36.426  15.366  -14.195 0.0000000000
101151  -37.099  14.443  -13.624 0.0000000000
99136  -36.276  12.803  -14.031 0.0000000000
99122  -36.949  13.000  -13.629 0.0000000000
92480  -33.986  6.755  -17.302 0.0000000000
93581  -33.538  7.886  -16.271 0.0000000000
94671  -34.110  8.502  -15.230 0.0000000000
94660  -34.512  8.387  -14.324 0.0000000000
95744  -34.806  8.710  -13.848 0.0000000000
92420  -35.040  7.149  -14.276 0.0000000000
94653  -34.918  8.240  -13.358 0.0000000000
95745  -35.317  9.259  -13.314 0.0000000000
96836  -35.948  9.650  -12.548 0.0000000000
96837  -36.756  10.227  -12.176 0.0000000000
92405  -36.636  6.089  -12.156 0.0000000000
92395  -36.875  6.413  -11.755 0.0000000000
92397  -38.337  6.363  -11.586 0.0000000000
89152  -37.001  2.891  -14.286 0.0000000000
89130  -37.480  3.092  -13.678 0.0000000000
88028  -37.985  2.494  -13.680 0.0000000000
89113  -37.871  3.573  -12.971 0.0000000000
90219  -38.278  3.921  -12.268 0.0000000000
86913  -39.940  1.518  -12.737 0.0000000000
80995  -35.924  -3.487  -15.751 0.0000000000
80996  -36.721  -3.511  -15.277 0.0000000000
80991  -36.895  -3.119  -14.755 0.0000000000
82165  -37.613  -2.589  -14.383 0.0000000000
82156  -38.484  -2.708  -13.628 0.0000000000
76456  -37.121  -7.190  -13.396 0.0000000000
77726  -37.811  -6.371  -13.252 0.0000000000
79895  -38.259  -4.395  -13.343 0.0000000000
80987  -38.343  -3.611  -13.481 0.0000000000
83353  -39.155  -1.894  -13.009 0.0000000000
83333  -39.338  -1.250  -11.658 0.0000000000
83314  -39.054  -2.042  -11.205 0.0000000000
71277  -34.311  -12.130  -10.406 0.0000000000
72548  -34.489  -11.446  -10.162 0.0000000000
71260  -33.868  -12.181  -9.288 0.0000000000
72520  -34.222  -11.688  -9.577 0.0000000000
72521  -34.417  -10.892  -9.350 0.0000000000
72488  -35.490  -10.177  -7.995 0.0000000000
72547  -34.360  -11.913  -9.990 0.0000000000
72605  -37.590  -10.187  -13.921 0.0000000000
72609  -37.341  -10.521  -14.425 0.0000000000
72610  -38.159  -10.545  -14.637 0.0000000000
72611  -38.766  -10.274  -14.744 0.0000000000
72614  -38.416  -10.276  -15.162 0.0000000000
72615  -38.946  -10.029  -15.084 0.0000000000
73805  -36.068  -10.317  -10.890 0.0000000000
73807  -37.123  -9.676  -11.099 0.0000000000
73842  -37.782  -9.855  -14.022 0.0000000000
73843  -38.568  -9.931  -14.445 0.0000000000
73848  -38.929  -9.848  -14.759 0.0000000000
73853  -38.456  -9.664  -15.217 0.0000000000
73854  -38.927  -9.586  -15.022 0.0000000000
75096  -37.099  -9.587  -10.805 0.0000000000
75111  -36.677  -8.678  -12.659 0.0000000000
75128  -38.644  -9.690  -14.580 0.0000000000
75137  -37.780  -8.798  -14.680 0.0000000000
75138  -38.593  -9.439  -14.723 0.0000000000
76441  -36.720  -8.036  -12.814 0.0000000000
76448  -36.704  -7.873  -13.406 0.0000000000
77724  -36.685  -7.080  -14.077 0.0000000000
80997  -37.096  -3.554  -15.032 0.0000000000
82164  -36.862  -2.492  -14.687 0.0000000000
83402  -35.864  -1.269  -15.874 0.0000000000
86971  -35.994  1.613  -16.887 0.0000000000
88068  -37.061  2.089  -14.862 0.0000000000
89168  -36.035  2.885  -15.480 0.0000000000
90263  -34.684  4.535  -16.634 0.0000000000
91315  -36.652  5.360  -12.326 0.0000000000
91359  -35.618  5.360  -14.676 0.0000000000
93554  -34.696  7.828  -13.963 0.0000000000
93556  -35.488  7.015  -13.060 0.0000000000
93594  -34.083  6.811  -16.544 0.0000000000
94652  -34.721  8.296  -13.868 0.0000000000
95727  -36.957  8.655  -11.540 0.0000000000
95765  -33.891  8.818  -15.987 0.0000000000
97994  -36.182  12.066  -13.975 0.0000000000
101160  -35.884  14.564  -14.369 0.0000000000
101166  -34.877  14.606  -15.562 0.0000000000
103843  -36.682  16.740  -14.621 0.0000000000
103877  -36.208  17.714  -15.793 0.0000000000
103914  -33.777  17.566  -19.428 0.0000000000
