#!ascii label  , from subject sub.01.bl.02 vox2ras=TkReg
1152
113901  43.186  29.035  6.777 0.0000000000
118890  48.596  35.898  8.125 0.0000000000
111021  49.086  24.466  10.157 0.0000000000
113172  39.348  27.671  11.144 0.0000000000
110307  41.164  23.480  10.156 0.0000000000
120203  46.184  37.223  5.718 0.0000000000
120835  45.411  39.604  13.289 0.0000000000
122333  43.491  40.449  9.897 0.0000000000
109526  50.929  23.004  16.091 0.0000000000
109545  44.326  22.170  14.516 0.0000000000
116742  47.950  32.543  2.602 0.0000000000
112468  46.534  26.353  6.755 0.0000000000
115861  45.387  30.936  8.618 0.0000000000
113840  47.661  28.595  14.431 0.0000000000
123828  40.501  42.366  5.902 0.0000000000
123095  47.419  41.683  6.003 0.0000000000
108034  44.097  20.584  4.714 0.0000000000
113878  40.954  28.439  8.795 0.0000000000
111694  40.683  25.148  11.563 0.0000000000
112442  41.921  26.884  9.278 0.0000000000
117482  45.151  32.984  5.712 0.0000000000
115142  42.238  30.831  8.134 0.0000000000
123045  42.999  41.090  14.343 0.0000000000
109501  51.515  22.139  19.505 0.0000000000
108697  49.829  21.187  18.191 0.0000000000
107861  50.515  19.825  21.327 0.0000000000
124557  41.209  43.075  2.693 0.0000000000
118230  49.401  34.859  5.458 0.0000000000
115896  47.373  31.478  4.686 0.0000000000
117451  49.238  33.412  7.617 0.0000000000
118115  45.226  34.077  15.011 0.0000000000
116580  47.088  32.473  13.748 0.0000000000
115775  47.254  31.474  16.250 0.0000000000
113805  49.161  28.589  17.014 0.0000000000
121599  46.293  39.617  9.815 0.0000000000
123069  45.721  41.919  8.092 0.0000000000
120202  48.052  37.817  6.593 0.0000000000
120238  48.652  37.558  3.432 0.0000000000
111721  48.109  25.393  8.372 0.0000000000
110340  45.199  22.891  8.531 0.0000000000
108826  46.868  21.920  9.035 0.0000000000
110329  38.334  23.242  9.441 0.0000000000
109645  38.528  22.737  5.976 0.0000000000
122367  46.221  41.185  4.888 0.0000000000
120890  44.530  38.548  6.366 0.0000000000
120169  45.933  37.773  9.899 0.0000000000
118865  47.751  35.292  9.899 0.0000000000
123052  38.603  41.296  11.588 0.0000000000
121609  40.386  39.671  9.336 0.0000000000
122315  45.191  40.325  11.208 0.0000000000
110277  50.008  23.843  13.269 0.0000000000
109566  47.362  22.441  12.396 0.0000000000
108737  48.972  22.041  15.006 0.0000000000
107893  45.129  20.871  17.884 0.0000000000
115188  45.363  30.141  4.367 0.0000000000
113215  44.480  27.408  5.929 0.0000000000
113915  46.594  28.348  3.671 0.0000000000
113891  46.676  28.016  6.711 0.0000000000
113869  46.562  27.751  9.783 0.0000000000
116616  47.490  32.845  10.966 0.0000000000
114496  45.358  29.413  11.807 0.0000000000
112399  48.274  26.615  12.809 0.0000000000
112381  50.087  26.343  15.129 0.0000000000
112343  50.109  26.220  17.960 0.0000000000
123859  39.767  42.656  4.349 0.0000000000
124530  42.776  43.982  4.926 0.0000000000
123824  44.998  43.106  6.808 0.0000000000
124539  46.579  43.927  4.405 0.0000000000
120914  46.869  38.606  4.112 0.0000000000
118239  47.480  34.795  4.222 0.0000000000
111711  43.922  25.187  9.735 0.0000000000
109630  41.494  22.796  6.676 0.0000000000
108880  39.971  21.004  4.096 0.0000000000
108814  43.772  20.940  10.980 0.0000000000
113894  41.976  29.065  7.691 0.0000000000
113192  41.223  27.619  9.161 0.0000000000
113200  42.483  27.651  8.023 0.0000000000
115886  44.550  31.523  6.129 0.0000000000
115875  43.520  31.570  7.356 0.0000000000
115155  42.663  30.248  7.482 0.0000000000
114515  41.534  29.623  8.378 0.0000000000
109484  51.356  22.245  20.591 0.0000000000
107870  51.469  20.678  20.314 0.0000000000
107863  51.577  20.491  21.220 0.0000000000
108858  36.448  21.476  6.305 0.0000000000
118899  49.278  35.219  6.868 0.0000000000
117464  49.120  33.377  6.392 0.0000000000
118213  49.603  34.528  7.490 0.0000000000
117364  45.219  33.011  16.212 0.0000000000
117362  46.437  32.559  15.870 0.0000000000
120175  47.301  37.893  9.064 0.0000000000
121606  46.895  39.296  8.419 0.0000000000
120186  48.326  37.331  6.982 0.0000000000
119566  48.738  36.510  5.309 0.0000000000
111029  48.611  24.297  9.444 0.0000000000
109599  47.605  22.767  9.153 0.0000000000
108824  48.573  22.423  9.697 0.0000000000
112421  38.641  27.034  11.875 0.0000000000
111696  39.035  26.174  12.091 0.0000000000
111003  40.806  24.396  11.159 0.0000000000
110294  38.962  23.589  11.201 0.0000000000
110328  39.348  23.150  9.199 0.0000000000
110345  38.477  23.225  8.449 0.0000000000
109602  39.837  22.951  8.611 0.0000000000
121631  46.302  39.373  4.823 0.0000000000
121633  44.824  40.074  5.485 0.0000000000
120204  45.407  37.844  6.191 0.0000000000
113871  39.425  29.056  10.487 0.0000000000
113173  38.476  28.168  11.487 0.0000000000
120858  45.446  38.831  11.452 0.0000000000
119507  45.320  36.706  10.491 0.0000000000
120859  44.705  38.416  11.847 0.0000000000
123043  45.142  41.074  13.958 0.0000000000
122307  44.519  40.419  12.577 0.0000000000
122306  45.165  40.180  12.207 0.0000000000
121580  45.838  39.577  11.077 0.0000000000
110271  50.557  23.686  14.887 0.0000000000
108753  49.439  22.344  13.954 0.0000000000
108736  50.012  22.157  15.325 0.0000000000
107874  48.004  20.511  19.553 0.0000000000
108699  47.647  21.316  17.880 0.0000000000
107876  45.833  20.279  19.306 0.0000000000
115927  46.569  31.402  2.767 0.0000000000
114563  45.859  29.527  3.329 0.0000000000
115197  47.267  30.316  3.162 0.0000000000
115884  46.368  31.272  6.119 0.0000000000
115164  46.239  30.018  5.716 0.0000000000
114520  45.660  29.156  7.568 0.0000000000
113876  46.642  27.950  8.577 0.0000000000
113877  45.903  28.473  9.177 0.0000000000
118169  47.451  34.615  11.762 0.0000000000
117435  49.270  33.683  10.402 0.0000000000
117415  48.673  33.732  12.282 0.0000000000
115799  46.828  30.969  14.224 0.0000000000
115817  46.281  31.429  12.545 0.0000000000
114481  46.335  29.610  13.641 0.0000000000
113155  46.501  27.583  12.687 0.0000000000
113147  47.676  27.716  13.911 0.0000000000
112391  49.299  26.714  13.871 0.0000000000
113139  48.975  28.034  14.875 0.0000000000
113112  48.201  27.582  17.500 0.0000000000
112353  49.922  27.012  17.576 0.0000000000
123843  40.886  43.080  4.964 0.0000000000
124532  41.283  43.366  4.151 0.0000000000
123842  42.134  43.389  5.298 0.0000000000
122335  41.577  39.692  9.729 0.0000000000
122358  41.170  40.343  8.012 0.0000000000
122345  42.672  40.416  8.897 0.0000000000
123068  46.406  41.797  7.814 0.0000000000
123080  45.509  42.367  7.692 0.0000000000
124510  46.405  42.801  7.060 0.0000000000
124527  45.350  44.333  5.539 0.0000000000
123837  47.223  42.552  5.500 0.0000000000
122375  47.242  40.792  4.493 0.0000000000
121640  47.324  39.798  4.814 0.0000000000
118249  48.660  34.741  3.114 0.0000000000
118940  47.971  36.042  3.083 0.0000000000
117512  47.472  33.519  2.946 0.0000000000
116712  46.261  32.695  3.573 0.0000000000
112469  45.722  26.476  6.518 0.0000000000
112460  44.853  26.623  7.464 0.0000000000
112448  45.735  25.921  8.599 0.0000000000
109639  45.078  21.559  6.268 0.0000000000
109614  43.367  22.571  7.722 0.0000000000
109653  43.359  22.060  4.765 0.0000000000
109655  41.124  22.340  4.783 0.0000000000
108036  41.921  20.522  4.853 0.0000000000
109556  45.448  22.278  13.520 0.0000000000
108797  45.523  21.879  11.035 0.0000000000
108783  43.585  21.631  12.342 0.0000000000
113183  39.892  28.212  10.312 0.0000000000
112420  39.816  26.764  11.529 0.0000000000
112431  40.774  26.956  10.781 0.0000000000
112430  41.751  26.331  10.473 0.0000000000
111704  42.030  25.379  10.851 0.0000000000
118914  46.374  35.470  6.121 0.0000000000
114509  40.536  29.639  9.504 0.0000000000
109511  51.368  22.206  17.507 0.0000000000
108717  50.427  21.747  16.493 0.0000000000
107892  51.068  20.804  18.226 0.0000000000
107872  50.033  20.543  19.813 0.0000000000
117511  48.688  33.633  3.383 0.0000000000
116727  48.052  31.887  3.365 0.0000000000
116696  48.399  32.817  4.845 0.0000000000
116681  47.749  32.536  6.365 0.0000000000
116665  46.661  32.355  7.859 0.0000000000
118138  46.710  34.268  13.621 0.0000000000
118136  47.991  33.925  13.637 0.0000000000
117383  46.718  33.471  14.551 0.0000000000
116560  46.998  31.992  15.079 0.0000000000
115084  47.611  30.547  15.590 0.0000000000
113830  48.879  28.762  15.482 0.0000000000
114449  47.898  30.238  16.992 0.0000000000
113807  47.837  28.572  17.240 0.0000000000
113113  47.172  27.767  17.179 0.0000000000
123100  40.094  41.676  6.579 0.0000000000
122331  45.298  40.607  9.565 0.0000000000
122343  44.570  41.053  8.982 0.0000000000
122330  46.075  40.406  9.318 0.0000000000
121616  46.642  40.271  7.978 0.0000000000
121621  47.271  39.548  6.763 0.0000000000
120901  47.805  38.974  4.975 0.0000000000
120218  48.453  37.655  4.850 0.0000000000
118931  49.153  35.725  3.968 0.0000000000
111723  46.979  25.542  7.986 0.0000000000
111709  46.156  24.841  9.264 0.0000000000
111708  46.865  24.464  9.128 0.0000000000
109611  46.584  22.249  8.586 0.0000000000
107989  45.751  20.903  8.182 0.0000000000
108743  42.830  21.513  15.260 0.0000000000
108770  42.417  21.481  13.467 0.0000000000
110296  36.774  23.584  11.328 0.0000000000
111685  39.198  24.719  12.274 0.0000000000
110295  37.903  23.611  11.516 0.0000000000
110331  36.532  23.043  9.733 0.0000000000
110347  36.753  22.839  8.907 0.0000000000
109634  37.268  22.527  7.292 0.0000000000
108871  37.014  21.589  4.932 0.0000000000
123111  45.176  42.041  4.755 0.0000000000
121634  43.732  40.285  5.666 0.0000000000
119514  47.648  36.716  8.991 0.0000000000
118877  48.076  35.864  8.967 0.0000000000
118879  46.729  36.049  9.711 0.0000000000
118184  46.442  35.209  10.578 0.0000000000
118171  45.212  35.102  11.640 0.0000000000
118154  45.412  34.560  12.470 0.0000000000
118140  44.496  34.292  13.364 0.0000000000
121596  38.893  39.756  10.408 0.0000000000
121594  40.534  39.476  10.957 0.0000000000
122326  42.611  39.776  10.721 0.0000000000
122324  44.393  40.495  10.642 0.0000000000
121590  45.674  40.125  10.825 0.0000000000
120875  46.667  38.667  9.449 0.0000000000
110292  49.523  23.833  11.987 0.0000000000
108794  49.390  22.087  11.202 0.0000000000
108780  49.281  21.856  12.069 0.0000000000
108755  48.106  22.311  13.759 0.0000000000
109529  46.765  22.072  14.880 0.0000000000
108706  48.547  21.553  17.018 0.0000000000
108708  46.289  21.559  16.936 0.0000000000
108722  44.799  21.595  16.414 0.0000000000
114530  44.364  29.845  5.805 0.0000000000
113216  43.862  28.022  6.318 0.0000000000
113906  44.517  28.678  4.791 0.0000000000
113232  45.601  27.466  4.151 0.0000000000
112478  46.518  26.652  5.840 0.0000000000
115186  47.364  30.091  4.018 0.0000000000
113898  46.584  28.308  5.769 0.0000000000
113213  47.250  26.919  6.618 0.0000000000
113205  47.418  26.887  7.387 0.0000000000
113190  47.973  26.877  9.010 0.0000000000
112428  48.266  26.629  10.285 0.0000000000
117441  49.423  33.667  9.299 0.0000000000
116630  48.050  32.962  9.819 0.0000000000
116648  46.346  32.411  8.924 0.0000000000
116602  47.366  32.657  12.061 0.0000000000
115833  45.718  31.813  10.913 0.0000000000
115120  44.940  30.230  10.244 0.0000000000
113870  45.672  28.455  10.322 0.0000000000
113163  47.440  26.786  11.538 0.0000000000
112415  49.353  26.035  11.712 0.0000000000
111684  49.953  25.416  12.887 0.0000000000
111673  50.312  25.193  13.976 0.0000000000
110974  50.570  24.632  15.242 0.0000000000
113122  49.697  27.791  16.470 0.0000000000
111652  50.562  25.627  16.533 0.0000000000
110959  50.785  24.716  16.812 0.0000000000
110935  51.195  23.689  18.714 0.0000000000
123874  40.586  42.785  3.054 0.0000000000
124543  41.949  43.589  3.729 0.0000000000
125137  43.749  44.283  3.941 0.0000000000
123071  43.719  41.253  8.305 0.0000000000
123826  42.957  43.022  5.896 0.0000000000
124520  43.855  43.497  5.622 0.0000000000
125126  44.894  44.984  4.687 0.0000000000
125721  45.708  45.479  3.205 0.0000000000
123132  46.941  42.344  3.695 0.0000000000
121641  46.740  39.706  4.589 0.0000000000
120219  46.534  37.814  4.654 0.0000000000
120922  47.785  38.174  2.895 0.0000000000
119588  47.044  37.291  3.522 0.0000000000
119567  47.199  36.262  4.658 0.0000000000
117465  46.299  33.868  5.479 0.0000000000
115898  45.304  31.689  4.631 0.0000000000
112461  43.879  27.136  7.425 0.0000000000
111712  43.284  25.730  9.890 0.0000000000
111015  42.778  24.272  10.276 0.0000000000
110323  44.668  23.530  9.100 0.0000000000
110342  42.924  22.926  8.593 0.0000000000
109616  41.130  22.863  7.680 0.0000000000
109631  40.387  22.873  6.711 0.0000000000
109668  39.128  22.131  3.727 0.0000000000
109589  47.233  22.046  10.804 0.0000000000
108828  45.544  21.262  9.599 0.0000000000
107990  44.792  20.212  8.118 0.0000000000
108801  42.304  21.298  11.877 0.0000000000
108005  43.053  19.943  6.841 0.0000000000
107060  50.578  18.738  22.767 0.0000000000
106235  48.866  18.547  22.111 0.0000000000
113893  42.564  29.037  7.220 0.0000000000
113209  42.073  28.649  7.703 0.0000000000
113208  42.796  28.145  7.351 0.0000000000
115167  43.681  30.251  6.639 0.0000000000
115168  43.185  30.197  7.023 0.0000000000
114521  42.591  29.619  7.331 0.0000000000
108691  51.586  21.273  20.835 0.0000000000
118900  48.849  35.884  7.215 0.0000000000
118889  49.144  35.220  7.865 0.0000000000
119526  47.857  37.335  8.544 0.0000000000
120181  48.167  37.343  7.864 0.0000000000
119538  48.489  36.614  7.553 0.0000000000
110336  48.480  23.385  9.340 0.0000000000
109597  49.228  22.862  9.945 0.0000000000
112410  38.297  26.161  12.407 0.0000000000
111017  40.794  23.804  10.695 0.0000000000
110308  40.168  23.304  10.178 0.0000000000
110327  40.474  23.033  9.413 0.0000000000
120220  46.132  38.112  5.422 0.0000000000
120903  45.841  38.660  5.507 0.0000000000
113184  39.189  28.388  10.883 0.0000000000
113872  38.880  28.895  11.067 0.0000000000
120868  44.868  38.205  10.996 0.0000000000
120848  45.312  39.146  12.538 0.0000000000
122298  45.280  40.394  13.587 0.0000000000
121573  45.475  39.898  12.833 0.0000000000
109527  50.629  22.824  15.562 0.0000000000
109516  50.542  22.246  15.961 0.0000000000
107875  46.859  20.511  19.621 0.0000000000
116744  47.069  31.987  2.560 0.0000000000
115198  46.706  30.416  2.776 0.0000000000
115940  47.438  31.633  2.572 0.0000000000
115873  46.152  31.551  7.179 0.0000000000
115885  45.874  30.614  6.668 0.0000000000
115141  45.376  30.015  8.091 0.0000000000
114514  45.487  29.207  8.619 0.0000000000
118168  48.366  34.360  12.005 0.0000000000
118151  48.388  34.141  12.967 0.0000000000
114475  46.871  29.609  14.440 0.0000000000
113841  46.770  29.025  14.024 0.0000000000
113847  47.235  27.917  13.748 0.0000000000
113146  48.569  27.428  14.138 0.0000000000
113839  48.547  28.227  14.739 0.0000000000
112354  47.984  26.656  17.749 0.0000000000
123844  39.619  42.621  5.283 0.0000000000
123827  41.762  42.551  5.773 0.0000000000
122334  42.369  39.860  9.998 0.0000000000
122344  43.673  40.813  9.067 0.0000000000
123078  47.203  41.234  6.889 0.0000000000
123810  46.496  42.308  7.458 0.0000000000
123096  47.201  41.819  6.696 0.0000000000
123822  46.989  42.444  6.530 0.0000000000
122366  47.498  40.731  5.267 0.0000000000
118257  48.255  33.985  3.017 0.0000000000
118258  47.912  33.680  2.816 0.0000000000
117525  47.719  33.014  2.607 0.0000000000
116728  46.646  32.319  2.939 0.0000000000
112459  45.864  26.210  7.596 0.0000000000
108868  44.582  21.148  5.001 0.0000000000
109640  44.298  21.759  5.790 0.0000000000
108043  43.688  20.901  3.887 0.0000000000
108878  42.214  21.253  3.772 0.0000000000
108035  42.933  20.406  4.770 0.0000000000
109557  44.587  22.296  13.689 0.0000000000
109569  44.844  22.371  12.795 0.0000000000
109558  43.749  22.091  13.887 0.0000000000
113193  40.523  28.218  9.564 0.0000000000
113182  40.663  27.631  10.130 0.0000000000
113181  41.321  27.149  10.017 0.0000000000
112429  42.612  25.823  10.297 0.0000000000
117466  45.674  33.707  5.979 0.0000000000
118224  45.565  34.505  6.498 0.0000000000
117467  44.768  33.647  6.599 0.0000000000
115876  42.855  31.189  7.727 0.0000000000
116667  43.634  32.501  7.484 0.0000000000
113887  40.876  29.002  8.751 0.0000000000
114516  41.001  29.641  8.914 0.0000000000
113194  40.196  28.567  9.796 0.0000000000
109509  51.518  22.152  18.505 0.0000000000
108703  51.387  21.323  17.989 0.0000000000
108695  51.543  21.375  18.959 0.0000000000
107864  51.046  20.145  20.806 0.0000000000
107871  50.874  20.480  19.984 0.0000000000
107865  50.125  20.124  20.723 0.0000000000
107866  49.126  20.145  20.460 0.0000000000
107070  49.182  19.694  21.198 0.0000000000
123887  40.699  42.736  2.195 0.0000000000
123903  40.816  42.504  1.367 0.0000000000
117494  49.242  34.138  4.078 0.0000000000
117495  48.966  33.374  4.459 0.0000000000
116663  48.523  33.001  7.076 0.0000000000
116664  47.663  32.702  7.556 0.0000000000
118125  45.839  34.125  14.366 0.0000000000
118124  46.646  33.904  14.354 0.0000000000
118113  46.301  33.591  15.038 0.0000000000
116551  46.707  32.213  16.035 0.0000000000
116561  46.770  32.345  15.415 0.0000000000
115787  47.173  31.585  15.728 0.0000000000
115083  48.194  30.082  15.941 0.0000000000
115071  47.481  30.971  16.519 0.0000000000
114442  46.909  29.594  17.238 0.0000000000
113808  47.050  28.744  17.171 0.0000000000
113114  46.435  28.004  16.823 0.0000000000
120883  47.390  38.700  7.465 0.0000000000
121615  46.930  39.488  7.883 0.0000000000
122355  47.022  40.363  7.245 0.0000000000
120888  47.682  38.517  6.185 0.0000000000
118922  49.172  35.700  5.016 0.0000000000
119565  49.004  36.197  4.903 0.0000000000
118238  49.321  34.860  4.567 0.0000000000
118248  49.125  34.934  3.631 0.0000000000
111722  47.628  25.431  8.159 0.0000000000
111717  47.045  24.987  8.626 0.0000000000
111031  47.420  24.491  8.975 0.0000000000
109600  47.114  22.429  8.970 0.0000000000
108837  46.506  21.952  8.296 0.0000000000
108838  46.014  21.698  8.176 0.0000000000
111007  36.318  23.954  12.001 0.0000000000
111006  37.239  24.003  12.127 0.0000000000
111695  39.748  25.531  12.002 0.0000000000
110309  39.154  23.316  10.259 0.0000000000
110310  38.136  23.300  10.437 0.0000000000
110311  37.143  23.316  10.520 0.0000000000
110330  37.387  23.155  9.612 0.0000000000
110346  37.588  23.039  8.729 0.0000000000
109633  38.260  22.929  7.264 0.0000000000
110353  37.775  22.939  7.945 0.0000000000
109646  37.555  22.395  6.325 0.0000000000
123854  46.117  42.578  3.799 0.0000000000
123121  45.838  42.128  4.417 0.0000000000
121623  45.036  39.307  5.799 0.0000000000
121624  44.092  39.420  6.049 0.0000000000
120891  43.403  38.709  6.583 0.0000000000
120176  46.679  37.810  9.499 0.0000000000
119515  46.680  36.872  9.505 0.0000000000
118867  46.160  36.037  10.170 0.0000000000
118855  45.800  35.488  10.924 0.0000000000
118155  44.237  34.767  12.348 0.0000000000
122327  38.345  40.362  10.149 0.0000000000
122319  38.579  40.339  11.172 0.0000000000
121586  39.622  39.637  11.590 0.0000000000
121585  40.703  39.585  11.895 0.0000000000
121593  41.488  39.565  11.193 0.0000000000
122316  44.448  40.413  11.579 0.0000000000
121591  43.195  39.926  11.704 0.0000000000
122323  45.195  40.427  10.372 0.0000000000
120866  46.047  38.940  10.237 0.0000000000
110283  49.752  23.982  12.718 0.0000000000
109575  49.640  22.381  11.893 0.0000000000
108766  49.423  22.304  12.727 0.0000000000
108754  48.703  22.136  13.908 0.0000000000
108738  47.778  22.194  14.779 0.0000000000
109528  47.225  22.262  14.416 0.0000000000
108739  47.191  22.096  15.170 0.0000000000
108705  49.670  21.513  17.251 0.0000000000
108700  46.568  21.288  17.772 0.0000000000
108707  47.394  21.648  16.918 0.0000000000
108721  45.791  21.750  16.187 0.0000000000
108709  45.198  21.315  17.160 0.0000000000
108723  43.915  21.535  16.439 0.0000000000
107894  44.372  20.938  17.857 0.0000000000
115177  44.965  30.235  4.922 0.0000000000
114552  45.244  29.485  4.165 0.0000000000
113926  46.126  28.531  3.260 0.0000000000
113241  45.622  28.075  3.542 0.0000000000
113240  46.134  27.772  3.542 0.0000000000
112488  45.922  26.922  4.591 0.0000000000
113231  46.365  27.451  4.294 0.0000000000
115910  47.615  30.906  3.761 0.0000000000
115911  47.221  30.664  4.394 0.0000000000
113899  46.396  28.490  6.528 0.0000000000
114539  46.519  29.127  4.948 0.0000000000
113214  46.952  27.431  6.210 0.0000000000
113206  47.090  27.454  7.058 0.0000000000
113191  47.311  27.407  8.876 0.0000000000
113180  47.450  27.170  9.779 0.0000000000
113189  48.317  26.551  9.347 0.0000000000
113179  48.054  26.805  9.785 0.0000000000
118195  48.553  34.926  9.494 0.0000000000
118204  49.319  34.531  8.734 0.0000000000
118194  49.167  34.318  10.025 0.0000000000
116614  48.821  33.158  10.821 0.0000000000
116629  49.053  33.076  10.028 0.0000000000
116647  47.385  32.826  8.752 0.0000000000
116631  46.902  32.750  9.857 0.0000000000
117394  47.500  33.275  13.215 0.0000000000
117405  47.770  33.191  12.410 0.0000000000
116591  47.279  32.620  12.899 0.0000000000
115108  45.764  30.538  12.243 0.0000000000
115823  45.786  31.510  11.560 0.0000000000
115114  45.562  30.864  11.646 0.0000000000
115834  45.323  31.256  10.714 0.0000000000
114502  45.183  29.336  10.831 0.0000000000
113863  45.518  28.541  11.457 0.0000000000
113154  47.393  27.132  13.051 0.0000000000
113164  46.609  27.238  11.902 0.0000000000
112409  48.119  26.520  12.022 0.0000000000
112416  48.817  26.363  11.378 0.0000000000
112408  48.835  26.379  12.272 0.0000000000
111692  49.670  25.405  12.002 0.0000000000
112407  49.425  26.029  12.561 0.0000000000
112390  49.794  26.262  14.269 0.0000000000
111674  50.018  25.638  13.686 0.0000000000
112389  50.109  25.929  14.574 0.0000000000
111666  50.346  25.410  14.706 0.0000000000
111659  50.450  25.552  15.620 0.0000000000
113815  48.925  29.032  16.597 0.0000000000
113829  49.423  28.159  15.977 0.0000000000
113814  49.338  28.442  16.534 0.0000000000
112352  50.393  26.560  17.062 0.0000000000
111639  50.579  25.536  17.485 0.0000000000
110952  50.887  24.510  17.796 0.0000000000
123877  38.010  42.213  3.944 0.0000000000
123876  38.937  42.351  3.720 0.0000000000
123875  39.860  42.416  3.453 0.0000000000
124531  41.890  43.666  4.571 0.0000000000
124542  42.608  43.932  4.069 0.0000000000
125138  43.153  44.086  4.268 0.0000000000
122342  45.478  41.101  8.794 0.0000000000
123070  44.738  41.562  8.181 0.0000000000
123813  44.649  42.560  7.125 0.0000000000
123082  43.817  42.027  7.337 0.0000000000
123825  44.106  42.808  6.410 0.0000000000
124519  44.739  43.619  6.048 0.0000000000
124526  46.393  43.868  5.432 0.0000000000
125125  45.887  44.928  4.778 0.0000000000
125135  45.393  45.416  3.878 0.0000000000
125134  46.167  44.842  3.757 0.0000000000
124551  46.480  43.702  3.641 0.0000000000
124550  47.041  43.288  4.162 0.0000000000
120900  48.219  38.421  4.364 0.0000000000
120912  48.246  38.293  3.491 0.0000000000
120921  48.354  38.038  2.839 0.0000000000
118932  47.650  35.795  3.718 0.0000000000
119587  47.479  36.833  3.124 0.0000000000
119578  47.253  36.560  4.125 0.0000000000
118924  47.346  35.658  4.687 0.0000000000
118232  47.034  34.641  5.202 0.0000000000
118240  47.000  34.049  4.327 0.0000000000
115912  45.750  31.249  3.783 0.0000000000
116713  45.688  32.228  4.021 0.0000000000
115913  45.367  30.766  4.486 0.0000000000
115899  44.906  31.119  5.259 0.0000000000
112471  44.120  27.429  6.612 0.0000000000
113207  43.511  27.626  7.042 0.0000000000
112440  43.983  26.046  9.268 0.0000000000
111703  42.898  25.064  10.432 0.0000000000
111702  43.405  24.579  10.095 0.0000000000
110322  45.772  23.478  8.923 0.0000000000
111025  45.336  24.219  9.314 0.0000000000
109629  42.613  22.463  6.726 0.0000000000
109615  42.210  22.717  7.690 0.0000000000
110343  41.845  22.941  8.591 0.0000000000
109667  40.201  21.609  4.212 0.0000000000
109656  39.968  22.607  4.641 0.0000000000
109678  39.438  21.447  3.591 0.0000000000
108881  38.223  21.654  3.569 0.0000000000
108057  38.885  20.774  3.459 0.0000000000
109577  48.380  22.031  11.554 0.0000000000
109588  48.041  22.093  10.872 0.0000000000
108813  44.394  21.154  10.769 0.0000000000
108812  45.066  21.389  10.313 0.0000000000
107963  44.666  20.965  10.196 0.0000000000
107978  45.007  20.753  9.408 0.0000000000
107979  43.897  20.299  9.309 0.0000000000
108771  41.463  21.337  13.677 0.0000000000
108785  41.883  21.366  12.748 0.0000000000
108802  41.433  21.240  12.009 0.0000000000
113886  41.450  29.000  8.207 0.0000000000
113201  41.745  28.064  8.152 0.0000000000
112452  41.992  27.407  8.553 0.0000000000
116683  44.611  32.540  6.299 0.0000000000
115887  43.965  31.054  6.722 0.0000000000
115154  43.313  30.728  7.176 0.0000000000
115156  42.151  30.236  8.004 0.0000000000
114522  42.057  29.626  7.849 0.0000000000
108693  51.573  21.377  19.905 0.0000000000
107860  51.134  19.803  21.613 0.0000000000
117478  49.487  33.965  5.421 0.0000000000
118222  49.537  34.600  6.353 0.0000000000
117463  49.682  33.856  6.894 0.0000000000
117450  49.768  33.798  8.127 0.0000000000
117373  44.998  33.679  15.671 0.0000000000
117372  45.823  33.422  15.656 0.0000000000
115776  46.854  31.640  16.374 0.0000000000
120880  46.929  38.948  8.980 0.0000000000
121607  46.686  39.619  8.787 0.0000000000
120879  47.153  38.838  8.511 0.0000000000
120182  47.721  38.047  8.164 0.0000000000
120187  47.862  37.930  7.221 0.0000000000
120201  48.303  37.535  5.962 0.0000000000
119555  48.597  36.607  6.558 0.0000000000
118913  48.903  35.841  6.259 0.0000000000
111715  48.362  25.108  8.941 0.0000000000
111030  47.928  24.022  9.034 0.0000000000
110337  48.021  23.106  9.220 0.0000000000
109610  48.037  22.608  9.367 0.0000000000
108825  47.861  22.320  9.496 0.0000000000
111004  39.737  24.314  11.799 0.0000000000
110293  39.987  23.644  10.994 0.0000000000
109618  39.115  23.196  7.993 0.0000000000
109632  39.317  23.000  6.888 0.0000000000
121642  46.287  40.379  4.851 0.0000000000
122368  45.840  40.894  5.173 0.0000000000
121632  45.803  39.538  5.193 0.0000000000
120889  45.375  38.873  5.816 0.0000000000
114503  39.513  29.708  10.559 0.0000000000
113174  37.838  28.081  11.910 0.0000000000
112422  37.935  27.571  11.999 0.0000000000
120867  45.536  38.490  10.628 0.0000000000
119506  45.973  36.820  9.915 0.0000000000
120170  45.067  37.724  10.424 0.0000000000
120171  44.701  37.678  10.825 0.0000000000
122291  44.393  40.975  14.235 0.0000000000
122300  43.521  40.796  13.773 0.0000000000
122299  44.506  40.626  13.513 0.0000000000
121581  45.690  39.715  11.557 0.0000000000
120857  45.832  39.225  10.962 0.0000000000
110276  50.252  23.672  13.949 0.0000000000
109551  49.662  23.079  13.296 0.0000000000
109540  50.090  22.926  14.498 0.0000000000
107883  48.916  20.795  18.815 0.0000000000
108698  48.764  21.175  17.967 0.0000000000
107884  47.821  20.870  18.748 0.0000000000
107885  46.712  20.920  18.664 0.0000000000
107886  45.646  20.715  18.403 0.0000000000
114551  45.541  29.726  3.687 0.0000000000
115199  46.053  30.677  3.169 0.0000000000
114562  46.766  29.371  3.239 0.0000000000
116698  47.061  31.901  5.649 0.0000000000
115897  46.666  30.972  5.050 0.0000000000
115165  45.875  29.917  6.474 0.0000000000
113892  46.205  28.513  7.157 0.0000000000
113884  46.699  28.020  7.592 0.0000000000
113885  46.026  28.484  8.104 0.0000000000
118182  48.306  34.703  10.767 0.0000000000
118181  49.025  34.130  11.178 0.0000000000
117425  48.969  33.460  11.310 0.0000000000
117426  48.533  33.264  11.204 0.0000000000
115809  47.018  31.861  13.798 0.0000000000
116581  47.031  32.071  13.330 0.0000000000
115101  46.251  30.572  13.175 0.0000000000
114489  45.957  29.932  12.976 0.0000000000
114490  45.646  29.565  12.546 0.0000000000
113856  45.643  28.758  12.441 0.0000000000
113848  46.384  28.393  13.362 0.0000000000
113153  48.261  26.883  13.342 0.0000000000
112398  48.913  26.618  13.188 0.0000000000
113145  49.422  26.953  14.468 0.0000000000
112382  49.722  26.759  14.802 0.0000000000
113806  48.617  28.652  17.153 0.0000000000
113111  49.347  27.831  17.383 0.0000000000
113103  48.815  27.181  17.801 0.0000000000
112344  49.312  26.661  18.027 0.0000000000
123845  38.536  42.543  5.557 0.0000000000
123858  40.564  43.001  3.917 0.0000000000
121608  41.053  39.609  9.677 0.0000000000
122346  41.469  39.864  9.008 0.0000000000
122357  41.948  40.373  8.369 0.0000000000
123803  46.211  42.222  7.830 0.0000000000
123811  45.934  42.658  7.565 0.0000000000
123823  45.595  43.074  7.087 0.0000000000
124518  45.668  43.588  6.429 0.0000000000
123838  46.812  43.087  5.896 0.0000000000
124538  46.951  43.253  4.882 0.0000000000
123853  47.247  42.554  4.455 0.0000000000
123109  47.417  41.690  4.857 0.0000000000
118938  49.027  35.939  2.986 0.0000000000
119595  48.523  37.019  2.538 0.0000000000
118939  48.342  35.701  2.975 0.0000000000
118250  47.914  34.688  3.222 0.0000000000
117496  47.198  33.936  3.569 0.0000000000
117497  46.573  33.446  3.908 0.0000000000
117513  46.852  33.131  3.190 0.0000000000
116729  46.140  31.871  3.334 0.0000000000
112470  44.785  26.899  6.355 0.0000000000
112449  44.924  26.348  8.524 0.0000000000
112439  44.947  25.820  9.363 0.0000000000
109627  45.205  21.887  6.892 0.0000000000
109613  44.605  22.443  7.774 0.0000000000
109628  43.851  22.186  6.788 0.0000000000
109641  43.049  22.252  5.729 0.0000000000
109642  41.896  22.600  5.679 0.0000000000
109654  42.292  22.265  4.783 0.0000000000
109666  41.623  21.670  4.289 0.0000000000
108869  40.570  20.819  4.209 0.0000000000
109567  46.536  22.404  12.513 0.0000000000
109580  46.016  22.247  11.753 0.0000000000
109568  45.707  22.347  12.647 0.0000000000
108782  44.328  21.986  12.106 0.0000000000
108799  44.029  21.331  11.565 0.0000000000
112432  40.097  27.453  10.783 0.0000000000
112419  40.794  26.145  11.442 0.0000000000
112418  41.407  25.619  11.241 0.0000000000
111002  41.308  24.563  11.041 0.0000000000
111016  41.713  24.394  10.687 0.0000000000
119556  46.301  36.429  5.978 0.0000000000
119557  45.522  36.429  6.673 0.0000000000
118225  44.771  34.702  6.926 0.0000000000
116666  44.186  32.963  7.041 0.0000000000
115143  41.631  30.302  8.540 0.0000000000
115144  41.131  30.288  9.097 0.0000000000
113880  39.946  28.879  9.955 0.0000000000
123029  43.840  41.267  14.885 0.0000000000
123028  45.011  41.277  14.857 0.0000000000
123042  45.986  41.059  14.000 0.0000000000
110253  51.179  23.026  17.180 0.0000000000
109515  51.040  22.391  16.466 0.0000000000
108716  51.098  21.643  17.118 0.0000000000
108704  50.679  21.179  17.584 0.0000000000
108696  50.560  20.896  18.358 0.0000000000
107880  51.369  20.813  19.421 0.0000000000
107881  50.818  20.685  19.014 0.0000000000
107882  49.933  20.920  19.006 0.0000000000
107873  49.035  20.486  19.637 0.0000000000
107867  48.120  20.140  20.323 0.0000000000
116726  48.318  32.639  3.006 0.0000000000
115925  47.917  31.984  2.755 0.0000000000
116710  48.432  32.718  3.846 0.0000000000
116711  47.905  32.051  4.249 0.0000000000
116697  47.797  32.337  5.264 0.0000000000
117479  48.957  33.255  5.401 0.0000000000
116680  48.464  32.888  5.899 0.0000000000
116682  46.875  32.180  6.749 0.0000000000
115860  45.872  31.726  8.195 0.0000000000
118137  47.557  34.148  13.679 0.0000000000
118123  47.331  33.811  13.996 0.0000000000
117382  47.177  33.371  13.966 0.0000000000
117371  46.389  33.048  15.357 0.0000000000
116568  46.920  32.443  14.570 0.0000000000
115798  46.999  31.538  14.578 0.0000000000
115093  46.997  30.473  14.721 0.0000000000
114474  47.589  29.697  15.015 0.0000000000
113831  48.170  29.255  15.077 0.0000000000
114464  48.192  29.678  15.575 0.0000000000
114463  48.549  29.633  16.165 0.0000000000
114448  48.374  29.565  16.913 0.0000000000
114441  47.687  29.482  17.261 0.0000000000
114440  48.156  29.097  17.142 0.0000000000
112355  47.235  26.790  17.420 0.0000000000
122332  44.456  40.633  9.758 0.0000000000
122341  46.288  40.911  8.398 0.0000000000
122356  46.766  41.079  7.632 0.0000000000
122364  47.420  40.559  6.295 0.0000000000
121630  47.531  39.714  5.663 0.0000000000
120887  48.197  38.293  5.246 0.0000000000
120230  48.436  37.850  4.042 0.0000000000
119577  48.656  37.149  4.278 0.0000000000
119585  49.040  36.645  3.490 0.0000000000
117510  49.033  34.335  3.438 0.0000000000
112458  46.776  26.016  7.445 0.0000000000
111724  46.364  25.814  8.020 0.0000000000
111024  46.367  24.005  9.231 0.0000000000
111023  47.245  23.904  9.233 0.0000000000
110321  46.828  23.133  9.074 0.0000000000
110339  46.185  22.759  8.636 0.0000000000
109626  45.913  21.837  7.419 0.0000000000
108853  46.351  21.223  5.721 0.0000000000
108003  45.573  20.462  6.728 0.0000000000
109533  43.516  21.818  15.243 0.0000000000
108756  43.004  21.649  14.166 0.0000000000
110297  35.932  23.583  11.227 0.0000000000
111686  38.622  25.293  12.475 0.0000000000
110993  38.547  24.349  12.307 0.0000000000
110284  38.793  23.874  11.952 0.0000000000
110285  38.297  23.927  12.032 0.0000000000
109620  37.010  22.550  8.127 0.0000000000
109647  36.736  22.130  6.661 0.0000000000
122369  44.481  41.099  5.186 0.0000000000
119558  44.852  37.075  6.843 0.0000000000
119525  48.183  36.614  8.453 0.0000000000
118878  47.281  36.003  9.448 0.0000000000
118866  46.883  35.425  9.949 0.0000000000
118183  47.191  34.799  10.660 0.0000000000
118170  46.300  34.782  11.482 0.0000000000
118139  45.653  34.313  13.493 0.0000000000
118126  44.787  34.140  14.408 0.0000000000
121603  39.582  39.626  9.838 0.0000000000
122318  38.958  39.909  11.543 0.0000000000
121595  39.655  39.550  10.660 0.0000000000
121602  40.425  39.544  10.119 0.0000000000
121601  41.367  39.574  10.324 0.0000000000
122309  42.794  40.261  13.178 0.0000000000
121592  42.486  39.701  11.326 0.0000000000
122325  43.375  40.116  10.963 0.0000000000
122322  45.835  40.189  10.139 0.0000000000
121589  45.946  39.663  10.685 0.0000000000
110304  49.421  23.630  11.146 0.0000000000
109586  49.433  22.812  10.699 0.0000000000
109576  49.579  22.809  11.659 0.0000000000
108781  48.743  21.905  12.221 0.0000000000
108767  49.069  22.056  12.966 0.0000000000
108768  48.515  22.276  13.033 0.0000000000
109553  47.814  22.471  13.117 0.0000000000
109554  47.046  22.460  13.238 0.0000000000
109543  46.049  22.080  14.194 0.0000000000
109544  45.178  22.121  14.356 0.0000000000
108718  49.368  21.794  16.160 0.0000000000
108719  48.217  21.889  15.957 0.0000000000
108720  46.970  22.011  15.828 0.0000000000
109517  46.222  21.888  15.519 0.0000000000
109518  45.761  21.809  15.620 0.0000000000
109532  44.033  22.057  15.225 0.0000000000
108742  43.613  21.714  15.746 0.0000000000
114531  44.104  29.622  6.124 0.0000000000
113900  43.783  28.874  6.209 0.0000000000
114541  44.225  29.073  5.597 0.0000000000
113226  44.196  28.371  5.557 0.0000000000
113225  44.659  27.673  5.033 0.0000000000
113916  45.178  28.675  3.924 0.0000000000
113233  45.091  28.090  4.062 0.0000000000
112480  45.007  27.123  5.476 0.0000000000
112479  45.687  26.729  5.435 0.0000000000
115926  47.657  31.237  2.959 0.0000000000
115185  47.302  29.948  3.608 0.0000000000
114550  46.996  29.331  3.875 0.0000000000
115176  46.746  30.041  4.541 0.0000000000
113905  46.607  28.229  4.554 0.0000000000
113223  46.813  27.292  5.278 0.0000000000
113222  46.999  26.910  6.010 0.0000000000
112477  46.932  26.632  6.415 0.0000000000
112467  47.098  26.488  7.042 0.0000000000
112457  47.520  26.149  7.772 0.0000000000
112456  48.022  25.823  8.145 0.0000000000
113199  47.226  27.482  7.934 0.0000000000
113198  47.650  26.878  8.195 0.0000000000
112446  48.366  25.859  8.581 0.0000000000
112436  48.632  26.030  9.313 0.0000000000
111707  48.784  25.270  9.756 0.0000000000
111701  49.149  25.404  10.521 0.0000000000
118205  48.753  35.262  8.642 0.0000000000
117442  49.306  33.425  8.562 0.0000000000
116645  49.162  33.295  9.114 0.0000000000
116646  48.624  33.061  8.575 0.0000000000
115846  45.664  31.730  9.184 0.0000000000
117404  48.264  33.716  12.836 0.0000000000
117416  48.429  33.456  11.950 0.0000000000
117417  47.945  33.191  11.586 0.0000000000
116592  46.876  32.080  12.706 0.0000000000
116603  46.623  32.237  11.817 0.0000000000
116617  46.246  32.338  10.816 0.0000000000
116618  45.706  31.937  10.462 0.0000000000
115847  45.121  31.066  9.619 0.0000000000
115130  45.147  30.108  9.129 0.0000000000
114508  45.325  29.273  9.712 0.0000000000
113862  46.098  27.741  11.055 0.0000000000
113171  46.943  27.194  10.744 0.0000000000
113170  47.725  26.846  10.510 0.0000000000
112426  49.260  25.999  10.986 0.0000000000
111013  49.320  24.852  10.808 0.0000000000
111012  49.489  24.598  11.466 0.0000000000
111001  49.800  24.653  12.344 0.0000000000
110991  50.170  24.574  13.086 0.0000000000
112397  49.581  26.120  13.401 0.0000000000
111683  50.246  25.135  13.426 0.0000000000
110981  50.304  24.254  13.627 0.0000000000
110980  50.461  24.501  14.269 0.0000000000
110264  50.760  23.816  16.007 0.0000000000
113138  49.535  27.451  15.338 0.0000000000
113137  50.046  26.846  15.719 0.0000000000
113110  50.036  27.384  17.043 0.0000000000
113121  50.070  27.115  16.310 0.0000000000
112367  50.316  26.369  16.075 0.0000000000
110967  50.629  24.870  16.044 0.0000000000
110254  50.975  23.813  16.987 0.0000000000
110248  51.125  23.671  17.655 0.0000000000
110247  51.322  23.093  18.117 0.0000000000
110239  51.368  23.072  19.153 0.0000000000
110222  51.272  22.806  20.009 0.0000000000
124544  41.218  43.266  3.422 0.0000000000
124556  41.912  43.359  2.930 0.0000000000
124555  42.879  43.715  3.108 0.0000000000
125146  43.809  44.287  3.160 0.0000000000
123099  41.373  41.690  6.518 0.0000000000
123081  44.981  42.167  7.628 0.0000000000
123098  42.663  42.014  6.508 0.0000000000
123841  42.728  43.562  5.414 0.0000000000
124529  43.612  44.033  5.083 0.0000000000
124528  44.428  44.205  5.276 0.0000000000
125128  43.475  44.150  4.566 0.0000000000
125127  44.113  44.456  4.507 0.0000000000
125136  44.449  45.046  3.499 0.0000000000
125730  44.996  45.436  2.324 0.0000000000
125143  45.978  44.666  2.777 0.0000000000
123133  46.782  42.169  3.783 0.0000000000
123119  47.119  41.823  4.003 0.0000000000
122376  46.575  41.042  4.672 0.0000000000
120902  46.313  38.851  4.842 0.0000000000
120913  47.524  38.766  4.027 0.0000000000
120239  47.626  37.488  2.603 0.0000000000
120240  47.201  37.755  3.011 0.0000000000
120923  47.179  38.362  3.383 0.0000000000
120231  46.810  37.916  3.667 0.0000000000
119579  46.836  37.245  4.146 0.0000000000
119568  46.835  36.503  5.083 0.0000000000
118925  47.011  35.577  5.368 0.0000000000
118223  46.253  34.390  5.952 0.0000000000
117481  45.786  33.302  5.186 0.0000000000
117498  45.918  33.055  4.327 0.0000000000
116699  45.381  32.589  4.856 0.0000000000
116700  44.920  32.094  5.453 0.0000000000
115166  44.440  30.380  5.921 0.0000000000
112462  43.082  27.522  7.638 0.0000000000
112451  42.886  27.127  8.429 0.0000000000
112450  43.895  26.612  8.427 0.0000000000
112441  42.909  26.387  9.463 0.0000000000
110306  42.131  23.731  10.003 0.0000000000
112438  45.691  25.457  9.188 0.0000000000
111710  45.088  25.004  9.718 0.0000000000
111026  44.070  24.214  9.751 0.0000000000
110341  44.060  22.942  8.551 0.0000000000
110324  43.574  23.373  9.321 0.0000000000
110305  43.091  23.782  9.911 0.0000000000
110325  42.515  23.283  9.367 0.0000000000
110326  41.502  23.159  9.412 0.0000000000
109601  40.810  22.894  8.603 0.0000000000
109617  40.075  22.847  7.758 0.0000000000
109643  40.759  22.864  5.632 0.0000000000
109644  39.619  22.937  5.711 0.0000000000
109658  37.758  22.169  5.107 0.0000000000
108807  49.162  22.284  10.184 0.0000000000
108809  47.592  21.979  10.056 0.0000000000
108810  46.722  21.735  9.985 0.0000000000
108796  46.385  21.931  10.890 0.0000000000
108811  45.893  21.612  10.146 0.0000000000
108827  46.079  21.462  9.153 0.0000000000
108004  44.375  19.857  6.860 0.0000000000
108769  43.259  21.716  13.236 0.0000000000
108784  42.770  21.455  12.546 0.0000000000
107953  42.617  21.059  11.300 0.0000000000
107955  40.976  20.851  11.308 0.0000000000
107954  42.009  20.961  11.219 0.0000000000
107965  43.005  20.781  10.516 0.0000000000
107980  42.646  20.342  9.227 0.0000000000
107991  43.536  19.906  8.091 0.0000000000
108020  42.505  20.248  5.739 0.0000000000
108021  41.418  20.382  5.662 0.0000000000
107063  51.203  19.306  22.291 0.0000000000
107064  50.165  19.389  22.157 0.0000000000
106234  49.421  18.919  22.252 0.0000000000
107065  49.310  19.254  21.813 0.0000000000
107066  48.475  19.094  21.686 0.0000000000
107069  49.861  19.723  21.462 0.0000000000
107891  51.319  20.906  18.670 0.0000000000
107964  44.148  20.737  10.227 0.0000000000
107977  45.640  21.072  9.076 0.0000000000
108002  45.949  21.217  5.893 0.0000000000
108016  46.261  21.034  5.488 0.0000000000
108017  45.923  20.499  5.683 0.0000000000
108018  44.980  20.049  5.713 0.0000000000
108019  43.703  20.089  5.725 0.0000000000
108031  46.442  20.992  5.322 0.0000000000
108032  46.045  20.863  5.431 0.0000000000
108033  45.280  20.660  5.280 0.0000000000
108037  40.867  20.629  4.653 0.0000000000
108044  43.077  20.801  3.863 0.0000000000
108045  42.159  20.755  4.213 0.0000000000
108046  41.536  20.670  4.349 0.0000000000
108047  39.131  20.628  3.857 0.0000000000
108055  43.584  21.049  3.622 0.0000000000
108056  43.384  20.926  3.606 0.0000000000
108701  45.782  21.073  17.600 0.0000000000
108710  44.184  21.330  17.146 0.0000000000
108740  45.236  21.778  15.698 0.0000000000
108741  44.416  21.827  15.796 0.0000000000
108779  49.601  22.128  11.960 0.0000000000
108793  49.609  22.265  11.659 0.0000000000
108795  48.871  21.824  11.392 0.0000000000
108798  44.697  21.734  11.247 0.0000000000
108800  43.159  21.224  11.586 0.0000000000
108808  48.564  22.026  10.432 0.0000000000
108823  49.040  22.508  9.777 0.0000000000
108835  48.315  22.534  9.510 0.0000000000
108836  48.210  22.499  9.550 0.0000000000
108844  46.336  21.376  6.009 0.0000000000
108845  46.016  21.400  6.693 0.0000000000
108846  45.473  21.547  6.416 0.0000000000
108854  46.190  21.288  5.824 0.0000000000
108855  45.252  21.342  5.862 0.0000000000
108856  44.544  21.461  5.342 0.0000000000
108857  36.973  21.854  5.761 0.0000000000
108865  46.377  21.101  5.505 0.0000000000
108866  46.274  21.088  5.529 0.0000000000
108867  45.627  20.999  5.455 0.0000000000
108870  40.267  20.802  4.366 0.0000000000
108876  44.037  21.126  4.219 0.0000000000
108877  42.877  21.459  3.596 0.0000000000
108879  41.142  20.977  3.985 0.0000000000
108887  43.796  21.184  3.776 0.0000000000
108888  43.438  21.269  3.534 0.0000000000
108889  39.340  20.997  3.556 0.0000000000
108890  38.729  21.211  3.334 0.0000000000
109467  51.391  21.720  21.222 0.0000000000
109530  45.736  21.891  15.051 0.0000000000
109531  44.834  21.980  15.115 0.0000000000
109541  47.485  22.363  13.904 0.0000000000
109542  46.806  22.313  14.023 0.0000000000
109546  43.567  21.925  14.723 0.0000000000
109552  49.721  23.557  12.967 0.0000000000
109555  46.268  22.298  13.366 0.0000000000
109563  49.598  22.603  12.324 0.0000000000
109564  49.607  23.294  12.499 0.0000000000
109565  48.146  22.305  12.300 0.0000000000
109570  43.989  22.157  12.984 0.0000000000
109578  47.694  22.255  11.575 0.0000000000
109579  46.867  22.291  11.635 0.0000000000
109581  45.150  22.245  11.891 0.0000000000
109587  48.518  21.953  11.036 0.0000000000
109598  48.839  22.832  9.546 0.0000000000
109603  39.334  23.143  8.596 0.0000000000
109609  48.381  22.746  9.433 0.0000000000
109612  45.809  22.170  8.064 0.0000000000
109619  38.505  23.213  7.884 0.0000000000
109652  44.107  21.677  4.766 0.0000000000
109657  38.834  22.632  4.778 0.0000000000
109663  44.079  21.464  4.204 0.0000000000
109664  43.550  21.831  3.911 0.0000000000
109665  42.632  21.899  4.040 0.0000000000
109669  38.263  22.061  4.195 0.0000000000
109675  44.005  21.323  3.971 0.0000000000
109676  43.814  21.440  3.819 0.0000000000
109677  39.807  21.211  3.693 0.0000000000
110263  51.010  23.174  16.517 0.0000000000
110318  49.277  23.573  10.363 0.0000000000
110319  48.992  23.550  9.706 0.0000000000
110320  47.561  23.424  9.201 0.0000000000
110338  46.711  22.598  8.796 0.0000000000
110344  39.065  23.227  8.561 0.0000000000
110352  38.227  23.155  7.875 0.0000000000
110936  50.823  24.372  18.780 0.0000000000
110951  51.119  23.895  18.222 0.0000000000
110990  50.346  24.732  13.659 0.0000000000
110992  39.109  24.246  12.197 0.0000000000
111014  43.342  24.199  10.064 0.0000000000
111020  49.307  24.233  10.773 0.0000000000
111022  47.606  23.775  9.167 0.0000000000
111667  50.136  25.688  14.229 0.0000000000
111693  41.370  24.901  11.185 0.0000000000
111700  49.447  25.426  11.223 0.0000000000
111716  47.791  24.876  8.584 0.0000000000
111718  46.348  25.438  8.619 0.0000000000
112345  48.552  26.558  17.999 0.0000000000
112417  48.234  26.634  11.009 0.0000000000
112427  48.796  26.192  10.343 0.0000000000
112437  48.349  26.382  8.882 0.0000000000
112447  48.080  26.363  8.356 0.0000000000
112487  46.345  26.895  4.994 0.0000000000
113104  48.425  27.013  17.777 0.0000000000
113178  48.420  26.469  9.806 0.0000000000
113217  43.248  28.630  6.801 0.0000000000
113224  45.419  27.154  4.889 0.0000000000
113242  45.384  28.414  3.681 0.0000000000
113849  45.795  28.982  12.950 0.0000000000
113855  45.948  27.914  12.207 0.0000000000
113879  40.437  28.992  9.361 0.0000000000
113907  44.205  28.725  5.542 0.0000000000
113927  45.631  28.660  3.494 0.0000000000
113928  45.406  28.665  3.649 0.0000000000
114482  45.949  29.296  13.156 0.0000000000
114528  46.296  29.114  5.697 0.0000000000
114529  46.002  29.132  6.469 0.0000000000
114532  43.189  29.604  6.838 0.0000000000
114540  44.511  29.604  5.312 0.0000000000
114549  47.221  29.636  3.691 0.0000000000
114561  47.154  29.707  3.500 0.0000000000
114564  45.433  28.955  3.628 0.0000000000
115064  46.793  30.122  17.147 0.0000000000
115070  48.115  30.254  16.385 0.0000000000
115094  46.603  30.450  13.999 0.0000000000
115109  45.447  29.984  12.026 0.0000000000
115115  45.262  30.350  11.394 0.0000000000
115153  45.647  29.934  7.128 0.0000000000
115187  45.598  30.202  3.805 0.0000000000
115209  47.306  30.891  2.647 0.0000000000
115210  47.031  31.148  2.507 0.0000000000
115788  46.967  32.006  15.931 0.0000000000
115810  46.731  31.378  13.550 0.0000000000
115824  45.437  31.022  11.354 0.0000000000
115874  45.628  30.824  7.622 0.0000000000
115928  46.103  31.300  3.203 0.0000000000
115939  47.717  32.115  2.603 0.0000000000
115941  47.036  31.530  2.500 0.0000000000
116569  46.708  32.932  14.731 0.0000000000
116615  48.441  33.086  10.659 0.0000000000
116632  45.960  32.301  9.858 0.0000000000
116633  45.507  31.699  9.966 0.0000000000
116684  44.128  32.010  6.885 0.0000000000
116743  47.541  32.324  2.575 0.0000000000
117381  47.569  33.721  13.842 0.0000000000
117393  47.742  33.718  13.594 0.0000000000
117403  48.524  33.652  12.563 0.0000000000
117427  48.158  33.153  11.062 0.0000000000
117480  46.490  33.649  4.770 0.0000000000
117524  48.197  33.253  2.751 0.0000000000
117526  47.216  32.718  2.729 0.0000000000
118114  45.834  33.870  15.077 0.0000000000
118122  47.691  33.852  13.885 0.0000000000
118150  48.620  33.846  12.592 0.0000000000
118167  48.828  33.954  12.134 0.0000000000
118231  47.394  35.018  4.751 0.0000000000
118912  49.245  35.313  5.940 0.0000000000
118923  49.014  35.812  5.634 0.0000000000
118945  48.781  36.628  2.729 0.0000000000
118946  48.434  36.397  2.712 0.0000000000
118947  48.048  36.202  2.845 0.0000000000
119513  47.986  36.399  8.820 0.0000000000
119576  48.989  36.407  4.377 0.0000000000
119586  48.862  36.984  3.787 0.0000000000
119594  48.994  36.990  2.955 0.0000000000
119596  47.942  36.763  2.504 0.0000000000
120205  44.544  37.700  6.777 0.0000000000
120237  48.944  37.120  3.435 0.0000000000
120248  48.964  37.223  3.155 0.0000000000
120249  48.598  37.523  2.761 0.0000000000
120250  48.128  37.629  2.389 0.0000000000
120874  47.057  38.602  9.037 0.0000000000
120932  48.309  37.850  2.560 0.0000000000
120933  48.142  38.028  2.554 0.0000000000
121587  39.045  39.699  11.088 0.0000000000
121600  42.071  39.669  10.696 0.0000000000
121622  45.418  39.245  5.597 0.0000000000
122292  43.830  41.035  14.280 0.0000000000
122313  38.614  40.667  11.761 0.0000000000
122317  43.752  40.321  11.946 0.0000000000
122377  46.313  40.747  4.908 0.0000000000
123044  43.547  41.057  14.301 0.0000000000
123072  43.127  40.875  8.481 0.0000000000
123079  46.922  41.818  7.242 0.0000000000
123110  46.063  41.585  4.704 0.0000000000
123120  46.393  42.107  4.126 0.0000000000
123802  46.380  42.127  7.735 0.0000000000
123812  45.289  42.679  7.360 0.0000000000
123821  47.290  42.254  6.026 0.0000000000
123869  47.047  42.731  3.770 0.0000000000
123871  45.910  42.898  3.552 0.0000000000
124511  46.048  43.183  7.032 0.0000000000
124517  46.447  43.241  6.464 0.0000000000
124521  43.154  43.662  5.427 0.0000000000
124525  46.850  43.195  5.432 0.0000000000
124565  41.261  42.889  2.284 0.0000000000
125124  46.283  44.438  4.597 0.0000000000
125145  44.486  44.778  2.438 0.0000000000
125147  43.239  44.052  3.704 0.0000000000
125159  45.919  45.001  2.317 0.0000000000
125160  45.671  45.021  2.184 0.0000000000
125161  45.109  45.095  2.005 0.0000000000
125722  45.054  45.585  3.038 0.0000000000
125723  44.681  45.330  2.731 0.0000000000
125728  46.021  45.258  2.842 0.0000000000
125729  45.540  45.514  2.575 0.0000000000
125742  45.998  45.087  2.536 0.0000000000
125743  45.808  45.266  2.355 0.0000000000
125744  45.456  45.360  2.159 0.0000000000
