#!ascii label  , from subject sub.01.bl.02 vox2ras=TkReg
662
52690  28.349  -28.871  60.450 0.0000000000
72534  43.512  -13.157  42.349 0.0000000000
75147  51.711  -10.607  39.408 0.0000000000
61510  46.715  -21.314  50.273 0.0000000000
52747  35.484  -30.566  56.465 0.0000000000
47713  32.641  -32.319  59.697 0.0000000000
73777  47.828  -11.621  42.410 0.0000000000
73725  48.026  -12.435  46.334 0.0000000000
59056  44.069  -23.847  52.140 0.0000000000
50272  39.150  -30.799  55.187 0.0000000000
81089  49.403  -5.385  31.711 0.0000000000
75219  49.889  -9.842  35.757 0.0000000000
64010  43.725  -19.502  47.715 0.0000000000
68711  45.912  -15.085  48.436 0.0000000000
52735  31.911  -30.110  58.896 0.0000000000
50188  30.621  -30.403  61.045 0.0000000000
73779  45.571  -12.456  42.509 0.0000000000
75057  48.052  -10.955  44.495 0.0000000000
73739  45.858  -11.852  45.534 0.0000000000
51590  44.634  -28.964  51.147 0.0000000000
49025  36.348  -32.540  57.442 0.0000000000
51513  37.236  -30.473  55.662 0.0000000000
46552  38.319  -33.061  56.040 0.0000000000
80039  48.394  -6.199  32.311 0.0000000000
77687  49.735  -7.788  33.135 0.0000000000
78850  49.429  -7.837  34.099 0.0000000000
73808  49.380  -11.444  39.246 0.0000000000
73858  48.242  -10.972  36.050 0.0000000000
76436  51.104  -9.591  37.707 0.0000000000
77644  52.263  -9.042  37.219 0.0000000000
75164  53.133  -10.028  38.594 0.0000000000
60255  45.786  -22.428  51.198 0.0000000000
62728  44.165  -20.969  49.997 0.0000000000
63980  45.380  -19.408  50.498 0.0000000000
66446  45.154  -17.716  48.294 0.0000000000
66430  46.841  -17.366  50.345 0.0000000000
67591  47.893  -16.455  49.506 0.0000000000
62740  47.453  -19.958  49.246 0.0000000000
50233  34.263  -31.418  58.444 0.0000000000
72556  47.041  -12.652  39.507 0.0000000000
75133  49.018  -10.959  40.970 0.0000000000
75075  49.640  -11.128  43.598 0.0000000000
72502  49.580  -12.118  43.963 0.0000000000
52805  41.853  -27.876  53.495 0.0000000000
55241  44.166  -27.040  52.880 0.0000000000
56648  45.833  -25.684  51.386 0.0000000000
57941  46.186  -24.453  49.560 0.0000000000
59156  46.029  -23.148  48.381 0.0000000000
51571  40.302  -29.569  53.460 0.0000000000
50269  41.485  -30.768  54.577 0.0000000000
78903  50.200  -6.992  30.105 0.0000000000
76485  48.483  -8.613  34.184 0.0000000000
77676  50.769  -8.163  35.079 0.0000000000
77666  53.045  -8.652  35.407 0.0000000000
72474  44.458  -12.879  46.188 0.0000000000
72431  47.191  -13.362  48.082 0.0000000000
68721  49.112  -15.899  47.041 0.0000000000
50206  28.303  -30.390  60.146 0.0000000000
51426  28.993  -29.593  60.758 0.0000000000
48981  29.376  -30.780  60.742 0.0000000000
72519  44.892  -12.625  42.744 0.0000000000
73754  45.953  -11.971  44.434 0.0000000000
73755  44.940  -12.327  44.155 0.0000000000
46544  37.424  -33.118  56.773 0.0000000000
80040  47.850  -6.448  32.253 0.0000000000
80032  48.763  -6.986  32.849 0.0000000000
78865  48.034  -7.301  33.364 0.0000000000
75149  49.989  -10.770  39.387 0.0000000000
75165  50.470  -10.307  38.363 0.0000000000
76403  51.852  -10.100  38.993 0.0000000000
76418  52.282  -9.701  38.499 0.0000000000
61496  46.380  -21.543  50.778 0.0000000000
62707  45.464  -20.841  51.570 0.0000000000
62718  46.274  -20.262  51.135 0.0000000000
65196  46.131  -19.062  50.725 0.0000000000
63965  46.843  -19.812  50.566 0.0000000000
63978  47.321  -19.166  50.068 0.0000000000
61525  47.014  -21.122  49.603 0.0000000000
51461  32.801  -30.585  59.092 0.0000000000
49012  33.584  -31.729  59.203 0.0000000000
47755  34.657  -32.214  58.726 0.0000000000
72544  46.170  -12.905  40.893 0.0000000000
72557  46.304  -12.994  39.889 0.0000000000
73788  47.874  -11.989  41.058 0.0000000000
73797  48.818  -11.464  40.291 0.0000000000
73787  48.547  -11.311  41.415 0.0000000000
75115  49.791  -10.755  41.655 0.0000000000
75097  48.731  -10.909  42.615 0.0000000000
75039  48.357  -11.615  45.381 0.0000000000
75056  48.779  -11.433  44.438 0.0000000000
72504  48.602  -12.599  45.127 0.0000000000
71227  48.629  -13.486  44.466 0.0000000000
71211  48.552  -13.524  45.218 0.0000000000
51533  43.296  -28.463  53.473 0.0000000000
53971  43.132  -27.233  53.546 0.0000000000
52821  43.755  -28.777  52.768 0.0000000000
54028  45.090  -27.680  51.749 0.0000000000
56665  46.183  -25.390  50.521 0.0000000000
50258  38.435  -31.023  55.686 0.0000000000
51557  38.490  -30.272  54.291 0.0000000000
51538  39.753  -30.395  54.641 0.0000000000
51537  40.809  -29.893  54.483 0.0000000000
50270  40.896  -30.705  54.847 0.0000000000
82166  48.841  -4.744  31.629 0.0000000000
80070  49.769  -6.216  30.953 0.0000000000
77685  51.179  -7.999  33.437 0.0000000000
75202  49.717  -10.324  36.430 0.0000000000
75221  47.862  -10.644  35.004 0.0000000000
75220  48.811  -10.173  35.402 0.0000000000
76477  48.396  -9.237  34.280 0.0000000000
76476  49.077  -9.039  34.699 0.0000000000
77677  49.771  -8.325  34.532 0.0000000000
76474  50.615  -8.830  35.487 0.0000000000
76449  53.063  -9.373  37.071 0.0000000000
77656  52.976  -8.766  36.412 0.0000000000
59034  43.477  -25.004  52.475 0.0000000000
60239  43.759  -23.537  51.471 0.0000000000
62741  43.592  -20.562  49.225 0.0000000000
62754  42.838  -20.861  48.640 0.0000000000
68698  45.691  -16.124  48.921 0.0000000000
67611  44.559  -16.092  46.986 0.0000000000
69936  44.984  -14.687  47.468 0.0000000000
71195  43.859  -13.360  46.299 0.0000000000
71164  45.568  -13.663  47.693 0.0000000000
72459  45.563  -12.567  47.283 0.0000000000
71146  45.994  -14.008  48.157 0.0000000000
65224  48.475  -18.066  48.350 0.0000000000
67601  48.747  -16.577  48.299 0.0000000000
66452  48.801  -17.145  47.419 0.0000000000
67618  48.815  -16.639  46.364 0.0000000000
51441  31.631  -30.315  60.257 0.0000000000
48978  31.471  -31.482  60.637 0.0000000000
46490  31.716  -32.910  59.810 0.0000000000
47716  30.449  -32.152  60.133 0.0000000000
73778  46.482  -12.182  42.587 0.0000000000
73764  47.675  -11.269  43.191 0.0000000000
73765  46.963  -11.574  43.617 0.0000000000
75041  47.333  -10.965  45.174 0.0000000000
75028  47.505  -11.477  46.111 0.0000000000
51489  35.959  -30.848  56.551 0.0000000000
51514  36.486  -30.628  56.016 0.0000000000
50243  36.862  -31.379  56.480 0.0000000000
49045  38.042  -31.600  56.150 0.0000000000
47772  39.007  -32.058  55.878 0.0000000000
49051  40.205  -31.489  55.060 0.0000000000
45387  38.923  -33.329  54.809 0.0000000000
80038  48.964  -6.173  32.087 0.0000000000
78875  49.340  -7.371  32.633 0.0000000000
78863  49.601  -7.695  33.523 0.0000000000
78862  50.710  -7.846  33.896 0.0000000000
73820  48.027  -12.054  37.903 0.0000000000
73837  49.001  -11.257  37.450 0.0000000000
75185  49.577  -10.843  37.474 0.0000000000
75184  50.385  -10.005  37.205 0.0000000000
77659  51.075  -8.866  36.410 0.0000000000
76435  51.941  -9.495  37.725 0.0000000000
76416  53.060  -9.416  38.318 0.0000000000
60236  45.070  -23.039  51.944 0.0000000000
60238  44.172  -22.933  51.590 0.0000000000
62708  44.886  -21.199  51.595 0.0000000000
63982  44.524  -20.410  50.562 0.0000000000
65219  44.352  -19.562  49.057 0.0000000000
65232  44.777  -18.207  47.488 0.0000000000
65217  45.543  -18.206  49.722 0.0000000000
66438  45.757  -17.525  49.879 0.0000000000
68683  46.181  -16.155  49.930 0.0000000000
68696  46.770  -15.255  49.330 0.0000000000
66429  47.479  -17.042  50.064 0.0000000000
65215  48.301  -18.033  48.959 0.0000000000
64000  47.761  -19.047  48.518 0.0000000000
51493  32.255  -30.385  57.908 0.0000000000
50262  33.664  -30.599  57.434 0.0000000000
51491  34.637  -30.738  57.020 0.0000000000
49040  35.249  -31.570  57.821 0.0000000000
46512  35.662  -33.424  58.337 0.0000000000
73809  48.384  -12.016  39.010 0.0000000000
73796  49.531  -11.076  39.907 0.0000000000
75131  50.682  -10.753  40.571 0.0000000000
75114  50.512  -11.170  41.600 0.0000000000
73786  50.625  -11.782  42.054 0.0000000000
73775  50.334  -11.800  43.089 0.0000000000
75076  48.835  -10.995  43.609 0.0000000000
75054  49.961  -11.573  43.856 0.0000000000
55231  41.411  -27.105  53.072 0.0000000000
55242  42.133  -26.478  53.259 0.0000000000
56589  43.013  -26.017  53.199 0.0000000000
57832  43.820  -25.302  52.794 0.0000000000
54008  44.468  -28.049  52.398 0.0000000000
55257  44.860  -26.710  52.244 0.0000000000
57853  45.013  -24.763  51.789 0.0000000000
59053  45.405  -24.079  51.549 0.0000000000
59098  46.367  -23.784  50.453 0.0000000000
59116  46.732  -22.796  49.984 0.0000000000
60310  46.707  -21.950  49.196 0.0000000000
59136  46.360  -23.537  49.175 0.0000000000
52806  41.453  -28.861  53.549 0.0000000000
51511  41.976  -29.415  53.832 0.0000000000
50280  42.325  -30.629  53.745 0.0000000000
47782  40.893  -31.982  54.579 0.0000000000
47794  41.674  -31.726  53.839 0.0000000000
81113  50.990  -5.615  30.102 0.0000000000
77689  47.810  -8.035  33.193 0.0000000000
77678  48.898  -8.067  34.339 0.0000000000
78849  50.274  -7.961  34.246 0.0000000000
77675  51.393  -7.659  35.082 0.0000000000
77669  51.091  -8.566  35.928 0.0000000000
78840  52.334  -7.976  35.261 0.0000000000
78846  52.572  -7.951  34.740 0.0000000000
61500  44.052  -22.133  50.073 0.0000000000
72489  43.164  -13.435  45.019 0.0000000000
72488  44.211  -12.746  44.962 0.0000000000
72473  45.347  -12.391  46.377 0.0000000000
73718  46.301  -12.095  47.368 0.0000000000
72472  47.455  -12.602  47.120 0.0000000000
68695  47.556  -15.290  49.163 0.0000000000
69958  47.849  -14.379  48.004 0.0000000000
71194  48.150  -13.705  46.577 0.0000000000
69979  49.135  -14.928  46.004 0.0000000000
60329  46.439  -21.973  48.458 0.0000000000
61565  46.537  -20.902  47.604 0.0000000000
51445  28.083  -29.506  60.278 0.0000000000
51427  28.603  -29.189  60.540 0.0000000000
51444  28.598  -29.950  60.489 0.0000000000
72520  44.185  -12.921  42.944 0.0000000000
73767  44.728  -12.518  43.398 0.0000000000
80034  47.904  -6.874  32.946 0.0000000000
75148  50.898  -10.407  39.445 0.0000000000
62705  46.341  -21.038  51.073 0.0000000000
62717  46.534  -20.573  50.826 0.0000000000
63966  46.311  -19.655  50.890 0.0000000000
62727  47.076  -20.339  50.175 0.0000000000
48994  32.301  -31.675  60.048 0.0000000000
48993  32.941  -31.698  59.603 0.0000000000
46488  32.865  -32.755  59.323 0.0000000000
72530  46.913  -12.386  41.586 0.0000000000
72543  47.029  -12.547  40.496 0.0000000000
73776  48.576  -11.145  42.035 0.0000000000
73736  48.244  -12.058  45.932 0.0000000000
73752  48.661  -12.121  45.083 0.0000000000
72486  48.352  -12.875  45.784 0.0000000000
72485  48.564  -12.889  45.138 0.0000000000
51569  43.266  -29.013  53.199 0.0000000000
52802  43.420  -28.239  53.279 0.0000000000
52822  43.598  -29.375  52.701 0.0000000000
51539  38.501  -30.481  55.117 0.0000000000
51556  39.531  -30.159  54.211 0.0000000000
50271  39.934  -30.840  55.015 0.0000000000
82165  49.169  -4.918  31.893 0.0000000000
81102  49.809  -5.571  31.070 0.0000000000
80051  49.507  -6.201  31.441 0.0000000000
75232  48.564  -9.616  34.652 0.0000000000
76466  49.618  -9.471  35.262 0.0000000000
76475  50.059  -8.888  35.020 0.0000000000
76465  50.246  -9.339  35.523 0.0000000000
75198  53.064  -9.771  37.162 0.0000000000
76450  53.001  -9.660  36.727 0.0000000000
59033  43.733  -24.710  52.465 0.0000000000
59057  43.539  -24.462  52.022 0.0000000000
64001  43.687  -19.996  48.663 0.0000000000
68712  45.542  -15.608  48.172 0.0000000000
69935  45.633  -14.615  47.906 0.0000000000
71165  45.144  -14.130  47.569 0.0000000000
69913  46.057  -14.557  48.363 0.0000000000
69912  46.453  -14.574  48.719 0.0000000000
63999  48.233  -18.376  48.044 0.0000000000
65223  48.641  -17.754  47.896 0.0000000000
63998  48.361  -18.007  47.719 0.0000000000
65230  48.427  -17.634  47.316 0.0000000000
51424  30.628  -29.828  60.896 0.0000000000
51442  31.063  -29.883  60.590 0.0000000000
50205  30.976  -30.021  60.960 0.0000000000
50187  31.406  -30.917  60.798 0.0000000000
48979  30.889  -31.271  60.923 0.0000000000
47698  31.086  -31.664  60.672 0.0000000000
47699  30.633  -31.719  60.608 0.0000000000
72532  45.062  -12.902  42.017 0.0000000000
72545  45.262  -13.126  41.160 0.0000000000
72531  45.890  -12.615  41.799 0.0000000000
73753  46.724  -11.202  44.760 0.0000000000
73738  46.638  -11.259  45.811 0.0000000000
75029  47.250  -11.198  45.855 0.0000000000
49039  35.687  -31.674  57.449 0.0000000000
50244  36.309  -31.243  56.664 0.0000000000
49038  36.574  -31.932  56.915 0.0000000000
46553  37.999  -32.915  56.438 0.0000000000
47774  37.570  -32.290  56.564 0.0000000000
47773  38.549  -32.324  56.074 0.0000000000
47785  38.739  -32.781  55.694 0.0000000000
46567  38.926  -33.008  55.282 0.0000000000
81078  48.150  -5.405  32.156 0.0000000000
81077  48.643  -5.405  32.215 0.0000000000
78864  48.707  -7.428  33.658 0.0000000000
73819  48.998  -11.534  38.090 0.0000000000
76401  53.009  -9.821  39.036 0.0000000000
76417  52.960  -9.510  38.568 0.0000000000
75163  53.150  -9.631  38.281 0.0000000000
75182  53.180  -9.846  37.752 0.0000000000
75183  53.018  -10.449  38.004 0.0000000000
60256  45.366  -22.812  51.616 0.0000000000
61485  45.114  -21.953  51.787 0.0000000000
63967  45.531  -19.893  51.009 0.0000000000
62719  45.049  -20.592  51.343 0.0000000000
63981  44.914  -19.685  50.339 0.0000000000
63993  44.334  -19.938  49.691 0.0000000000
65218  45.051  -18.981  49.377 0.0000000000
65208  45.279  -19.225  50.176 0.0000000000
65206  46.595  -18.592  50.515 0.0000000000
66431  46.155  -17.540  50.321 0.0000000000
67592  45.933  -16.619  49.959 0.0000000000
67582  46.394  -16.643  50.221 0.0000000000
67581  47.000  -16.503  50.226 0.0000000000
65216  47.793  -18.331  49.562 0.0000000000
63991  47.869  -18.852  49.162 0.0000000000
63990  48.154  -18.450  48.575 0.0000000000
52750  31.208  -29.988  58.355 0.0000000000
51494  31.280  -30.279  57.419 0.0000000000
51478  32.243  -30.280  58.597 0.0000000000
50234  33.494  -30.815  58.561 0.0000000000
50247  33.592  -30.685  57.940 0.0000000000
50261  34.076  -30.751  57.423 0.0000000000
50246  34.342  -30.993  57.672 0.0000000000
50245  35.232  -31.300  57.412 0.0000000000
50232  34.968  -31.521  58.026 0.0000000000
72573  47.058  -12.660  38.624 0.0000000000
73810  47.587  -12.373  39.100 0.0000000000
75132  49.742  -10.745  40.524 0.0000000000
75096  49.720  -10.835  42.724 0.0000000000
75095  50.244  -11.293  42.833 0.0000000000
75077  47.872  -10.986  43.667 0.0000000000
73751  49.227  -11.889  44.284 0.0000000000
75055  49.641  -11.518  43.953 0.0000000000
72517  49.985  -12.265  43.405 0.0000000000
72518  49.232  -12.728  43.786 0.0000000000
53973  41.942  -27.571  53.482 0.0000000000
55230  41.782  -26.977  53.393 0.0000000000
53972  42.523  -27.294  53.597 0.0000000000
53970  43.597  -27.438  53.275 0.0000000000
55228  43.054  -26.607  53.455 0.0000000000
55227  43.718  -26.599  53.142 0.0000000000
57833  43.416  -25.683  52.935 0.0000000000
56587  44.054  -25.903  52.846 0.0000000000
52837  44.307  -28.943  52.147 0.0000000000
52854  44.725  -28.659  51.596 0.0000000000
55273  45.704  -26.404  51.324 0.0000000000
56626  45.351  -25.724  51.652 0.0000000000
56606  44.820  -25.215  51.939 0.0000000000
56625  45.075  -25.268  51.764 0.0000000000
57906  45.948  -25.261  51.260 0.0000000000
57925  46.322  -24.565  50.197 0.0000000000
59097  46.577  -23.119  50.253 0.0000000000
59117  46.559  -23.602  49.879 0.0000000000
52766  36.352  -30.196  55.557 0.0000000000
52765  36.951  -30.031  55.261 0.0000000000
52839  40.697  -28.904  52.661 0.0000000000
52823  41.122  -28.835  53.173 0.0000000000
51536  41.644  -29.895  54.281 0.0000000000
52787  41.403  -29.420  54.026 0.0000000000
51535  42.254  -29.587  53.751 0.0000000000
51553  42.150  -30.146  54.057 0.0000000000
47783  40.414  -32.226  54.711 0.0000000000
49083  42.263  -31.352  52.926 0.0000000000
80069  50.201  -6.130  30.491 0.0000000000
73859  47.481  -11.473  36.254 0.0000000000
73881  47.642  -11.030  35.517 0.0000000000
76486  47.878  -8.950  33.666 0.0000000000
77688  48.250  -7.992  33.814 0.0000000000
78848  51.129  -7.648  34.524 0.0000000000
77658  51.637  -8.740  36.688 0.0000000000
77667  52.586  -8.336  35.784 0.0000000000
78838  52.876  -8.487  35.167 0.0000000000
61487  44.517  -21.877  51.242 0.0000000000
60257  44.187  -22.210  50.839 0.0000000000
61511  44.135  -21.569  49.958 0.0000000000
68724  44.184  -15.440  46.654 0.0000000000
72475  43.717  -13.214  45.722 0.0000000000
72506  43.364  -13.286  44.089 0.0000000000
72487  45.052  -12.448  45.614 0.0000000000
72444  46.597  -13.029  47.870 0.0000000000
73707  46.533  -12.575  47.617 0.0000000000
73717  46.876  -12.194  47.280 0.0000000000
73705  47.043  -12.799  47.679 0.0000000000
67609  48.886  -15.983  47.654 0.0000000000
68709  48.440  -15.446  48.049 0.0000000000
68722  48.787  -15.286  47.211 0.0000000000
69957  48.187  -14.437  47.458 0.0000000000
69980  48.681  -14.572  46.477 0.0000000000
68732  49.082  -15.288  46.610 0.0000000000
67629  48.609  -16.480  45.751 0.0000000000
59155  46.527  -22.714  48.935 0.0000000000
51425  29.907  -29.610  60.846 0.0000000000
50189  29.620  -30.316  60.952 0.0000000000
48980  29.938  -31.202  60.879 0.0000000000
50190  28.961  -30.381  60.650 0.0000000000
72546  44.392  -13.137  41.379 0.0000000000
73766  45.634  -12.198  43.360 0.0000000000
47753  36.504  -32.995  57.571 0.0000000000
47766  36.918  -32.708  57.068 0.0000000000
46543  37.109  -33.246  56.975 0.0000000000
45363  37.670  -33.602  56.299 0.0000000000
80033  48.235  -6.793  32.995 0.0000000000
75166  49.758  -11.020  38.534 0.0000000000
76419  51.480  -9.919  38.489 0.0000000000
76402  52.489  -9.917  39.024 0.0000000000
60235  45.967  -21.786  51.170 0.0000000000
61484  45.731  -21.586  51.406 0.0000000000
61483  46.161  -21.405  51.166 0.0000000000
63955  45.798  -20.373  51.380 0.0000000000
65197  45.915  -19.318  50.838 0.0000000000
65205  47.385  -18.009  50.090 0.0000000000
52734  32.417  -30.374  59.003 0.0000000000
51462  32.447  -30.655  59.504 0.0000000000
50219  33.067  -31.086  59.372 0.0000000000
50218  33.799  -31.459  59.029 0.0000000000
49011  34.167  -31.746  58.912 0.0000000000
47737  34.119  -32.335  58.930 0.0000000000
73798  47.768  -12.132  39.919 0.0000000000
75116  49.092  -10.894  41.574 0.0000000000
75040  47.914  -11.204  45.384 0.0000000000
72503  48.820  -12.622  44.569 0.0000000000
69999  48.727  -14.486  45.268 0.0000000000
52784  42.780  -28.271  53.538 0.0000000000
52803  43.125  -27.823  53.528 0.0000000000
53989  43.971  -27.802  52.895 0.0000000000
52853  45.039  -28.401  50.998 0.0000000000
55291  45.936  -26.478  50.688 0.0000000000
56647  46.110  -25.593  51.070 0.0000000000
55290  45.981  -26.069  50.292 0.0000000000
55310  45.805  -26.031  49.723 0.0000000000
51512  37.869  -30.731  55.672 0.0000000000
51555  40.512  -29.603  54.001 0.0000000000
78904  49.730  -7.052  30.785 0.0000000000
77686  50.276  -8.032  33.360 0.0000000000
75203  48.939  -10.802  36.613 0.0000000000
73880  48.146  -10.734  35.481 0.0000000000
75233  47.991  -10.027  34.186 0.0000000000
77643  52.788  -9.037  37.221 0.0000000000
77657  52.407  -8.535  36.573 0.0000000000
57857  43.071  -25.387  52.585 0.0000000000
62729  43.898  -21.314  49.697 0.0000000000
62753  43.294  -20.459  48.757 0.0000000000
62766  42.660  -20.683  48.120 0.0000000000
67602  45.430  -16.674  48.673 0.0000000000
67610  45.043  -16.510  47.670 0.0000000000
68723  44.754  -15.482  47.328 0.0000000000
69959  44.188  -14.696  47.049 0.0000000000
71180  43.753  -14.228  46.702 0.0000000000
71179  44.403  -13.680  47.067 0.0000000000
71178  45.128  -13.165  47.276 0.0000000000
72460  44.948  -12.874  46.902 0.0000000000
71145  46.638  -13.904  48.334 0.0000000000
66436  48.425  -17.130  48.999 0.0000000000
67590  48.395  -16.518  48.966 0.0000000000
67600  48.923  -16.799  47.949 0.0000000000
67608  48.941  -16.604  47.591 0.0000000000
67617  49.004  -16.472  46.793 0.0000000000
66459  48.697  -17.082  46.858 0.0000000000
52736  31.207  -29.829  59.078 0.0000000000
52721  31.323  -29.872  59.628 0.0000000000
52701  31.784  -30.289  59.942 0.0000000000
48977  31.887  -31.398  60.412 0.0000000000
47714  32.050  -32.375  60.066 0.0000000000
47715  31.304  -32.119  60.279 0.0000000000
46491  31.003  -32.690  59.686 0.0000000000
47700  30.044  -31.770  60.456 0.0000000000
75078  47.251  -11.084  44.161 0.0000000000
75058  47.443  -10.957  44.477 0.0000000000
73737  47.924  -11.633  45.917 0.0000000000
73726  47.593  -12.063  46.696 0.0000000000
51582  43.546  -29.831  52.546 0.0000000000
52746  36.022  -30.522  56.107 0.0000000000
50260  36.667  -30.834  56.176 0.0000000000
50259  37.332  -31.051  56.094 0.0000000000
49046  37.273  -31.598  56.406 0.0000000000
49044  38.943  -31.642  55.856 0.0000000000
49052  39.532  -31.450  55.391 0.0000000000
47784  39.347  -32.209  55.453 0.0000000000
46566  39.561  -32.835  54.823 0.0000000000
45386  39.488  -33.197  54.461 0.0000000000
81076  49.035  -5.252  32.125 0.0000000000
73839  47.353  -12.034  37.173 0.0000000000
73838  48.383  -11.426  37.086 0.0000000000
75186  48.971  -11.087  37.164 0.0000000000
75201  50.369  -9.733  36.345 0.0000000000
75218  50.335  -9.562  35.888 0.0000000000
76452  50.932  -9.244  36.854 0.0000000000
76451  51.532  -9.228  37.237 0.0000000000
77645  51.892  -9.112  37.218 0.0000000000
76434  52.598  -9.427  37.864 0.0000000000
76433  53.006  -9.454  37.909 0.0000000000
59055  44.492  -23.708  52.018 0.0000000000
60237  44.552  -22.853  51.896 0.0000000000
61486  44.663  -21.992  51.609 0.0000000000
62709  44.681  -21.353  51.387 0.0000000000
62720  44.737  -20.834  51.261 0.0000000000
62721  44.525  -21.084  50.921 0.0000000000
65226  44.298  -19.258  48.458 0.0000000000
65233  44.305  -18.882  47.608 0.0000000000
65225  44.688  -18.594  48.270 0.0000000000
65207  45.714  -18.755  50.364 0.0000000000
66439  45.432  -17.594  49.265 0.0000000000
67593  45.674  -16.643  49.402 0.0000000000
68697  46.062  -15.629  49.196 0.0000000000
68682  46.564  -15.958  49.898 0.0000000000
67580  47.445  -16.447  50.012 0.0000000000
66437  47.932  -17.518  49.561 0.0000000000
52768  34.717  -30.373  56.375 0.0000000000
51477  32.777  -30.454  58.562 0.0000000000
51515  34.097  -30.607  56.947 0.0000000000
52748  35.075  -30.638  56.731 0.0000000000
51490  35.175  -30.884  56.968 0.0000000000
49026  35.823  -32.239  57.692 0.0000000000
49009  35.495  -32.490  58.199 0.0000000000
47754  35.936  -32.865  57.985 0.0000000000
75130  51.162  -11.079  40.500 0.0000000000
75113  50.884  -11.344  40.977 0.0000000000
75098  48.028  -11.114  42.989 0.0000000000
75074  50.085  -11.449  43.577 0.0000000000
73763  50.038  -11.782  43.701 0.0000000000
55244  41.227  -26.791  52.785 0.0000000000
56609  42.329  -26.002  52.900 0.0000000000
55229  42.402  -26.701  53.451 0.0000000000
56590  42.541  -26.193  53.193 0.0000000000
56608  42.905  -25.793  53.001 0.0000000000
57856  43.410  -25.385  52.729 0.0000000000
57855  43.753  -24.977  52.648 0.0000000000
59032  44.085  -24.565  52.521 0.0000000000
52838  43.833  -29.332  52.455 0.0000000000
55258  44.463  -27.397  52.587 0.0000000000
54007  44.770  -27.453  52.303 0.0000000000
55240  44.264  -26.362  52.766 0.0000000000
56607  44.677  -25.682  52.245 0.0000000000
57831  44.315  -25.160  52.530 0.0000000000
59031  44.568  -24.497  52.120 0.0000000000
59030  45.023  -24.252  51.813 0.0000000000
59080  45.539  -23.305  51.419 0.0000000000
57905  46.127  -24.732  50.852 0.0000000000
59079  45.919  -23.589  50.974 0.0000000000
60254  46.201  -22.455  50.776 0.0000000000
60274  46.531  -22.329  50.336 0.0000000000
60292  46.721  -22.054  49.826 0.0000000000
59135  46.652  -22.794  49.508 0.0000000000
57954  45.797  -24.351  48.833 0.0000000000
57970  45.637  -23.886  48.382 0.0000000000
52790  35.522  -29.651  55.054 0.0000000000
52788  37.033  -29.864  54.986 0.0000000000
53990  41.051  -27.712  52.579 0.0000000000
53974  41.555  -27.802  53.149 0.0000000000
51509  42.524  -29.215  53.535 0.0000000000
51552  42.748  -29.638  53.433 0.0000000000
50279  42.813  -30.212  53.248 0.0000000000
49050  40.999  -31.544  54.731 0.0000000000
49058  41.501  -31.329  54.437 0.0000000000
47795  41.198  -32.137  54.210 0.0000000000
49057  41.823  -31.359  54.085 0.0000000000
49070  42.074  -31.352  53.566 0.0000000000
52706  27.597  -28.569  60.064 0.0000000000
80079  50.633  -6.511  29.752 0.0000000000
78847  51.951  -7.493  34.815 0.0000000000
76464  50.691  -9.164  36.054 0.0000000000
77668  51.789  -8.053  35.705 0.0000000000
78859  52.986  -8.177  34.201 0.0000000000
72521  43.462  -13.253  43.160 0.0000000000
60258  43.844  -22.840  50.778 0.0000000000
71196  43.118  -13.953  45.939 0.0000000000
72505  44.124  -12.799  43.784 0.0000000000
73740  45.211  -12.252  44.956 0.0000000000
73728  45.978  -11.701  46.619 0.0000000000
73727  46.874  -11.618  46.592 0.0000000000
72471  47.772  -12.901  46.809 0.0000000000
69911  46.980  -14.316  48.797 0.0000000000
71144  46.866  -13.739  48.328 0.0000000000
68710  47.991  -15.148  48.583 0.0000000000
69934  47.584  -14.465  48.451 0.0000000000
71163  47.153  -13.659  48.242 0.0000000000
71176  47.771  -13.512  47.243 0.0000000000
71212  48.409  -13.850  45.897 0.0000000000
70000  48.687  -14.347  45.729 0.0000000000
68744  49.085  -15.343  45.670 0.0000000000
67628  49.125  -16.107  46.001 0.0000000000
61543  47.018  -21.017  48.725 0.0000000000
60330  45.988  -22.096  47.721 0.0000000000
62752  47.228  -19.919  48.232 0.0000000000
45306  35.440  -33.711  58.447 0.0000000000
45327  36.628  -33.653  57.460 0.0000000000
45342  36.764  -33.665  57.254 0.0000000000
45343  36.982  -33.758  56.924 0.0000000000
46530  36.759  -33.376  57.339 0.0000000000
46531  36.541  -33.457  57.600 0.0000000000
47735  35.374  -32.910  58.383 0.0000000000
47752  36.680  -33.179  57.451 0.0000000000
47756  34.535  -31.974  58.796 0.0000000000
47765  36.857  -32.907  57.227 0.0000000000
47817  41.545  -31.967  53.393 0.0000000000
48995  31.817  -31.813  60.329 0.0000000000
49010  35.221  -32.497  58.452 0.0000000000
49027  35.069  -31.953  58.339 0.0000000000
49028  34.498  -31.765  58.655 0.0000000000
50186  31.732  -31.169  60.575 0.0000000000
50202  32.601  -31.300  59.813 0.0000000000
50203  32.058  -30.932  60.206 0.0000000000
50204  31.323  -30.361  60.706 0.0000000000
50257  39.198  -31.135  55.454 0.0000000000
50281  41.877  -30.773  54.293 0.0000000000
51510  42.260  -29.222  53.620 0.0000000000
51534  42.826  -29.160  53.471 0.0000000000
51551  43.069  -28.755  53.409 0.0000000000
51554  41.784  -30.388  54.350 0.0000000000
52702  31.464  -29.987  60.071 0.0000000000
52703  30.739  -29.551  60.172 0.0000000000
52719  32.426  -30.500  59.277 0.0000000000
52749  31.807  -30.147  58.647 0.0000000000
52762  42.479  -28.707  53.527 0.0000000000
52763  41.825  -29.106  53.610 0.0000000000
52764  41.973  -29.206  53.692 0.0000000000
52767  35.515  -30.144  55.873 0.0000000000
52783  43.095  -28.236  53.491 0.0000000000
52785  42.270  -28.424  53.528 0.0000000000
52786  41.793  -29.048  53.641 0.0000000000
52804  42.638  -27.797  53.577 0.0000000000
54029  44.703  -28.340  52.015 0.0000000000
55226  43.999  -26.284  52.936 0.0000000000
55272  46.096  -26.004  50.791 0.0000000000
56588  43.493  -26.010  53.077 0.0000000000
56680  46.078  -25.309  49.933 0.0000000000
57854  44.665  -25.073  52.127 0.0000000000
57879  45.608  -24.864  51.414 0.0000000000
57880  45.733  -25.393  51.446 0.0000000000
59012  44.242  -24.792  52.494 0.0000000000
59013  44.115  -24.940  52.663 0.0000000000
59054  45.081  -23.650  51.807 0.0000000000
59078  46.369  -23.055  50.556 0.0000000000
60234  46.110  -21.887  50.987 0.0000000000
61497  45.439  -22.213  51.553 0.0000000000
61498  45.234  -22.455  51.757 0.0000000000
61499  44.312  -21.804  50.592 0.0000000000
62706  46.105  -20.750  51.330 0.0000000000
62742  43.456  -21.153  49.464 0.0000000000
63954  46.044  -20.142  51.277 0.0000000000
63968  44.854  -20.330  50.977 0.0000000000
63969  44.646  -20.643  50.984 0.0000000000
63979  46.786  -19.316  50.550 0.0000000000
63992  44.763  -19.540  49.845 0.0000000000
64007  48.230  -17.982  47.509 0.0000000000
66444  48.929  -16.992  48.046 0.0000000000
66445  48.676  -17.504  48.408 0.0000000000
68681  47.221  -15.918  49.820 0.0000000000
68694  48.254  -15.878  48.844 0.0000000000
68731  49.185  -15.685  46.341 0.0000000000
69933  48.028  -14.757  48.148 0.0000000000
71177  47.613  -13.914  47.842 0.0000000000
72432  46.740  -13.458  48.094 0.0000000000
72433  46.475  -13.448  48.027 0.0000000000
72443  46.914  -13.137  47.929 0.0000000000
72445  46.126  -12.914  47.892 0.0000000000
72457  47.624  -13.137  47.206 0.0000000000
72458  47.350  -13.099  47.518 0.0000000000
73706  46.818  -12.689  47.642 0.0000000000
73716  47.159  -12.532  47.353 0.0000000000
73750  49.777  -11.728  43.988 0.0000000000
78839  52.715  -8.300  35.212 0.0000000000
82154  49.043  -5.031  32.168 0.0000000000
82155  48.823  -4.928  32.133 0.0000000000
