#!ascii label  , from subject sub.01.bl.02 vox2ras=TkReg
1761
75261  52.821  -10.335  32.925 0.0000000000
50327  40.105  -29.929  48.548 0.0000000000
46598  26.140  -31.610  54.976 0.0000000000
51498  20.767  -29.699  57.242 0.0000000000
42879  35.990  -34.592  56.654 0.0000000000
45505  29.603  -33.099  46.725 0.0000000000
68883  45.669  -14.993  35.132 0.0000000000
78918  50.244  -7.808  28.562 0.0000000000
67654  47.208  -16.254  43.856 0.0000000000
56844  39.486  -25.524  41.262 0.0000000000
52994  30.901  -28.131  39.839 0.0000000000
44134  27.746  -32.790  57.709 0.0000000000
46577  22.663  -31.695  55.431 0.0000000000
47703  24.234  -31.639  60.239 0.0000000000
45390  30.627  -32.941  55.960 0.0000000000
71247  50.070  -12.955  42.145 0.0000000000
51570  43.272  -29.602  52.979 0.0000000000
52889  44.752  -28.172  48.914 0.0000000000
58009  43.424  -24.280  46.227 0.0000000000
50424  40.383  -29.047  43.989 0.0000000000
52990  35.918  -28.131  39.736 0.0000000000
51695  35.259  -28.616  43.541 0.0000000000
50377  26.199  -30.519  46.063 0.0000000000
46841  26.465  -32.007  42.430 0.0000000000
77743  53.621  -8.624  30.786 0.0000000000
73991  52.871  -12.176  28.474 0.0000000000
50314  22.812  -30.446  49.127 0.0000000000
47913  19.378  -31.635  50.336 0.0000000000
45440  39.185  -33.274  52.501 0.0000000000
49164  34.945  -30.738  48.827 0.0000000000
44233  33.300  -33.546  52.191 0.0000000000
47909  29.083  -31.597  50.288 0.0000000000
71373  48.136  -12.863  33.488 0.0000000000
52650  22.659  -28.119  63.628 0.0000000000
51453  18.486  -28.648  60.256 0.0000000000
78861  51.645  -7.531  33.910 0.0000000000
75199  52.737  -10.291  36.972 0.0000000000
71316  49.548  -13.309  37.516 0.0000000000
68826  46.694  -15.515  38.581 0.0000000000
66550  42.944  -17.719  40.040 0.0000000000
64008  47.937  -18.244  47.395 0.0000000000
62835  42.834  -20.506  43.157 0.0000000000
61722  39.326  -21.363  39.294 0.0000000000
58172  35.634  -23.880  36.733 0.0000000000
50428  30.490  -30.481  43.816 0.0000000000
47718  28.344  -31.903  59.532 0.0000000000
44098  25.755  -32.572  58.784 0.0000000000
50208  26.331  -30.370  59.559 0.0000000000
45291  30.643  -32.982  59.054 0.0000000000
47898  42.613  -30.699  51.346 0.0000000000
50323  43.332  -29.580  49.231 0.0000000000
51627  42.983  -28.634  47.331 0.0000000000
50371  40.647  -28.861  46.959 0.0000000000
51669  38.258  -29.118  44.449 0.0000000000
51630  38.421  -29.215  46.318 0.0000000000
50379  23.044  -29.920  45.916 0.0000000000
50431  23.714  -30.913  43.912 0.0000000000
76500  54.267  -9.291  32.370 0.0000000000
76545  54.695  -9.315  30.204 0.0000000000
73939  54.071  -10.822  31.362 0.0000000000
49085  24.469  -30.850  52.167 0.0000000000
49148  20.832  -30.774  50.142 0.0000000000
47851  22.525  -31.204  52.523 0.0000000000
47786  21.959  -31.349  55.961 0.0000000000
47828  19.474  -31.724  53.217 0.0000000000
49063  18.519  -30.854  54.178 0.0000000000
50277  17.883  -30.501  55.464 0.0000000000
46592  40.220  -32.943  54.287 0.0000000000
44209  37.764  -33.714  54.201 0.0000000000
45443  36.058  -32.800  52.644 0.0000000000
42926  34.826  -33.845  54.696 0.0000000000
46570  28.442  -32.330  55.527 0.0000000000
46594  30.086  -31.951  54.198 0.0000000000
47846  27.502  -31.272  52.700 0.0000000000
49118  25.905  -30.812  50.510 0.0000000000
71344  46.878  -13.814  34.391 0.0000000000
71391  47.872  -13.636  31.875 0.0000000000
68955  46.121  -15.671  32.469 0.0000000000
52696  16.405  -28.856  61.291 0.0000000000
73857  51.072  -11.828  37.035 0.0000000000
72570  51.439  -11.999  39.205 0.0000000000
70034  48.236  -14.143  42.885 0.0000000000
70055  48.464  -14.514  40.767 0.0000000000
67675  46.679  -15.495  41.449 0.0000000000
67704  44.274  -17.061  39.554 0.0000000000
66520  44.902  -17.221  41.887 0.0000000000
58037  41.713  -24.596  44.489 0.0000000000
60391  43.631  -22.098  44.780 0.0000000000
60408  41.391  -22.644  43.079 0.0000000000
62868  41.160  -20.897  41.312 0.0000000000
59288  39.343  -23.501  40.395 0.0000000000
59330  37.664  -22.959  37.768 0.0000000000
58126  37.351  -25.058  38.918 0.0000000000
54234  33.849  -27.348  37.671 0.0000000000
47948  32.077  -31.689  48.758 0.0000000000
50391  31.717  -29.995  46.205 0.0000000000
48006  29.758  -32.282  45.246 0.0000000000
49292  26.002  -31.338  40.703 0.0000000000
78959  53.596  -7.453  25.409 0.0000000000
77810  51.347  -9.154  26.296 0.0000000000
45369  26.899  -32.875  56.569 0.0000000000
46600  24.238  -31.468  55.460 0.0000000000
45351  24.642  -32.644  57.242 0.0000000000
45320  23.655  -32.634  57.804 0.0000000000
49016  22.769  -31.078  59.140 0.0000000000
45331  34.064  -33.822  58.444 0.0000000000
42883  33.798  -34.502  56.347 0.0000000000
44130  31.874  -33.714  57.942 0.0000000000
45346  29.524  -33.396  57.065 0.0000000000
73785  50.775  -11.567  41.242 0.0000000000
68756  48.857  -15.009  45.128 0.0000000000
55350  44.312  -26.370  47.458 0.0000000000
54128  42.477  -26.862  45.430 0.0000000000
52943  40.366  -27.839  42.806 0.0000000000
54186  38.273  -27.267  40.607 0.0000000000
51737  37.740  -28.398  41.638 0.0000000000
51739  35.837  -28.762  41.533 0.0000000000
51741  33.765  -29.033  41.718 0.0000000000
47978  28.105  -32.089  46.208 0.0000000000
45541  27.740  -33.688  44.282 0.0000000000
49229  26.341  -31.844  43.847 0.0000000000
76550  49.682  -9.102  30.021 0.0000000000
75333  50.636  -10.601  28.128 0.0000000000
76547  52.906  -9.917  29.581 0.0000000000
46639  21.207  -32.331  53.259 0.0000000000
46647  41.093  -32.266  52.593 0.0000000000
49112  39.930  -31.230  50.667 0.0000000000
50311  37.788  -30.603  49.336 0.0000000000
47904  37.452  -31.971  51.288 0.0000000000
47907  33.965  -31.892  51.287 0.0000000000
44251  31.203  -32.629  49.789 0.0000000000
44202  32.693  -33.450  54.371 0.0000000000
45447  31.028  -32.583  51.291 0.0000000000
45470  29.610  -32.669  48.398 0.0000000000
49168  27.620  -30.804  48.683 0.0000000000
50334  24.878  -30.195  47.808 0.0000000000
72688  50.381  -11.742  33.123 0.0000000000
72706  51.977  -12.092  31.291 0.0000000000
71412  49.572  -13.103  31.687 0.0000000000
50163  23.765  -29.757  62.243 0.0000000000
51430  22.075  -29.554  60.972 0.0000000000
51413  20.621  -28.446  62.449 0.0000000000
51481  19.653  -28.994  58.303 0.0000000000
76518  49.761  -8.435  31.618 0.0000000000
77703  52.877  -8.183  32.564 0.0000000000
77684  53.499  -8.597  33.629 0.0000000000
75230  52.761  -10.256  34.861 0.0000000000
73893  50.792  -11.551  34.905 0.0000000000
72637  49.408  -12.686  35.575 0.0000000000
70127  48.138  -14.170  36.423 0.0000000000
71272  50.262  -12.996  40.204 0.0000000000
70083  47.866  -14.775  38.468 0.0000000000
68860  46.705  -15.233  36.710 0.0000000000
67734  44.500  -16.115  36.792 0.0000000000
67736  42.152  -16.686  37.566 0.0000000000
66470  47.899  -17.106  45.608 0.0000000000
61566  46.020  -21.524  47.040 0.0000000000
62802  45.452  -19.915  45.045 0.0000000000
66495  45.373  -17.854  43.851 0.0000000000
65304  42.864  -19.152  41.823 0.0000000000
64114  40.628  -19.695  39.554 0.0000000000
55492  35.800  -26.492  38.715 0.0000000000
50373  35.135  -29.764  46.790 0.0000000000
51697  33.083  -29.178  43.810 0.0000000000
51765  30.849  -29.106  41.269 0.0000000000
48048  27.918  -32.517  42.321 0.0000000000
50471  28.067  -30.637  40.779 0.0000000000
49013  27.228  -30.747  59.625 0.0000000000
51446  26.770  -29.378  59.665 0.0000000000
49135  41.396  -30.209  49.766 0.0000000000
49133  42.981  -30.157  50.386 0.0000000000
50325  41.782  -29.547  48.616 0.0000000000
50347  41.922  -29.189  47.912 0.0000000000
50349  40.436  -29.337  47.787 0.0000000000
51629  39.381  -29.131  46.473 0.0000000000
50350  39.512  -29.505  47.904 0.0000000000
75260  53.637  -10.070  32.656 0.0000000000
75276  53.876  -10.456  31.963 0.0000000000
75277  53.152  -10.327  32.084 0.0000000000
47849  24.983  -30.936  52.913 0.0000000000
47850  23.838  -30.707  52.889 0.0000000000
47824  24.367  -30.755  53.866 0.0000000000
50263  21.474  -30.615  56.432 0.0000000000
50282  20.805  -30.936  54.936 0.0000000000
50275  19.927  -30.227  55.385 0.0000000000
50285  18.358  -30.502  54.798 0.0000000000
50265  19.490  -29.898  56.140 0.0000000000
45328  36.367  -34.085  57.576 0.0000000000
44178  37.414  -34.136  56.170 0.0000000000
44191  38.122  -33.928  55.160 0.0000000000
42910  36.946  -34.422  54.931 0.0000000000
42924  36.357  -34.035  54.637 0.0000000000
41728  35.455  -34.430  55.630 0.0000000000
46597  27.144  -31.797  55.123 0.0000000000
46621  28.116  -31.615  54.348 0.0000000000
47822  26.390  -31.172  53.668 0.0000000000
47880  26.063  -31.054  52.220 0.0000000000
70146  46.410  -14.269  34.142 0.0000000000
70168  46.429  -14.538  33.070 0.0000000000
70169  45.657  -15.103  33.361 0.0000000000
75146  52.621  -10.238  39.069 0.0000000000
73817  52.535  -10.688  38.734 0.0000000000
73807  51.720  -11.194  39.585 0.0000000000
68778  47.778  -14.780  43.367 0.0000000000
68792  47.406  -15.237  41.927 0.0000000000
67664  46.827  -15.784  42.542 0.0000000000
66519  45.558  -16.642  41.404 0.0000000000
66505  45.698  -16.933  42.544 0.0000000000
58060  40.755  -24.701  43.510 0.0000000000
58080  40.911  -23.970  43.314 0.0000000000
59252  40.298  -23.582  42.257 0.0000000000
60449  40.567  -22.577  41.918 0.0000000000
58096  39.380  -24.436  40.856 0.0000000000
58112  38.654  -24.491  39.950 0.0000000000
56858  39.022  -25.456  40.566 0.0000000000
46709  30.871  -32.333  47.904 0.0000000000
47976  30.816  -31.917  47.077 0.0000000000
46732  30.041  -32.892  46.437 0.0000000000
78944  51.691  -7.931  26.927 0.0000000000
77780  50.520  -8.555  27.610 0.0000000000
44162  27.089  -32.881  57.300 0.0000000000
45370  25.983  -32.490  56.830 0.0000000000
44163  26.169  -32.690  57.376 0.0000000000
46472  25.248  -32.031  59.576 0.0000000000
45317  24.889  -32.549  58.358 0.0000000000
46496  24.311  -32.390  59.031 0.0000000000
47743  23.137  -32.187  58.318 0.0000000000
47704  23.641  -31.655  59.986 0.0000000000
46515  33.431  -32.928  58.898 0.0000000000
44106  33.052  -33.669  58.185 0.0000000000
45310  32.137  -33.460  58.994 0.0000000000
45313  29.102  -32.860  58.687 0.0000000000
44132  29.885  -33.533  57.966 0.0000000000
44133  28.859  -33.071  57.761 0.0000000000
45368  27.805  -33.186  56.452 0.0000000000
52869  45.048  -28.271  50.202 0.0000000000
54069  45.861  -26.705  50.027 0.0000000000
55329  45.593  -26.141  49.162 0.0000000000
56699  45.426  -25.245  48.793 0.0000000000
54103  44.937  -27.001  48.408 0.0000000000
50405  41.766  -28.664  45.921 0.0000000000
52918  42.633  -27.962  45.823 0.0000000000
52920  41.575  -27.808  44.748 0.0000000000
54138  41.495  -27.068  44.250 0.0000000000
51711  40.439  -28.227  43.110 0.0000000000
51735  39.386  -28.468  42.169 0.0000000000
51713  39.476  -28.882  42.606 0.0000000000
51670  37.110  -29.073  44.420 0.0000000000
51716  36.647  -28.510  42.472 0.0000000000
51717  35.561  -28.577  42.496 0.0000000000
51740  34.821  -28.916  41.591 0.0000000000
51718  34.480  -28.758  42.602 0.0000000000
49194  27.539  -31.457  46.474 0.0000000000
47991  27.611  -32.198  45.287 0.0000000000
49219  25.896  -31.062  44.729 0.0000000000
76515  52.124  -9.394  30.917 0.0000000000
76548  51.735  -9.990  29.620 0.0000000000
76524  53.364  -9.180  30.107 0.0000000000
75310  54.979  -10.430  29.720 0.0000000000
50337  22.043  -30.296  48.336 0.0000000000
50338  21.139  -30.423  48.521 0.0000000000
46576  23.173  -31.771  55.748 0.0000000000
46625  22.361  -31.633  54.346 0.0000000000
46602  22.387  -31.641  54.796 0.0000000000
47829  18.030  -31.376  53.022 0.0000000000
47855  18.350  -31.797  52.306 0.0000000000
45429  39.579  -33.557  53.023 0.0000000000
46617  40.745  -32.900  53.601 0.0000000000
45438  40.390  -33.211  52.369 0.0000000000
47870  40.685  -32.006  52.167 0.0000000000
47872  39.188  -32.419  51.781 0.0000000000
49114  37.957  -31.480  50.673 0.0000000000
46661  38.403  -32.334  51.760 0.0000000000
45444  34.947  -33.060  52.521 0.0000000000
46655  34.697  -32.658  51.968 0.0000000000
45445  33.830  -33.103  51.824 0.0000000000
45459  32.409  -32.575  50.519 0.0000000000
44240  32.304  -33.124  51.143 0.0000000000
44181  32.190  -33.723  56.481 0.0000000000
44192  33.435  -33.991  55.533 0.0000000000
45411  32.047  -33.269  54.655 0.0000000000
47844  29.437  -31.617  52.072 0.0000000000
46637  30.723  -32.369  52.084 0.0000000000
46657  30.238  -32.136  50.618 0.0000000000
45455  30.506  -32.526  50.132 0.0000000000
47931  29.248  -31.830  49.409 0.0000000000
46695  28.851  -31.913  48.213 0.0000000000
47932  28.646  -31.297  49.278 0.0000000000
49119  24.705  -30.798  50.363 0.0000000000
49145  25.472  -30.657  49.418 0.0000000000
50313  23.545  -30.461  48.789 0.0000000000
72675  49.562  -12.004  33.593 0.0000000000
72689  49.542  -12.338  32.392 0.0000000000
72690  49.010  -12.563  32.583 0.0000000000
70210  48.629  -14.422  31.619 0.0000000000
51388  23.150  -29.040  63.247 0.0000000000
50176  22.516  -29.861  61.436 0.0000000000
51398  22.041  -29.100  62.610 0.0000000000
52679  18.832  -28.202  62.051 0.0000000000
52693  19.405  -28.471  61.573 0.0000000000
51451  20.269  -28.680  60.451 0.0000000000
51452  19.098  -28.677  60.209 0.0000000000
51501  18.172  -29.500  57.902 0.0000000000
51483  17.795  -29.523  58.467 0.0000000000
77745  49.555  -7.907  31.250 0.0000000000
77705  50.733  -8.334  32.843 0.0000000000
78873  52.295  -7.803  33.351 0.0000000000
78872  53.062  -8.003  33.398 0.0000000000
78859  52.986  -8.177  34.201 0.0000000000
76462  53.110  -9.284  36.061 0.0000000000
75215  53.046  -9.767  35.409 0.0000000000
75216  52.624  -10.188  35.822 0.0000000000
73892  51.423  -10.856  34.595 0.0000000000
73878  51.432  -10.925  35.681 0.0000000000
72599  50.594  -12.418  37.594 0.0000000000
72615  50.351  -12.273  36.389 0.0000000000
71328  49.280  -13.254  36.881 0.0000000000
71342  48.376  -13.453  35.732 0.0000000000
71329  48.745  -13.631  36.839 0.0000000000
72542  50.574  -12.411  41.660 0.0000000000
72555  50.745  -12.453  40.708 0.0000000000
71259  50.132  -12.904  41.176 0.0000000000
68813  47.204  -14.854  39.821 0.0000000000
70068  48.552  -14.429  39.771 0.0000000000
68825  47.284  -15.132  38.959 0.0000000000
68859  47.263  -15.181  37.343 0.0000000000
68842  46.683  -15.514  37.684 0.0000000000
67733  45.242  -15.949  37.100 0.0000000000
67718  45.229  -16.050  37.773 0.0000000000
67705  43.424  -17.339  39.461 0.0000000000
67720  43.117  -16.925  38.603 0.0000000000
67721  42.324  -16.998  38.361 0.0000000000
66570  41.298  -17.769  38.394 0.0000000000
65240  47.933  -17.780  46.612 0.0000000000
59175  45.118  -23.197  47.193 0.0000000000
60330  45.988  -22.096  47.721 0.0000000000
59189  44.763  -22.887  46.510 0.0000000000
61638  43.358  -21.200  44.302 0.0000000000
61623  44.621  -20.791  45.022 0.0000000000
64034  44.733  -19.967  44.527 0.0000000000
65260  45.464  -18.983  44.646 0.0000000000
64055  43.904  -19.301  43.269 0.0000000000
65302  43.940  -18.449  42.497 0.0000000000
64073  43.239  -19.550  42.562 0.0000000000
61709  39.845  -21.374  40.087 0.0000000000
62886  41.261  -20.338  40.768 0.0000000000
62888  39.883  -20.511  39.618 0.0000000000
64134  39.530  -19.396  38.384 0.0000000000
62923  38.837  -20.257  38.039 0.0000000000
61739  38.438  -21.146  37.758 0.0000000000
59331  37.213  -23.474  37.481 0.0000000000
59340  36.924  -23.015  36.781 0.0000000000
52988  37.199  -27.702  40.567 0.0000000000
55475  37.040  -26.702  39.633 0.0000000000
54214  35.953  -27.255  39.173 0.0000000000
55526  34.032  -26.155  36.933 0.0000000000
49163  36.019  -30.741  49.245 0.0000000000
50353  36.156  -29.845  47.454 0.0000000000
50354  34.885  -30.331  47.738 0.0000000000
50411  31.297  -30.294  45.230 0.0000000000
50409  32.816  -29.589  45.410 0.0000000000
51699  31.289  -29.951  43.697 0.0000000000
51720  32.313  -29.365  42.922 0.0000000000
51722  30.407  -30.039  42.774 0.0000000000
45563  27.127  -33.321  43.336 0.0000000000
45591  27.955  -33.623  43.278 0.0000000000
46818  27.343  -32.648  42.523 0.0000000000
49314  26.910  -30.920  40.373 0.0000000000
51786  28.363  -29.168  40.331 0.0000000000
75332  51.482  -11.164  28.495 0.0000000000
74003  51.056  -10.974  27.283 0.0000000000
72705  52.986  -12.314  30.846 0.0000000000
46517  28.271  -32.403  59.163 0.0000000000
44096  26.621  -32.542  58.565 0.0000000000
47719  27.061  -31.803  59.254 0.0000000000
47720  25.753  -31.538  59.397 0.0000000000
47721  25.128  -31.093  59.684 0.0000000000
46493  29.110  -32.462  59.445 0.0000000000
49094  43.050  -30.713  51.535 0.0000000000
51581  43.931  -29.756  52.069 0.0000000000
49107  43.474  -30.310  50.999 0.0000000000
50307  43.697  -29.812  49.981 0.0000000000
51613  44.117  -29.033  48.909 0.0000000000
52898  43.985  -28.329  48.107 0.0000000000
50346  42.737  -29.204  47.993 0.0000000000
50369  41.837  -28.920  47.106 0.0000000000
50407  40.457  -28.824  45.028 0.0000000000
50408  40.083  -29.247  44.093 0.0000000000
51644  39.962  -28.982  45.936 0.0000000000
51646  37.817  -29.137  45.395 0.0000000000
51647  36.733  -29.103  45.394 0.0000000000
51636  24.582  -29.752  46.216 0.0000000000
50395  24.737  -30.104  45.038 0.0000000000
50414  23.613  -30.430  44.434 0.0000000000
77719  54.255  -8.707  31.807 0.0000000000
77759  54.419  -8.679  30.601 0.0000000000
76523  54.640  -9.140  31.111 0.0000000000
75275  54.536  -10.047  31.530 0.0000000000
49098  24.023  -30.792  51.303 0.0000000000
50301  21.644  -30.577  49.973 0.0000000000
49099  22.791  -30.788  51.415 0.0000000000
47882  22.166  -31.125  51.763 0.0000000000
47884  20.458  -31.703  51.362 0.0000000000
46558  22.352  -31.608  55.904 0.0000000000
46603  21.591  -31.677  54.276 0.0000000000
47803  21.398  -31.415  54.729 0.0000000000
49062  19.645  -31.145  54.101 0.0000000000
47805  16.852  -32.281  54.567 0.0000000000
44207  39.131  -33.497  53.943 0.0000000000
45430  38.521  -33.390  53.095 0.0000000000
45442  37.119  -32.837  52.653 0.0000000000
44221  36.953  -33.472  53.734 0.0000000000
44223  35.107  -33.430  53.531 0.0000000000
42941  33.941  -33.565  53.737 0.0000000000
45391  29.346  -32.650  56.050 0.0000000000
45412  31.121  -32.728  54.817 0.0000000000
46595  28.802  -31.696  54.748 0.0000000000
47819  29.175  -31.532  53.294 0.0000000000
47878  27.867  -31.273  51.778 0.0000000000
47910  28.168  -31.133  50.722 0.0000000000
47879  26.960  -31.061  52.002 0.0000000000
49097  25.242  -30.967  51.592 0.0000000000
71358  47.392  -13.378  33.963 0.0000000000
71374  47.401  -13.571  32.783 0.0000000000
70191  47.289  -14.568  32.016 0.0000000000
53886  17.740  -27.525  62.347 0.0000000000
52713  16.946  -28.900  60.436 0.0000000000
51469  17.248  -29.505  59.338 0.0000000000
51455  16.506  -29.707  60.280 0.0000000000
75183  53.018  -10.449  38.004 0.0000000000
73856  51.900  -11.279  36.756 0.0000000000
73834  52.404  -11.014  37.701 0.0000000000
72583  51.382  -12.119  38.248 0.0000000000
72584  50.863  -12.579  38.713 0.0000000000
71248  49.354  -13.323  42.548 0.0000000000
70044  48.995  -13.712  41.483 0.0000000000
70045  48.559  -13.945  41.801 0.0000000000
68802  47.337  -14.910  40.863 0.0000000000
68803  46.696  -15.231  40.310 0.0000000000
67703  45.358  -16.108  39.143 0.0000000000
67687  46.018  -15.931  40.512 0.0000000000
67689  44.609  -17.071  40.381 0.0000000000
66535  44.021  -17.619  40.906 0.0000000000
58036  42.303  -24.240  45.021 0.0000000000
59207  43.700  -22.787  45.369 0.0000000000
59209  42.319  -23.434  44.497 0.0000000000
60406  42.414  -22.241  43.871 0.0000000000
61640  42.179  -21.798  43.382 0.0000000000
62851  42.137  -20.554  42.351 0.0000000000
61681  41.349  -21.540  42.072 0.0000000000
60463  39.875  -22.409  40.911 0.0000000000
60479  39.456  -22.404  39.912 0.0000000000
60491  38.688  -22.235  38.754 0.0000000000
59303  38.616  -23.336  39.345 0.0000000000
58138  37.571  -24.099  38.496 0.0000000000
58139  37.001  -24.574  38.261 0.0000000000
51802  35.075  -28.777  39.284 0.0000000000
53027  34.868  -27.908  38.573 0.0000000000
53029  33.261  -28.079  37.967 0.0000000000
54235  32.868  -27.223  37.060 0.0000000000
54261  30.989  -26.605  36.032 0.0000000000
49166  32.749  -31.178  48.562 0.0000000000
50355  33.705  -30.448  47.503 0.0000000000
49181  32.313  -30.656  47.768 0.0000000000
49203  30.617  -31.130  45.902 0.0000000000
49217  30.022  -31.473  45.006 0.0000000000
48071  25.937  -31.699  41.689 0.0000000000
48095  23.924  -31.467  40.585 0.0000000000
80115  52.483  -7.099  26.513 0.0000000000
77793  52.311  -8.578  26.033 0.0000000000
76592  52.064  -9.397  25.921 0.0000000000
46572  26.789  -32.233  55.704 0.0000000000
46599  25.203  -31.595  55.405 0.0000000000
45395  25.462  -32.245  56.524 0.0000000000
46554  24.388  -32.257  56.541 0.0000000000
45372  24.160  -32.525  56.837 0.0000000000
44137  25.339  -32.617  57.820 0.0000000000
45334  24.005  -32.716  57.514 0.0000000000
45353  23.324  -32.472  56.929 0.0000000000
47767  22.502  -31.834  57.168 0.0000000000
49030  22.401  -31.218  57.985 0.0000000000
50235  22.020  -30.507  58.143 0.0000000000
44126  35.383  -34.420  57.765 0.0000000000
42881  34.821  -34.641  56.863 0.0000000000
44155  34.281  -34.489  57.286 0.0000000000
44156  33.299  -34.184  57.021 0.0000000000
44182  31.513  -33.766  57.006 0.0000000000
44094  31.428  -33.489  58.664 0.0000000000
44131  30.906  -33.717  58.070 0.0000000000
45366  30.010  -33.142  56.720 0.0000000000
45367  28.826  -33.064  56.627 0.0000000000
45393  27.186  -33.019  55.980 0.0000000000
68884  44.715  -15.546  34.898 0.0000000000
68936  44.611  -15.816  33.660 0.0000000000
67781  44.075  -16.076  33.891 0.0000000000
75130  51.162  -11.079  40.500 0.0000000000
72529  49.708  -12.840  43.023 0.0000000000
71237  48.791  -13.506  43.582 0.0000000000
70013  48.236  -14.618  44.500 0.0000000000
68767  47.870  -15.076  44.318 0.0000000000
57971  45.212  -24.476  48.290 0.0000000000
57989  43.892  -24.685  46.915 0.0000000000
54105  43.678  -27.560  47.273 0.0000000000
55366  43.117  -26.306  46.410 0.0000000000
56764  42.920  -25.373  46.097 0.0000000000
55402  41.784  -26.241  44.506 0.0000000000
55417  40.884  -26.213  43.497 0.0000000000
55443  39.963  -26.443  42.213 0.0000000000
55457  39.182  -26.328  40.948 0.0000000000
54172  39.050  -27.232  41.341 0.0000000000
52969  37.666  -27.916  41.024 0.0000000000
51759  36.713  -28.294  40.805 0.0000000000
51715  37.697  -28.729  42.455 0.0000000000
51738  36.770  -28.438  41.577 0.0000000000
51760  36.034  -28.744  40.717 0.0000000000
51783  34.447  -29.206  39.675 0.0000000000
51784  33.523  -29.346  40.018 0.0000000000
52972  32.414  -28.978  40.260 0.0000000000
45506  28.984  -32.862  46.998 0.0000000000
45524  29.121  -33.058  45.659 0.0000000000
46772  27.807  -32.955  44.725 0.0000000000
46773  27.117  -33.194  44.209 0.0000000000
48028  26.088  -31.927  43.000 0.0000000000
50429  24.923  -30.605  43.715 0.0000000000
49231  24.552  -30.942  43.092 0.0000000000
76567  49.903  -9.254  29.344 0.0000000000
76566  50.225  -9.416  28.579 0.0000000000
75314  50.505  -10.148  28.860 0.0000000000
75313  51.098  -10.511  29.042 0.0000000000
75312  52.193  -10.599  28.992 0.0000000000
76546  54.013  -9.594  29.627 0.0000000000
75311  53.510  -10.828  29.090 0.0000000000
47801  23.678  -31.206  54.611 0.0000000000
47852  21.269  -31.995  52.649 0.0000000000
47853  20.258  -32.179  52.248 0.0000000000
46628  20.266  -32.215  52.992 0.0000000000
47854  19.520  -32.065  52.328 0.0000000000
49083  42.263  -31.352  52.926 0.0000000000
47869  41.558  -31.594  52.074 0.0000000000
47900  41.324  -31.301  51.458 0.0000000000
49136  40.365  -30.742  49.870 0.0000000000
50328  39.139  -30.036  48.577 0.0000000000
49138  38.380  -31.077  49.917 0.0000000000
49139  37.369  -31.123  49.893 0.0000000000
49141  35.415  -31.042  49.889 0.0000000000
46653  36.481  -32.454  52.037 0.0000000000
47905  36.076  -32.071  50.942 0.0000000000
49142  34.407  -31.017  49.884 0.0000000000
47929  33.055  -31.816  50.304 0.0000000000
45466  31.275  -32.516  49.244 0.0000000000
45468  30.023  -32.980  48.224 0.0000000000
42903  34.346  -34.445  55.565 0.0000000000
42915  33.762  -33.737  54.632 0.0000000000
44226  32.956  -33.709  52.898 0.0000000000
45424  31.689  -32.990  53.626 0.0000000000
44214  31.915  -33.264  52.728 0.0000000000
44235  32.016  -33.208  51.523 0.0000000000
44241  31.667  -32.811  50.702 0.0000000000
44252  30.566  -32.593  49.086 0.0000000000
44264  29.921  -33.087  48.137 0.0000000000
45486  29.026  -32.711  47.363 0.0000000000
47963  28.192  -31.927  47.108 0.0000000000
49184  26.708  -30.680  47.431 0.0000000000
49144  26.660  -30.679  49.551 0.0000000000
49169  26.339  -30.544  48.292 0.0000000000
50358  25.233  -30.013  47.163 0.0000000000
51623  24.223  -29.742  46.687 0.0000000000
73922  51.887  -10.830  32.724 0.0000000000
73941  51.916  -11.293  31.918 0.0000000000
72707  50.884  -11.843  31.992 0.0000000000
71413  48.676  -13.687  31.681 0.0000000000
70209  49.453  -14.115  31.637 0.0000000000
67808  45.678  -16.106  32.582 0.0000000000
52725  25.746  -29.053  59.581 0.0000000000
51428  24.692  -29.717  60.353 0.0000000000
50174  24.526  -30.253  60.937 0.0000000000
51395  24.087  -29.696  61.690 0.0000000000
47677  23.770  -30.797  61.427 0.0000000000
48984  23.120  -30.838  60.772 0.0000000000
50210  22.390  -30.155  59.863 0.0000000000
51465  21.451  -29.525  58.887 0.0000000000
51399  21.324  -28.428  63.021 0.0000000000
51431  21.294  -29.072  61.215 0.0000000000
51466  20.577  -28.942  59.176 0.0000000000
51480  20.670  -29.316  58.147 0.0000000000
51526  18.673  -29.768  56.947 0.0000000000
78910  50.264  -7.308  29.413 0.0000000000
77761  49.548  -8.189  30.338 0.0000000000
76528  49.598  -8.785  30.948 0.0000000000
76516  51.245  -9.207  31.229 0.0000000000
77724  49.678  -7.859  32.053 0.0000000000
77722  51.107  -8.730  32.084 0.0000000000
77721  52.460  -8.776  31.633 0.0000000000
77702  53.696  -8.533  32.615 0.0000000000
76501  53.891  -9.283  32.939 0.0000000000
75242  53.428  -9.915  33.509 0.0000000000
77674  53.301  -8.678  34.541 0.0000000000
75229  53.284  -9.860  34.474 0.0000000000
75262  52.261  -10.498  33.480 0.0000000000
73907  51.603  -10.867  33.627 0.0000000000
72674  50.307  -11.818  34.140 0.0000000000
72658  49.822  -12.215  34.607 0.0000000000
73879  50.879  -11.572  36.052 0.0000000000
72636  50.334  -12.153  35.343 0.0000000000
72638  48.659  -12.875  35.087 0.0000000000
71357  48.090  -13.048  34.623 0.0000000000
71343  47.514  -13.740  34.965 0.0000000000
70129  46.655  -14.339  35.201 0.0000000000
72554  51.233  -11.935  40.207 0.0000000000
72571  50.924  -12.566  39.739 0.0000000000
71287  50.294  -13.146  39.207 0.0000000000
70067  49.136  -14.054  40.231 0.0000000000
70081  49.150  -14.138  39.426 0.0000000000
71305  48.798  -14.100  38.313 0.0000000000
70109  48.140  -14.209  37.222 0.0000000000
68882  46.413  -14.997  35.861 0.0000000000
68862  45.017  -15.597  35.891 0.0000000000
67748  44.113  -15.846  35.540 0.0000000000
67719  44.335  -16.547  38.164 0.0000000000
67735  43.278  -16.471  37.268 0.0000000000
67639  48.815  -15.709  45.362 0.0000000000
67641  47.511  -16.583  44.644 0.0000000000
62765  47.029  -19.731  47.384 0.0000000000
61588  45.056  -21.799  46.116 0.0000000000
61607  45.398  -20.899  45.730 0.0000000000
64026  46.631  -19.151  46.032 0.0000000000
65251  46.508  -18.768  45.601 0.0000000000
66482  46.476  -17.680  44.769 0.0000000000
66494  46.044  -17.299  43.989 0.0000000000
66506  45.137  -17.804  43.070 0.0000000000
65321  43.754  -18.211  41.962 0.0000000000
65339  42.727  -18.176  40.839 0.0000000000
64094  42.403  -19.582  41.700 0.0000000000
65324  41.803  -19.149  40.550 0.0000000000
66551  42.003  -17.979  39.706 0.0000000000
65358  41.133  -18.433  38.889 0.0000000000
60515  37.312  -22.384  36.801 0.0000000000
60532  36.791  -21.821  35.755 0.0000000000
55473  38.184  -26.359  40.061 0.0000000000
56881  36.961  -25.530  38.979 0.0000000000
56894  35.882  -25.252  37.999 0.0000000000
55508  34.410  -26.473  37.568 0.0000000000
56896  34.478  -25.737  37.131 0.0000000000
50352  37.467  -29.835  47.785 0.0000000000
51632  36.312  -29.281  46.375 0.0000000000
51648  35.693  -29.008  45.420 0.0000000000
50374  33.956  -30.031  46.527 0.0000000000
51650  33.836  -29.495  45.605 0.0000000000
51696  34.172  -28.859  43.650 0.0000000000
51719  33.422  -29.068  42.754 0.0000000000
51764  32.000  -29.078  41.116 0.0000000000
52974  30.405  -28.623  40.624 0.0000000000
46771  29.273  -33.141  44.771 0.0000000000
48025  29.400  -32.448  43.942 0.0000000000
49247  29.260  -31.459  42.656 0.0000000000
48092  26.915  -31.647  41.193 0.0000000000
49268  28.431  -31.390  41.621 0.0000000000
50455  29.493  -30.492  42.179 0.0000000000
51767  28.618  -29.697  40.861 0.0000000000
51785  28.965  -28.783  40.640 0.0000000000
76594  50.701  -9.573  26.871 0.0000000000
75349  51.305  -10.137  26.287 0.0000000000
74009  52.596  -11.595  26.052 0.0000000000
73940  53.043  -11.063  31.266 0.0000000000
50308  40.560  -30.233  49.213 0.0000000000
49161  41.636  -29.802  49.105 0.0000000000
50326  41.077  -29.829  48.658 0.0000000000
47823  25.596  -31.043  54.054 0.0000000000
50249  21.207  -30.170  56.946 0.0000000000
50264  20.590  -30.037  56.287 0.0000000000
51524  20.006  -29.522  56.688 0.0000000000
44152  36.494  -34.393  57.007 0.0000000000
44151  37.033  -34.154  56.615 0.0000000000
42890  36.554  -34.482  56.201 0.0000000000
42899  37.097  -34.439  55.574 0.0000000000
42900  36.357  -34.478  55.722 0.0000000000
41720  36.140  -34.419  55.623 0.0000000000
41714  35.616  -34.636  56.068 0.0000000000
46623  26.766  -31.397  54.352 0.0000000000
46624  26.251  -31.317  54.261 0.0000000000
70130  46.123  -14.559  34.643 0.0000000000
70147  45.852  -14.747  34.051 0.0000000000
73806  52.209  -10.626  39.189 0.0000000000
75147  51.711  -10.607  39.408 0.0000000000
68768  47.563  -15.441  43.744 0.0000000000
68779  47.432  -15.384  42.948 0.0000000000
67665  46.394  -16.499  43.103 0.0000000000
56827  40.060  -25.565  42.549 0.0000000000
58081  40.368  -24.465  42.889 0.0000000000
58095  39.747  -24.669  41.909 0.0000000000
45482  30.282  -32.850  47.415 0.0000000000
45503  30.191  -33.003  46.850 0.0000000000
45504  29.973  -33.166  46.686 0.0000000000
78917  51.046  -7.315  28.195 0.0000000000
78928  50.710  -7.870  27.911 0.0000000000
44135  26.717  -32.781  57.776 0.0000000000
46473  24.810  -32.080  59.734 0.0000000000
45279  24.588  -32.434  59.056 0.0000000000
46474  24.274  -32.187  59.491 0.0000000000
46475  23.843  -32.068  59.453 0.0000000000
47738  33.280  -32.286  59.295 0.0000000000
46516  32.729  -33.136  59.076 0.0000000000
46489  32.327  -33.021  59.616 0.0000000000
44111  28.454  -32.775  58.212 0.0000000000
44161  28.140  -33.051  57.252 0.0000000000
52880  44.953  -28.186  49.480 0.0000000000
54070  45.536  -27.440  49.776 0.0000000000
54085  45.681  -26.715  49.519 0.0000000000
54086  45.315  -27.236  49.001 0.0000000000
54087  44.785  -27.626  48.536 0.0000000000
50406  41.171  -28.650  45.465 0.0000000000
51665  41.644  -28.373  45.331 0.0000000000
51666  41.105  -28.373  44.629 0.0000000000
51689  40.587  -28.521  43.670 0.0000000000
51690  40.118  -29.051  43.254 0.0000000000
50425  40.087  -29.215  43.631 0.0000000000
51671  36.036  -28.802  44.480 0.0000000000
51694  36.371  -28.681  43.476 0.0000000000
49206  26.814  -31.202  45.438 0.0000000000
50393  26.123  -30.724  45.508 0.0000000000
76525  52.439  -9.586  30.244 0.0000000000
77744  52.859  -9.093  30.722 0.0000000000
50315  21.819  -30.407  49.230 0.0000000000
45428  40.391  -33.347  52.628 0.0000000000
45439  40.013  -33.482  52.316 0.0000000000
46650  39.619  -33.037  51.996 0.0000000000
46651  38.785  -32.658  52.113 0.0000000000
47873  38.747  -32.390  51.726 0.0000000000
44232  34.090  -33.376  52.643 0.0000000000
45446  33.191  -33.335  51.637 0.0000000000
44239  32.837  -33.386  51.574 0.0000000000
45364  31.657  -33.585  56.292 0.0000000000
45389  31.654  -33.390  55.751 0.0000000000
47877  28.778  -31.472  51.386 0.0000000000
46638  30.210  -31.922  51.617 0.0000000000
47876  29.631  -31.730  50.986 0.0000000000
47908  29.692  -32.070  50.029 0.0000000000
49147  23.492  -30.607  49.307 0.0000000000
49146  24.267  -30.640  49.158 0.0000000000
72676  48.886  -12.418  33.076 0.0000000000
52649  23.164  -28.390  63.231 0.0000000000
50155  22.886  -29.259  63.041 0.0000000000
50156  22.647  -29.332  62.797 0.0000000000
51389  22.334  -28.714  63.272 0.0000000000
52694  18.401  -28.249  61.438 0.0000000000
52711  18.789  -28.562  60.815 0.0000000000
51468  18.203  -28.833  59.508 0.0000000000
80051  49.507  -6.201  31.441 0.0000000000
78884  49.379  -7.072  31.726 0.0000000000
77685  51.179  -7.999  33.437 0.0000000000
78860  52.479  -7.657  34.067 0.0000000000
76463  52.885  -9.784  36.215 0.0000000000
75217  52.207  -10.674  36.219 0.0000000000
71315  50.054  -12.891  37.691 0.0000000000
72600  49.950  -12.832  37.418 0.0000000000
68841  47.329  -15.269  38.098 0.0000000000
68827  46.010  -15.786  38.232 0.0000000000
66568  42.938  -17.333  39.277 0.0000000000
66569  42.259  -17.472  38.967 0.0000000000
64018  47.675  -18.297  46.862 0.0000000000
59176  44.526  -23.477  46.812 0.0000000000
59190  44.084  -23.109  46.143 0.0000000000
62818  43.265  -20.544  43.679 0.0000000000
62817  43.822  -20.471  44.219 0.0000000000
64042  43.666  -20.084  43.715 0.0000000000
64041  44.274  -19.627  43.888 0.0000000000
65286  43.763  -19.192  42.951 0.0000000000
64057  42.876  -20.147  42.797 0.0000000000
62904  39.350  -20.412  38.850 0.0000000000
61738  38.885  -21.210  38.463 0.0000000000
60502  38.530  -21.719  38.170 0.0000000000
59332  36.638  -23.919  37.243 0.0000000000
59341  36.316  -23.442  36.783 0.0000000000
52989  36.554  -27.892  40.210 0.0000000000
54201  36.574  -27.242  39.662 0.0000000000
53007  36.075  -27.758  39.580 0.0000000000
50331  35.689  -30.406  48.388 0.0000000000
50332  35.191  -30.519  48.305 0.0000000000
50427  31.099  -30.194  44.232 0.0000000000
50442  30.854  -30.132  43.582 0.0000000000
51721  31.163  -29.895  43.011 0.0000000000
50454  30.009  -30.278  42.613 0.0000000000
46819  26.909  -32.629  42.856 0.0000000000
45593  27.229  -32.997  43.015 0.0000000000
46840  26.789  -32.066  42.285 0.0000000000
75331  52.441  -11.498  28.550 0.0000000000
73992  52.296  -12.244  28.239 0.0000000000
46518  27.561  -32.367  58.994 0.0000000000
47739  27.697  -32.178  59.198 0.0000000000
50222  26.722  -30.766  59.518 0.0000000000
48999  26.586  -31.050  59.431 0.0000000000
49000  25.573  -30.811  59.535 0.0000000000
48997  28.967  -31.198  60.301 0.0000000000
47717  29.514  -32.022  60.042 0.0000000000
49093  43.471  -30.410  51.219 0.0000000000
49108  42.968  -30.506  51.030 0.0000000000
49159  42.813  -29.779  49.702 0.0000000000
49158  43.289  -29.876  49.987 0.0000000000
50306  44.050  -29.510  49.525 0.0000000000
50322  43.926  -29.350  49.047 0.0000000000
50345  43.556  -29.221  48.644 0.0000000000
50370  41.303  -28.847  47.033 0.0000000000
50387  41.124  -28.772  46.212 0.0000000000
50388  40.658  -28.839  46.069 0.0000000000
51667  40.188  -28.917  45.390 0.0000000000
51645  38.925  -29.156  45.517 0.0000000000
51631  37.395  -29.236  46.274 0.0000000000
51637  23.887  -29.650  46.080 0.0000000000
51654  23.647  -29.841  45.249 0.0000000000
50396  22.956  -30.455  45.197 0.0000000000
77742  54.251  -8.492  31.178 0.0000000000
76514  54.462  -9.275  31.924 0.0000000000
47883  21.560  -31.436  51.793 0.0000000000
47776  22.165  -31.485  55.995 0.0000000000
47787  21.861  -31.425  55.518 0.0000000000
50283  20.243  -30.736  54.780 0.0000000000
49073  18.681  -31.255  53.622 0.0000000000
49074  17.655  -31.013  53.697 0.0000000000
49064  17.462  -30.962  54.594 0.0000000000
49055  17.330  -31.398  55.542 0.0000000000
46568  38.520  -33.208  55.619 0.0000000000
42922  37.677  -34.034  54.604 0.0000000000
42908  38.130  -33.901  54.783 0.0000000000
44208  38.400  -33.591  54.201 0.0000000000
44219  38.563  -33.495  53.642 0.0000000000
44220  37.766  -33.502  53.691 0.0000000000
44210  37.087  -33.790  54.177 0.0000000000
42925  35.572  -33.909  54.815 0.0000000000
42938  35.998  -33.715  54.381 0.0000000000
42939  35.366  -33.664  54.238 0.0000000000
42940  34.603  -33.604  54.018 0.0000000000
46569  29.388  -32.043  55.313 0.0000000000
47820  28.043  -31.471  53.518 0.0000000000
47845  28.458  -31.437  52.456 0.0000000000
47881  25.441  -31.029  52.385 0.0000000000
71359  46.834  -13.879  33.529 0.0000000000
70192  46.432  -15.089  32.383 0.0000000000
68954  46.854  -15.631  32.268 0.0000000000
52695  17.335  -28.231  61.551 0.0000000000
52714  16.453  -29.236  60.720 0.0000000000
73818  51.908  -11.449  38.540 0.0000000000
71249  48.738  -13.660  42.700 0.0000000000
68801  48.036  -14.797  41.532 0.0000000000
67686  46.626  -15.326  40.805 0.0000000000
66533  45.433  -16.526  40.761 0.0000000000
66534  44.915  -16.886  40.930 0.0000000000
58058  41.857  -23.889  44.383 0.0000000000
59228  41.311  -23.158  43.292 0.0000000000
59227  41.929  -23.164  43.900 0.0000000000
60407  41.722  -22.335  43.243 0.0000000000
60428  41.606  -21.997  42.815 0.0000000000
61661  41.527  -21.833  42.587 0.0000000000
60429  41.208  -22.457  42.662 0.0000000000
59287  39.632  -23.074  40.737 0.0000000000
60464  39.575  -22.860  40.476 0.0000000000
60478  39.823  -21.919  40.412 0.0000000000
59318  38.372  -22.894  38.743 0.0000000000
58125  37.862  -24.560  39.138 0.0000000000
58124  38.316  -24.042  39.404 0.0000000000
53010  33.812  -28.919  38.755 0.0000000000
53009  34.707  -28.541  38.752 0.0000000000
54236  31.601  -27.167  37.076 0.0000000000
54260  32.126  -26.751  36.456 0.0000000000
49167  32.020  -31.264  48.199 0.0000000000
47989  30.521  -31.863  46.457 0.0000000000
49193  30.819  -31.463  46.603 0.0000000000
49204  30.108  -31.781  45.570 0.0000000000
77794  51.307  -8.553  26.693 0.0000000000
78943  52.135  -7.855  26.496 0.0000000000
77809  51.708  -9.016  26.191 0.0000000000
76604  51.566  -9.406  26.129 0.0000000000
45394  26.426  -32.413  56.338 0.0000000000
46573  25.834  -31.911  55.940 0.0000000000
45350  25.585  -32.588  57.132 0.0000000000
45371  24.973  -32.475  56.850 0.0000000000
44097  26.094  -32.604  58.692 0.0000000000
44113  26.204  -32.809  58.084 0.0000000000
44114  25.665  -32.646  58.372 0.0000000000
45319  24.023  -32.721  58.003 0.0000000000
45333  24.486  -32.670  57.663 0.0000000000
45352  23.846  -32.652  57.103 0.0000000000
45335  23.501  -32.602  57.415 0.0000000000
46545  22.966  -32.377  57.298 0.0000000000
46535  23.240  -32.466  57.863 0.0000000000
47742  23.084  -31.781  58.712 0.0000000000
49029  22.807  -31.641  58.439 0.0000000000
49017  22.328  -30.680  58.628 0.0000000000
46514  34.285  -33.192  58.675 0.0000000000
47736  34.843  -32.652  58.628 0.0000000000
46533  34.986  -33.769  58.538 0.0000000000
45329  35.742  -34.033  58.190 0.0000000000
44127  34.579  -34.286  57.861 0.0000000000
44107  32.328  -33.600  58.396 0.0000000000
44129  32.721  -33.743  57.834 0.0000000000
44157  32.124  -33.771  57.355 0.0000000000
46491  31.003  -32.690  59.686 0.0000000000
45290  31.515  -33.274  59.191 0.0000000000
44095  31.067  -33.238  58.932 0.0000000000
44159  30.192  -33.626  57.516 0.0000000000
45345  30.498  -33.623  57.080 0.0000000000
68909  44.469  -15.703  34.196 0.0000000000
72518  49.232  -12.728  43.786 0.0000000000
69999  48.727  -14.486  45.268 0.0000000000
70012  48.464  -14.244  44.566 0.0000000000
68757  48.460  -15.135  44.838 0.0000000000
51591  44.263  -29.505  51.393 0.0000000000
56720  44.960  -25.477  48.314 0.0000000000
57955  45.482  -24.693  48.678 0.0000000000
57972  44.736  -24.946  48.039 0.0000000000
57988  44.533  -24.372  47.464 0.0000000000
56740  44.066  -25.456  47.242 0.0000000000
52899  43.605  -28.154  47.601 0.0000000000
52903  43.236  -28.011  46.923 0.0000000000
54136  42.447  -27.437  45.482 0.0000000000
54127  42.848  -27.149  45.962 0.0000000000
55386  42.663  -26.238  45.748 0.0000000000
56765  42.447  -25.351  45.432 0.0000000000
55387  42.284  -26.217  45.094 0.0000000000
54149  41.063  -27.032  43.537 0.0000000000
55432  40.764  -26.649  43.198 0.0000000000
55433  40.444  -26.428  42.821 0.0000000000
54161  40.245  -27.188  42.470 0.0000000000
54171  39.705  -27.193  41.989 0.0000000000
51736  38.800  -28.722  41.848 0.0000000000
52956  38.812  -28.076  41.625 0.0000000000
52957  38.246  -28.260  41.506 0.0000000000
51758  37.207  -28.119  41.143 0.0000000000
51692  38.580  -29.007  43.430 0.0000000000
51782  35.432  -28.856  39.953 0.0000000000
51761  35.137  -29.055  40.663 0.0000000000
51762  34.131  -29.228  40.735 0.0000000000
51763  33.062  -29.159  40.819 0.0000000000
46733  28.844  -32.776  46.463 0.0000000000
46754  28.961  -32.874  46.210 0.0000000000
46755  28.506  -32.709  45.748 0.0000000000
49218  26.429  -31.616  44.368 0.0000000000
48008  27.253  -32.606  44.573 0.0000000000
48009  26.757  -32.357  44.092 0.0000000000
48027  26.417  -32.072  43.472 0.0000000000
50413  24.628  -30.187  44.474 0.0000000000
50412  25.384  -30.608  44.288 0.0000000000
50430  24.143  -30.605  43.738 0.0000000000
49251  23.928  -31.236  42.430 0.0000000000
49250  24.998  -31.365  42.408 0.0000000000
76549  50.471  -9.800  29.594 0.0000000000
77760  54.112  -8.784  30.034 0.0000000000
50316  20.891  -30.557  49.468 0.0000000000
46626  21.663  -31.911  53.843 0.0000000000
47826  22.150  -31.681  53.563 0.0000000000
47827  21.514  -32.087  53.349 0.0000000000
46604  20.622  -31.914  53.485 0.0000000000
47886  18.473  -31.993  51.448 0.0000000000
47783  40.414  -32.226  54.711 0.0000000000
47796  40.674  -32.527  54.358 0.0000000000
46635  41.208  -32.450  53.044 0.0000000000
46616  41.201  -32.491  53.409 0.0000000000
47817  41.545  -31.967  53.393 0.0000000000
47843  41.759  -31.697  52.565 0.0000000000
47842  42.313  -31.261  51.943 0.0000000000
47901  40.389  -31.533  51.470 0.0000000000
49111  40.923  -30.943  50.690 0.0000000000
49137  39.380  -30.991  49.877 0.0000000000
49113  38.955  -31.490  50.609 0.0000000000
49115  37.037  -31.504  50.648 0.0000000000
49140  36.360  -31.238  50.095 0.0000000000
47926  35.730  -31.450  50.415 0.0000000000
46665  34.059  -32.402  51.575 0.0000000000
46664  35.202  -32.332  51.596 0.0000000000
47906  34.710  -31.879  51.190 0.0000000000
47927  35.032  -31.505  50.519 0.0000000000
47928  33.775  -31.615  50.581 0.0000000000
47946  33.692  -31.282  49.802 0.0000000000
45460  31.681  -32.522  49.974 0.0000000000
46678  32.288  -32.331  50.182 0.0000000000
45467  30.655  -32.613  48.590 0.0000000000
45461  31.087  -32.606  49.325 0.0000000000
42882  34.265  -34.615  56.662 0.0000000000
42893  34.339  -34.666  56.088 0.0000000000
42894  33.817  -34.441  55.806 0.0000000000
44201  33.325  -33.662  54.895 0.0000000000
44212  33.187  -33.561  53.954 0.0000000000
44213  32.427  -33.481  53.395 0.0000000000
46593  31.028  -32.486  53.958 0.0000000000
45435  31.408  -32.773  52.451 0.0000000000
44228  31.728  -33.058  51.906 0.0000000000
44227  32.272  -33.490  52.377 0.0000000000
44236  31.425  -32.799  51.072 0.0000000000
45462  30.110  -32.960  48.976 0.0000000000
44243  30.294  -32.592  49.298 0.0000000000
44253  30.147  -32.738  48.756 0.0000000000
45469  29.767  -32.883  48.150 0.0000000000
45485  29.307  -32.769  47.706 0.0000000000
47949  28.449  -31.522  48.006 0.0000000000
49183  27.435  -31.069  47.515 0.0000000000
49117  27.133  -30.762  50.635 0.0000000000
49116  28.025  -30.748  50.132 0.0000000000
49170  25.019  -30.415  48.507 0.0000000000
50333  25.520  -30.321  47.805 0.0000000000
51622  24.785  -29.828  46.754 0.0000000000
50359  24.451  -29.916  47.303 0.0000000000
73923  51.236  -11.438  32.960 0.0000000000
73942  51.469  -11.378  32.392 0.0000000000
72708  50.147  -12.455  31.658 0.0000000000
70188  50.242  -14.612  31.942 0.0000000000
68935  45.144  -15.694  33.012 0.0000000000
67798  45.158  -16.608  32.806 0.0000000000
52707  26.476  -28.531  59.662 0.0000000000
51448  24.782  -29.179  60.080 0.0000000000
51429  24.268  -29.226  60.803 0.0000000000
50191  24.642  -30.164  60.691 0.0000000000
51409  24.331  -29.747  61.150 0.0000000000
48961  23.972  -30.148  61.910 0.0000000000
48962  23.735  -30.226  61.856 0.0000000000
47689  23.701  -31.189  60.896 0.0000000000
48970  23.109  -30.538  61.344 0.0000000000
50194  22.539  -30.126  60.700 0.0000000000
51449  22.221  -29.758  60.417 0.0000000000
50211  22.025  -29.867  59.326 0.0000000000
51450  21.616  -29.352  60.049 0.0000000000
51414  20.038  -28.305  62.697 0.0000000000
52665  20.139  -28.062  63.332 0.0000000000
51400  20.500  -28.232  62.987 0.0000000000
51412  21.303  -28.844  62.158 0.0000000000
51467  19.401  -28.773  59.341 0.0000000000
51499  19.856  -29.249  57.388 0.0000000000
50251  17.725  -30.160  57.307 0.0000000000
50236  17.240  -30.517  58.548 0.0000000000
80079  50.633  -6.511  29.752 0.0000000000
78911  49.808  -7.642  29.833 0.0000000000
76517  50.257  -8.975  31.528 0.0000000000
77706  49.899  -8.065  32.774 0.0000000000
77704  51.798  -8.226  32.793 0.0000000000
77720  53.597  -8.467  31.732 0.0000000000
78845  52.907  -8.390  34.872 0.0000000000
77666  53.045  -8.652  35.407 0.0000000000
75243  52.885  -10.344  33.931 0.0000000000
75244  52.176  -10.505  34.280 0.0000000000
72657  50.369  -12.025  34.718 0.0000000000
70128  47.634  -14.339  35.798 0.0000000000
70111  47.068  -14.847  36.016 0.0000000000
75113  50.884  -11.344  40.977 0.0000000000
73795  51.117  -11.504  40.608 0.0000000000
70054  49.042  -13.854  41.081 0.0000000000
70082  48.616  -14.382  38.838 0.0000000000
70096  48.266  -14.284  38.053 0.0000000000
68861  45.846  -15.417  36.239 0.0000000000
67749  43.292  -16.100  36.067 0.0000000000
66460  48.439  -17.080  46.360 0.0000000000
67640  48.035  -16.112  44.835 0.0000000000
66480  47.658  -16.760  44.996 0.0000000000
61565  46.537  -20.902  47.604 0.0000000000
61586  46.187  -20.924  46.704 0.0000000000
60373  44.204  -22.216  45.480 0.0000000000
62803  45.063  -20.358  45.048 0.0000000000
62792  45.290  -20.709  45.491 0.0000000000
62791  45.786  -20.256  45.663 0.0000000000
62790  46.312  -19.722  45.911 0.0000000000
64027  46.181  -19.309  45.546 0.0000000000
65271  45.039  -18.546  43.992 0.0000000000
65259  46.019  -18.368  44.975 0.0000000000
65270  45.546  -17.963  44.276 0.0000000000
65303  43.506  -19.048  42.393 0.0000000000
66536  43.218  -17.920  40.834 0.0000000000
65322  43.191  -18.385  41.457 0.0000000000
62852  41.729  -20.668  41.865 0.0000000000
64075  42.154  -20.089  41.920 0.0000000000
64113  41.334  -19.801  40.291 0.0000000000
65340  42.167  -18.396  40.372 0.0000000000
65341  41.446  -18.806  39.677 0.0000000000
65342  40.813  -18.970  39.018 0.0000000000
60492  38.235  -22.666  38.444 0.0000000000
60503  37.982  -22.217  37.761 0.0000000000
60504  37.599  -22.792  37.412 0.0000000000
60516  36.542  -22.578  36.341 0.0000000000
60533  36.139  -22.389  35.455 0.0000000000
54185  38.813  -26.807  40.830 0.0000000000
55458  38.678  -26.312  40.496 0.0000000000
54199  37.880  -26.854  40.077 0.0000000000
55491  36.534  -26.431  39.184 0.0000000000
55490  37.133  -26.124  39.391 0.0000000000
56882  36.313  -25.579  38.518 0.0000000000
56883  35.610  -25.824  38.307 0.0000000000
54233  34.608  -27.288  38.176 0.0000000000
56915  33.432  -25.557  36.103 0.0000000000
56914  34.061  -25.360  36.533 0.0000000000
50329  38.105  -30.162  48.602 0.0000000000
50372  35.745  -29.506  46.722 0.0000000000
51633  35.372  -29.324  46.167 0.0000000000
50375  32.701  -30.019  47.068 0.0000000000
50390  32.895  -29.691  46.006 0.0000000000
51674  32.889  -29.439  44.881 0.0000000000
51673  33.917  -29.066  44.678 0.0000000000
51743  31.533  -29.275  42.092 0.0000000000
45540  28.623  -33.553  44.629 0.0000000000
45539  29.122  -33.404  45.080 0.0000000000
45560  28.945  -33.727  44.407 0.0000000000
46817  27.950  -33.057  42.840 0.0000000000
46792  28.520  -33.339  43.238 0.0000000000
48026  29.034  -32.874  43.296 0.0000000000
48046  29.154  -32.242  43.171 0.0000000000
48047  28.609  -32.486  42.680 0.0000000000
48093  26.246  -31.512  41.103 0.0000000000
48070  26.744  -31.789  41.706 0.0000000000
49313  27.303  -30.859  40.562 0.0000000000
49290  27.543  -31.240  40.929 0.0000000000
49289  28.200  -30.953  41.068 0.0000000000
49267  29.113  -31.067  41.955 0.0000000000
50456  28.973  -30.697  41.702 0.0000000000
50469  29.165  -30.111  41.650 0.0000000000
50470  28.607  -30.343  41.203 0.0000000000
51804  27.843  -28.724  39.444 0.0000000000
52995  29.456  -28.291  40.114 0.0000000000
76580  50.525  -9.686  27.428 0.0000000000
74011  51.041  -10.540  26.789 0.0000000000
74010  51.556  -11.088  26.483 0.0000000000
75348  52.173  -10.302  25.824 0.0000000000
50206  28.303  -30.390  60.146 0.0000000000
48998  27.632  -31.041  59.635 0.0000000000
50207  27.343  -30.313  59.765 0.0000000000
49110  41.827  -30.603  50.815 0.0000000000
49134  42.339  -30.046  50.229 0.0000000000
49160  42.109  -29.691  49.413 0.0000000000
50324  42.473  -29.488  48.826 0.0000000000
50348  41.244  -29.237  47.846 0.0000000000
51628  40.057  -28.917  46.751 0.0000000000
51616  40.301  -28.964  47.222 0.0000000000
51617  39.798  -29.107  47.243 0.0000000000
51618  38.950  -29.287  47.163 0.0000000000
75259  54.230  -9.769  32.288 0.0000000000
47825  23.293  -31.088  53.788 0.0000000000
49047  21.851  -31.130  56.197 0.0000000000
49053  21.590  -31.119  55.673 0.0000000000
50274  20.963  -30.666  55.509 0.0000000000
50284  19.262  -30.563  54.707 0.0000000000
50276  18.866  -30.215  55.435 0.0000000000
45363  37.670  -33.602  56.299 0.0000000000
45362  38.173  -33.492  55.797 0.0000000000
42898  37.624  -34.191  55.572 0.0000000000
42923  37.048  -34.215  54.549 0.0000000000
42911  36.377  -34.352  55.179 0.0000000000
42912  35.768  -33.999  54.952 0.0000000000
42913  34.762  -34.156  55.216 0.0000000000
46596  27.868  -31.920  55.032 0.0000000000
46622  27.489  -31.532  54.355 0.0000000000
47821  27.134  -31.222  53.588 0.0000000000
47847  26.645  -31.045  52.865 0.0000000000
47848  25.872  -30.996  52.991 0.0000000000
68934  45.871  -15.271  32.774 0.0000000000
52681  16.196  -28.278  62.471 0.0000000000
68791  47.858  -14.699  42.377 0.0000000000
67676  46.136  -16.162  41.932 0.0000000000
58059  41.310  -24.246  43.897 0.0000000000
59251  40.798  -23.410  42.860 0.0000000000
60430  40.716  -22.988  42.470 0.0000000000
59269  39.743  -23.499  41.244 0.0000000000
59270  39.445  -23.811  40.831 0.0000000000
58113  38.232  -25.048  39.722 0.0000000000
47962  31.089  -31.915  47.615 0.0000000000
46731  30.463  -32.674  47.006 0.0000000000
47977  30.399  -32.399  46.598 0.0000000000
46752  29.593  -32.951  45.659 0.0000000000
78926  52.011  -7.377  27.069 0.0000000000
78927  51.233  -7.848  27.403 0.0000000000
45349  26.520  -32.713  56.998 0.0000000000
45276  25.530  -32.255  59.324 0.0000000000
45296  25.397  -32.520  58.886 0.0000000000
45297  24.934  -32.525  58.791 0.0000000000
45298  24.475  -32.522  58.656 0.0000000000
46519  23.898  -32.551  58.365 0.0000000000
46520  23.575  -32.443  58.306 0.0000000000
46498  23.547  -32.219  58.693 0.0000000000
47723  23.428  -31.920  58.976 0.0000000000
49015  23.108  -31.369  59.392 0.0000000000
47737  34.119  -32.335  58.930 0.0000000000
45308  33.728  -33.369  58.641 0.0000000000
45332  33.479  -33.737  58.265 0.0000000000
45309  33.093  -33.445  58.572 0.0000000000
45312  29.976  -33.013  58.696 0.0000000000
44109  30.679  -33.436  58.539 0.0000000000
44110  29.521  -33.149  58.308 0.0000000000
44160  29.203  -33.345  57.371 0.0000000000
45347  28.477  -33.247  56.908 0.0000000000
45348  27.468  -33.050  56.871 0.0000000000
51599  44.458  -29.232  50.609 0.0000000000
54051  45.607  -27.269  50.643 0.0000000000
56698  45.796  -25.261  49.357 0.0000000000
55330  45.208  -26.259  48.626 0.0000000000
55349  44.770  -26.361  48.059 0.0000000000
50385  42.075  -28.727  46.280 0.0000000000
51643  42.640  -28.426  46.476 0.0000000000
51664  42.164  -28.497  45.851 0.0000000000
52919  42.132  -27.926  45.321 0.0000000000
54137  42.104  -27.124  44.905 0.0000000000
52931  41.057  -27.804  44.029 0.0000000000
52942  40.682  -27.812  43.342 0.0000000000
51734  39.664  -28.213  42.358 0.0000000000
51712  40.056  -28.475  42.733 0.0000000000
51693  37.462  -28.909  43.423 0.0000000000
49205  27.588  -31.699  45.827 0.0000000000
76526  51.364  -9.593  30.377 0.0000000000
75290  54.830  -10.147  30.596 0.0000000000
49123  20.563  -31.162  50.582 0.0000000000
46575  23.909  -31.769  56.060 0.0000000000
46601  23.185  -31.578  55.085 0.0000000000
45422  39.869  -33.475  53.600 0.0000000000
46618  40.151  -33.261  53.894 0.0000000000
45421  40.379  -33.437  53.105 0.0000000000
46636  40.770  -32.943  52.854 0.0000000000
46648  40.719  -32.702  52.421 0.0000000000
46649  40.373  -33.004  52.035 0.0000000000
47871  39.942  -32.314  51.970 0.0000000000
47902  39.492  -31.854  51.318 0.0000000000
47903  38.536  -32.074  51.331 0.0000000000
46654  35.552  -32.590  52.057 0.0000000000
46677  32.998  -32.303  50.645 0.0000000000
45451  33.531  -32.832  51.383 0.0000000000
45452  32.836  -32.968  51.032 0.0000000000
45453  32.177  -32.852  50.716 0.0000000000
44180  33.256  -34.081  56.128 0.0000000000
44193  32.711  -33.583  55.438 0.0000000000
46620  30.170  -31.878  52.734 0.0000000000
46619  30.915  -32.394  53.166 0.0000000000
46656  30.601  -32.271  51.276 0.0000000000
45454  30.932  -32.596  50.638 0.0000000000
45448  30.630  -32.365  50.808 0.0000000000
46667  29.987  -32.436  49.686 0.0000000000
46680  29.337  -32.352  48.746 0.0000000000
46694  29.033  -32.472  48.183 0.0000000000
46681  29.148  -31.986  48.691 0.0000000000
49171  24.477  -30.477  48.625 0.0000000000
50335  24.136  -30.269  48.189 0.0000000000
50336  23.032  -30.139  48.180 0.0000000000
71389  49.222  -12.763  32.088 0.0000000000
70211  48.048  -14.555  31.681 0.0000000000
70190  48.333  -15.064  31.820 0.0000000000
51387  23.477  -28.979  62.948 0.0000000000
50164  23.241  -29.710  62.432 0.0000000000
50175  22.919  -30.200  61.630 0.0000000000
50165  22.580  -29.628  62.190 0.0000000000
51411  21.973  -29.376  61.818 0.0000000000
52667  19.002  -27.958  62.577 0.0000000000
52678  19.474  -28.253  62.360 0.0000000000
51433  19.990  -28.450  62.166 0.0000000000
51432  20.423  -28.602  61.615 0.0000000000
52692  19.905  -28.549  61.138 0.0000000000
51482  18.627  -29.103  58.475 0.0000000000
78904  49.730  -7.052  30.785 0.0000000000
78874  51.748  -7.792  33.369 0.0000000000
76473  53.305  -9.237  35.001 0.0000000000
75231  52.121  -10.552  35.241 0.0000000000
73836  51.189  -12.043  37.518 0.0000000000
72616  49.715  -12.815  36.825 0.0000000000
71341  49.095  -13.174  36.361 0.0000000000
72541  50.865  -11.931  41.087 0.0000000000
70056  47.893  -14.635  40.103 0.0000000000
70069  47.925  -14.727  39.318 0.0000000000
70097  47.761  -14.795  37.625 0.0000000000
68843  45.874  -15.701  37.197 0.0000000000
66586  41.828  -17.146  38.187 0.0000000000
65239  48.405  -17.386  46.828 0.0000000000
65249  47.622  -17.687  45.879 0.0000000000
59157  45.442  -23.554  47.965 0.0000000000
59174  45.645  -22.853  47.662 0.0000000000
60350  45.593  -22.223  47.054 0.0000000000
60351  45.149  -22.297  46.519 0.0000000000
60405  42.948  -21.815  44.272 0.0000000000
61609  44.213  -21.720  45.140 0.0000000000
61624  44.126  -21.150  44.834 0.0000000000
62804  44.450  -20.384  44.608 0.0000000000
64032  45.686  -19.425  45.062 0.0000000000
64033  45.077  -19.512  44.533 0.0000000000
64040  44.769  -19.183  44.025 0.0000000000
65272  44.618  -19.034  43.733 0.0000000000
65284  44.780  -18.304  43.272 0.0000000000
65285  44.276  -18.735  43.138 0.0000000000
62869  40.641  -21.124  41.028 0.0000000000
62887  40.637  -20.651  40.413 0.0000000000
64133  40.259  -19.273  38.871 0.0000000000
64115  39.906  -19.828  39.088 0.0000000000
61750  37.888  -21.130  37.026 0.0000000000
54200  37.346  -27.231  40.118 0.0000000000
54259  32.755  -26.721  36.486 0.0000000000
55509  33.710  -26.732  37.126 0.0000000000
55527  33.347  -26.306  36.480 0.0000000000
50330  36.911  -30.411  48.692 0.0000000000
50410  32.242  -29.766  45.249 0.0000000000
51675  32.233  -29.712  44.660 0.0000000000
51698  31.971  -29.678  43.982 0.0000000000
51744  30.310  -29.780  42.114 0.0000000000
45542  27.003  -33.734  43.812 0.0000000000
45561  28.348  -33.881  43.860 0.0000000000
45562  27.528  -33.844  43.575 0.0000000000
45592  27.495  -33.302  43.123 0.0000000000
49315  25.847  -31.021  40.202 0.0000000000
49291  26.557  -31.327  40.750 0.0000000000
50484  27.539  -30.344  40.377 0.0000000000
50483  28.268  -30.070  40.656 0.0000000000
71410  52.304  -13.206  31.060 0.0000000000
45314  28.097  -32.550  58.710 0.0000000000
44112  27.275  -32.628  58.265 0.0000000000
45315  27.137  -32.424  58.728 0.0000000000
46494  27.073  -32.098  59.145 0.0000000000
45294  26.450  -32.398  58.877 0.0000000000
46495  26.260  -32.108  59.141 0.0000000000
46471  25.670  -32.063  59.356 0.0000000000
47701  25.337  -31.787  59.581 0.0000000000
47702  24.731  -31.302  60.054 0.0000000000
47716  30.449  -32.152  60.133 0.0000000000
46492  30.091  -32.495  59.552 0.0000000000
45292  29.656  -32.727  59.063 0.0000000000
45293  28.846  -32.664  59.040 0.0000000000
50291  43.365  -30.473  52.106 0.0000000000
50290  43.813  -30.082  51.615 0.0000000000
50294  43.807  -30.145  51.125 0.0000000000
51600  44.109  -29.788  50.884 0.0000000000
49132  43.425  -30.078  50.507 0.0000000000
50299  43.882  -29.927  50.562 0.0000000000
51604  44.499  -28.988  49.834 0.0000000000
51608  44.366  -28.874  49.231 0.0000000000
51609  44.331  -28.653  48.838 0.0000000000
52890  44.398  -28.208  48.473 0.0000000000
51614  43.971  -28.816  48.574 0.0000000000
51615  43.466  -28.781  48.056 0.0000000000
50368  42.290  -28.845  46.943 0.0000000000
50386  41.671  -28.763  46.368 0.0000000000
51668  39.546  -29.090  44.623 0.0000000000
51652  25.025  -29.913  45.940 0.0000000000
50394  25.444  -30.309  45.287 0.0000000000
51653  24.506  -29.849  45.429 0.0000000000
51677  24.170  -29.903  44.835 0.0000000000
49208  22.947  -31.316  44.826 0.0000000000
73938  54.576  -10.639  31.017 0.0000000000
49120  23.346  -30.667  50.146 0.0000000000
50300  22.377  -30.539  49.825 0.0000000000
49121  22.229  -30.705  50.547 0.0000000000
49122  21.350  -30.875  50.541 0.0000000000
49086  23.516  -30.780  52.073 0.0000000000
49100  21.873  -31.059  51.211 0.0000000000
49101  21.154  -31.268  51.117 0.0000000000
47912  20.066  -31.449  50.646 0.0000000000
46578  22.169  -31.603  55.338 0.0000000000
47804  20.583  -31.554  54.000 0.0000000000
49061  20.691  -31.139  54.523 0.0000000000
49075  17.016  -31.417  54.071 0.0000000000
44190  38.503  -33.641  54.958 0.0000000000
45410  39.109  -33.400  54.398 0.0000000000
45409  39.594  -33.376  54.096 0.0000000000
44218  39.141  -33.500  53.653 0.0000000000
45441  38.196  -32.964  52.633 0.0000000000
45431  37.552  -33.267  53.172 0.0000000000
45432  36.589  -33.171  53.215 0.0000000000
44211  36.513  -33.699  54.164 0.0000000000
44222  36.045  -33.474  53.795 0.0000000000
45433  35.646  -33.168  53.149 0.0000000000
45434  35.095  -33.263  53.050 0.0000000000
44224  34.315  -33.475  53.338 0.0000000000
44225  33.641  -33.588  53.043 0.0000000000
45413  30.173  -32.395  55.351 0.0000000000
47797  29.198  -31.608  54.083 0.0000000000
47911  27.431  -30.995  51.350 0.0000000000
49095  26.970  -30.861  51.416 0.0000000000
49096  26.352  -30.901  51.432 0.0000000000
71375  46.854  -13.993  32.978 0.0000000000
70167  46.921  -14.111  32.641 0.0000000000
53874  18.701  -27.450  63.113 0.0000000000
53895  18.101  -27.831  61.804 0.0000000000
52712  17.923  -28.591  60.536 0.0000000000
52726  17.465  -28.956  59.909 0.0000000000
52727  17.124  -29.158  59.870 0.0000000000
51454  16.891  -29.392  59.890 0.0000000000
75200  52.344  -10.802  36.762 0.0000000000
73855  52.402  -10.879  37.061 0.0000000000
73835  51.696  -11.787  37.643 0.0000000000
72598  51.255  -12.104  37.754 0.0000000000
71303  50.153  -13.033  38.224 0.0000000000
71260  49.384  -13.441  41.629 0.0000000000
71261  49.025  -13.548  42.157 0.0000000000
68814  46.570  -15.444  39.527 0.0000000000
68815  46.132  -15.712  39.008 0.0000000000
67702  46.037  -15.813  39.551 0.0000000000
67688  45.095  -16.574  40.219 0.0000000000
66549  43.740  -17.586  39.909 0.0000000000
64009  47.601  -18.997  47.756 0.0000000000
59191  43.448  -23.418  45.634 0.0000000000
58035  42.951  -23.887  45.545 0.0000000000
59208  42.995  -23.136  44.929 0.0000000000
60392  42.901  -22.419  44.453 0.0000000000
59226  42.531  -22.877  44.308 0.0000000000
61639  42.652  -21.280  43.592 0.0000000000
61659  42.456  -20.895  43.086 0.0000000000
62836  42.500  -20.526  42.746 0.0000000000
61660  41.955  -21.354  42.832 0.0000000000
61680  41.771  -21.009  42.298 0.0000000000
61695  41.095  -21.350  41.639 0.0000000000
61682  40.911  -21.950  41.964 0.0000000000
61696  40.694  -21.634  41.498 0.0000000000
61708  40.199  -21.488  40.753 0.0000000000
59319  37.874  -23.359  38.473 0.0000000000
59304  38.150  -23.810  39.109 0.0000000000
59320  37.425  -23.872  38.175 0.0000000000
58154  36.753  -24.117  37.566 0.0000000000
58155  35.990  -24.478  37.379 0.0000000000
51801  35.595  -28.479  39.618 0.0000000000
53008  35.454  -28.075  39.143 0.0000000000
53028  34.231  -28.108  38.204 0.0000000000
49165  33.728  -30.973  49.026 0.0000000000
49179  34.136  -30.671  48.221 0.0000000000
49180  33.304  -30.730  48.102 0.0000000000
50356  33.041  -30.493  47.588 0.0000000000
50376  31.779  -30.033  46.961 0.0000000000
47975  31.251  -31.539  47.477 0.0000000000
49192  31.359  -30.863  46.951 0.0000000000
50392  31.135  -30.444  45.876 0.0000000000
49216  30.550  -30.790  44.736 0.0000000000
49226  30.489  -30.633  44.173 0.0000000000
48050  25.253  -31.584  41.835 0.0000000000
48072  24.765  -31.492  41.292 0.0000000000
48094  25.281  -31.378  40.717 0.0000000000
48118  24.292  -31.226  40.057 0.0000000000
48117  25.037  -31.090  40.250 0.0000000000
78942  52.876  -7.532  25.726 0.0000000000
77792  52.971  -8.400  25.609 0.0000000000
76591  53.066  -9.275  25.645 0.0000000000
75347  53.459  -10.569  25.616 0.0000000000
47799  25.441  -31.349  54.845 0.0000000000
46574  24.828  -31.967  56.126 0.0000000000
45396  24.870  -32.281  56.557 0.0000000000
46555  23.738  -32.170  56.447 0.0000000000
46556  23.235  -32.051  56.289 0.0000000000
44136  25.915  -32.731  57.827 0.0000000000
44164  25.412  -32.619  57.449 0.0000000000
44115  25.175  -32.574  58.131 0.0000000000
44165  24.941  -32.592  57.537 0.0000000000
45373  23.591  -32.415  56.742 0.0000000000
45374  23.255  -32.295  56.617 0.0000000000
46557  22.803  -31.974  56.381 0.0000000000
47775  22.290  -31.542  56.363 0.0000000000
47758  22.802  -32.043  57.953 0.0000000000
49041  22.148  -31.125  56.906 0.0000000000
50248  21.766  -30.510  57.396 0.0000000000
51497  21.320  -30.072  57.394 0.0000000000
46532  36.074  -33.521  58.100 0.0000000000
44125  36.097  -34.425  57.498 0.0000000000
44153  35.747  -34.598  57.155 0.0000000000
42880  35.414  -34.647  56.756 0.0000000000
44128  33.636  -34.084  57.895 0.0000000000
45365  31.139  -33.588  56.553 0.0000000000
45289  31.935  -33.277  59.485 0.0000000000
45311  31.768  -33.546  58.717 0.0000000000
44108  31.602  -33.638  58.465 0.0000000000
44158  31.152  -33.750  57.472 0.0000000000
45344  31.057  -33.747  57.043 0.0000000000
45392  28.156  -33.008  55.955 0.0000000000
46571  27.560  -32.578  55.506 0.0000000000
68908  45.109  -15.315  34.024 0.0000000000
67799  44.428  -16.401  33.329 0.0000000000
73786  50.625  -11.782  42.054 0.0000000000
72528  50.362  -12.365  42.614 0.0000000000
72517  49.985  -12.265  43.405 0.0000000000
71238  48.512  -13.848  43.262 0.0000000000
71227  48.629  -13.486  44.466 0.0000000000
70023  48.488  -13.908  44.057 0.0000000000
70024  48.258  -14.208  43.853 0.0000000000
67653  47.654  -15.720  44.211 0.0000000000
57970  45.637  -23.886  48.382 0.0000000000
57987  45.051  -23.865  47.763 0.0000000000
54104  44.357  -27.450  47.847 0.0000000000
54116  43.922  -26.993  47.215 0.0000000000
52909  43.015  -27.811  46.319 0.0000000000
54117  43.379  -27.188  46.702 0.0000000000
55365  43.679  -26.304  47.003 0.0000000000
56741  43.458  -25.405  46.723 0.0000000000
58010  42.778  -24.615  45.694 0.0000000000
56787  41.963  -25.344  44.805 0.0000000000
56788  41.454  -25.348  44.256 0.0000000000
55403  41.309  -26.233  43.933 0.0000000000
56807  40.994  -25.393  43.773 0.0000000000
56808  40.526  -25.584  43.256 0.0000000000
56843  39.731  -25.739  41.908 0.0000000000
55444  39.570  -26.433  41.573 0.0000000000
52955  39.406  -27.877  42.000 0.0000000000
54173  38.575  -27.632  41.231 0.0000000000
54187  37.620  -27.574  40.552 0.0000000000
51780  36.414  -28.206  40.400 0.0000000000
51691  39.573  -29.092  43.405 0.0000000000
51714  38.698  -28.946  42.476 0.0000000000
51781  36.073  -28.372  40.178 0.0000000000
52991  33.676  -29.261  39.433 0.0000000000
52992  32.951  -29.116  39.487 0.0000000000
45525  28.400  -33.196  44.889 0.0000000000
46793  26.846  -32.784  43.477 0.0000000000
48049  25.867  -31.785  42.398 0.0000000000
49230  25.682  -31.359  43.529 0.0000000000
49249  25.640  -31.659  42.808 0.0000000000
77769  49.708  -8.497  29.244 0.0000000000
77768  50.032  -8.584  28.446 0.0000000000
50339  20.362  -30.599  48.607 0.0000000000
47800  24.691  -31.123  54.756 0.0000000000
49071  23.797  -30.889  54.157 0.0000000000
47802  22.868  -31.447  54.311 0.0000000000
47885  19.432  -32.002  51.393 0.0000000000
46627  20.980  -32.229  53.459 0.0000000000
46641  20.200  -32.314  52.641 0.0000000000
47914  18.482  -31.996  50.511 0.0000000000
46591  40.755  -32.682  54.142 0.0000000000
50288  42.587  -30.818  53.183 0.0000000000
50292  42.799  -30.854  52.640 0.0000000000
49082  42.622  -31.127  52.238 0.0000000000
47868  42.473  -30.915  51.639 0.0000000000
47899  42.119  -30.919  51.453 0.0000000000
50309  39.729  -30.375  49.256 0.0000000000
50310  38.761  -30.503  49.290 0.0000000000
50312  37.216  -30.747  49.341 0.0000000000
49162  36.781  -30.848  49.454 0.0000000000
46652  37.684  -32.381  52.024 0.0000000000
47874  36.771  -32.186  51.619 0.0000000000
47875  36.296  -32.316  51.548 0.0000000000
47947  32.949  -31.598  49.585 0.0000000000
46691  32.606  -31.950  50.090 0.0000000000
46692  31.891  -32.159  49.447 0.0000000000
46708  31.486  -32.132  48.601 0.0000000000
46693  31.201  -32.452  48.787 0.0000000000
45483  29.941  -33.057  47.702 0.0000000000
41722  35.250  -34.617  55.925 0.0000000000
42902  34.825  -34.593  55.839 0.0000000000
42914  34.311  -34.048  55.021 0.0000000000
42904  33.838  -34.117  55.256 0.0000000000
42927  34.168  -33.728  54.390 0.0000000000
42928  33.681  -33.575  54.059 0.0000000000
42942  33.448  -33.603  53.526 0.0000000000
45423  32.243  -33.331  53.985 0.0000000000
44234  32.601  -33.533  51.929 0.0000000000
44242  30.928  -32.686  50.074 0.0000000000
44263  30.109  -32.757  48.462 0.0000000000
44279  30.056  -33.285  48.067 0.0000000000
44280  29.757  -33.132  47.979 0.0000000000
45484  29.625  -33.087  47.660 0.0000000000
45507  29.094  -32.817  47.146 0.0000000000
46734  28.730  -32.622  46.842 0.0000000000
46710  29.155  -32.528  47.965 0.0000000000
46711  28.887  -32.403  47.602 0.0000000000
49195  26.828  -30.867  46.685 0.0000000000
49143  27.659  -30.660  49.650 0.0000000000
50357  26.071  -30.416  47.138 0.0000000000
50378  25.485  -30.080  46.388 0.0000000000
51635  25.013  -29.874  46.402 0.0000000000
50360  23.401  -29.848  47.041 0.0000000000
50397  22.332  -30.453  45.689 0.0000000000
73921  52.469  -10.629  32.092 0.0000000000
71411  50.898  -12.895  31.107 0.0000000000
71390  48.662  -12.950  32.355 0.0000000000
70208  50.399  -13.928  31.440 0.0000000000
68956  45.685  -15.680  32.674 0.0000000000
51447  25.566  -29.517  59.674 0.0000000000
50209  25.142  -30.218  59.853 0.0000000000
48983  24.573  -30.400  60.750 0.0000000000
48968  24.503  -30.495  60.859 0.0000000000
51410  23.943  -29.254  61.616 0.0000000000
48960  24.181  -30.275  61.576 0.0000000000
47688  24.124  -31.129  60.982 0.0000000000
49001  23.131  -31.225  59.839 0.0000000000
50193  22.775  -30.344  61.095 0.0000000000
49002  22.788  -30.687  60.201 0.0000000000
50223  22.339  -30.382  59.136 0.0000000000
50224  21.969  -30.148  58.691 0.0000000000
51479  21.460  -29.946  57.984 0.0000000000
51390  21.694  -28.260  63.508 0.0000000000
51525  19.189  -29.648  56.839 0.0000000000
50266  18.429  -30.029  56.395 0.0000000000
51500  18.752  -29.470  57.496 0.0000000000
50250  18.356  -29.821  57.022 0.0000000000
80091  50.821  -6.912  28.971 0.0000000000
78919  49.858  -7.777  29.215 0.0000000000
76527  50.300  -9.406  30.665 0.0000000000
77723  50.175  -8.476  32.202 0.0000000000
77701  54.271  -8.936  32.357 0.0000000000
78846  52.572  -7.951  34.740 0.0000000000
76484  53.528  -9.259  34.026 0.0000000000
73908  50.933  -11.382  33.880 0.0000000000
72659  48.870  -12.463  34.317 0.0000000000
71273  49.609  -13.444  40.662 0.0000000000
71288  49.694  -13.627  39.720 0.0000000000
71304  49.449  -13.784  38.608 0.0000000000
71317  48.816  -13.879  37.761 0.0000000000
70110  47.592  -14.776  36.697 0.0000000000
68844  45.310  -15.792  36.643 0.0000000000
60372  44.678  -22.264  46.063 0.0000000000
61608  44.833  -21.326  45.520 0.0000000000
61587  45.589  -21.333  46.273 0.0000000000
62776  46.543  -20.066  46.493 0.0000000000
64019  47.297  -18.888  46.772 0.0000000000
65241  47.522  -18.299  46.510 0.0000000000
65250  47.127  -18.197  45.766 0.0000000000
65258  46.719  -17.881  45.097 0.0000000000
66481  47.149  -17.270  44.800 0.0000000000
66493  46.772  -16.895  44.097 0.0000000000
67655  46.615  -16.737  43.758 0.0000000000
66507  44.654  -18.204  42.952 0.0000000000
66521  44.334  -17.947  42.382 0.0000000000
64074  42.824  -19.846  42.338 0.0000000000
64095  41.761  -19.915  41.208 0.0000000000
65323  42.359  -18.909  41.202 0.0000000000
66552  41.620  -18.071  39.130 0.0000000000
60514  37.702  -21.770  36.906 0.0000000000
56859  38.452  -25.546  40.092 0.0000000000
56870  37.998  -25.594  39.649 0.0000000000
55474  37.614  -26.382  39.709 0.0000000000
56871  37.496  -25.547  39.306 0.0000000000
58140  36.323  -24.970  38.037 0.0000000000
54215  35.301  -27.287  38.676 0.0000000000
55507  35.069  -26.452  38.287 0.0000000000
56895  35.117  -25.482  37.666 0.0000000000
50351  38.529  -29.660  47.879 0.0000000000
51619  37.978  -29.413  47.087 0.0000000000
51620  37.062  -29.433  47.032 0.0000000000
51672  34.950  -28.758  44.560 0.0000000000
50389  33.502  -29.693  45.935 0.0000000000
51634  34.619  -29.553  46.110 0.0000000000
51649  34.720  -29.123  45.452 0.0000000000
51742  32.673  -29.088  41.898 0.0000000000
52973  31.454  -28.671  40.484 0.0000000000
45523  29.551  -33.127  45.885 0.0000000000
46753  29.323  -33.297  45.376 0.0000000000
46770  29.572  -32.803  45.078 0.0000000000
46791  29.035  -33.405  43.842 0.0000000000
48007  29.547  -32.574  44.716 0.0000000000
48024  29.686  -31.992  44.562 0.0000000000
49227  29.925  -31.252  43.851 0.0000000000
49246  29.887  -31.045  43.038 0.0000000000
46839  27.107  -32.130  42.105 0.0000000000
48069  27.547  -31.968  41.716 0.0000000000
49269  27.899  -31.649  41.307 0.0000000000
48068  28.244  -32.108  42.057 0.0000000000
49248  28.665  -31.899  42.205 0.0000000000
50444  29.776  -30.757  42.734 0.0000000000
51745  29.592  -29.919  41.779 0.0000000000
51766  29.363  -29.260  41.189 0.0000000000
77795  50.682  -9.139  26.928 0.0000000000
76593  51.012  -9.440  26.449 0.0000000000
75341  50.743  -10.389  27.267 0.0000000000
75350  50.785  -9.988  26.785 0.0000000000
75357  51.358  -9.646  26.202 0.0000000000
75356  51.656  -9.785  25.997 0.0000000000
72756  52.156  -12.504  27.821 0.0000000000
41715  35.390  -34.652  56.126 0.0000000000
41721  35.763  -34.542  55.893 0.0000000000
41727  35.914  -34.366  55.541 0.0000000000
41729  34.756  -34.454  55.669 0.0000000000
42888  37.568  -34.041  55.983 0.0000000000
42889  37.231  -34.369  55.981 0.0000000000
42891  35.799  -34.595  56.209 0.0000000000
42892  35.018  -34.673  56.315 0.0000000000
42901  36.021  -34.767  55.992 0.0000000000
42909  37.781  -34.221  55.019 0.0000000000
42921  38.079  -33.850  54.619 0.0000000000
44116  24.877  -32.562  58.063 0.0000000000
44124  36.573  -34.200  57.076 0.0000000000
44138  24.890  -32.580  57.822 0.0000000000
44154  35.054  -34.559  57.285 0.0000000000
44177  37.868  -33.866  55.746 0.0000000000
44179  37.136  -34.281  56.405 0.0000000000
44198  39.063  -33.487  54.181 0.0000000000
44199  38.532  -33.625  54.595 0.0000000000
44200  38.148  -33.987  54.998 0.0000000000
44231  34.694  -33.334  53.012 0.0000000000
44250  31.928  -32.703  50.469 0.0000000000
44262  30.900  -32.601  48.995 0.0000000000
45277  25.308  -32.345  59.334 0.0000000000
45278  24.898  -32.411  59.241 0.0000000000
45295  25.808  -32.403  59.069 0.0000000000
45299  24.155  -32.593  58.384 0.0000000000
45307  35.231  -33.847  58.477 0.0000000000
45316  25.242  -32.557  58.507 0.0000000000
45318  24.535  -32.628  58.105 0.0000000000
45330  34.965  -34.063  58.341 0.0000000000
45388  38.435  -33.532  55.324 0.0000000000
45463  29.981  -32.832  48.741 0.0000000000
45522  29.860  -33.136  46.046 0.0000000000
46497  23.898  -32.321  58.879 0.0000000000
46513  35.066  -33.415  58.537 0.0000000000
46534  34.680  -33.674  58.541 0.0000000000
46640  20.689  -32.432  52.892 0.0000000000
46662  38.046  -32.193  51.598 0.0000000000
46663  35.943  -32.401  51.605 0.0000000000
46666  33.396  -32.588  51.159 0.0000000000
46676  33.585  -32.161  51.112 0.0000000000
46679  29.835  -32.803  49.167 0.0000000000
46794  26.500  -32.260  43.160 0.0000000000
46820  26.498  -32.216  42.869 0.0000000000
47675  24.172  -30.349  61.830 0.0000000000
47676  23.930  -30.634  61.641 0.0000000000
47687  24.216  -30.765  61.214 0.0000000000
47705  23.639  -31.911  59.350 0.0000000000
47722  23.360  -31.598  59.445 0.0000000000
47724  23.335  -32.126  58.604 0.0000000000
47740  27.304  -32.192  59.114 0.0000000000
47741  23.154  -31.543  59.133 0.0000000000
47757  22.947  -31.949  58.368 0.0000000000
47798  28.637  -31.524  54.005 0.0000000000
47818  41.218  -32.440  53.653 0.0000000000
47930  29.710  -32.377  49.326 0.0000000000
47961  31.453  -31.728  48.054 0.0000000000
47990  30.130  -32.240  46.017 0.0000000000
47992  27.030  -31.980  44.695 0.0000000000
48969  24.666  -30.315  60.962 0.0000000000
48982  24.824  -30.641  60.166 0.0000000000
48985  22.803  -30.527  60.726 0.0000000000
48996  29.633  -31.590  60.446 0.0000000000
49014  27.020  -30.875  59.533 0.0000000000
49054  21.238  -31.147  55.113 0.0000000000
49059  24.075  -30.913  54.428 0.0000000000
49060  23.777  -31.013  54.395 0.0000000000
49072  23.588  -31.057  54.249 0.0000000000
49084  25.045  -31.014  52.264 0.0000000000
49109  42.555  -30.487  50.911 0.0000000000
49182  31.618  -31.169  47.726 0.0000000000
49191  31.945  -30.240  47.336 0.0000000000
49202  31.154  -30.567  46.257 0.0000000000
49207  26.021  -30.879  45.273 0.0000000000
49228  29.421  -31.847  43.402 0.0000000000
50162  24.036  -29.857  61.884 0.0000000000
50173  24.437  -29.993  61.264 0.0000000000
50192  24.743  -30.218  60.841 0.0000000000
50221  26.931  -30.641  59.582 0.0000000000
50273  21.497  -30.866  55.924 0.0000000000
50287  43.093  -30.327  52.808 0.0000000000
50295  43.515  -30.406  51.452 0.0000000000
50298  44.159  -29.616  50.056 0.0000000000
50302  21.179  -30.651  50.060 0.0000000000
50344  43.900  -29.165  48.819 0.0000000000
50404  42.033  -28.672  46.034 0.0000000000
50423  40.696  -28.708  44.548 0.0000000000
50426  31.788  -29.915  44.646 0.0000000000
50443  30.253  -30.431  43.193 0.0000000000
51401  20.067  -28.184  63.035 0.0000000000
51464  26.083  -29.183  59.536 0.0000000000
51621  25.142  -29.926  46.686 0.0000000000
51651  33.203  -29.547  45.566 0.0000000000
51676  24.490  -30.009  44.943 0.0000000000
51803  34.551  -28.978  39.026 0.0000000000
52710  19.490  -28.583  60.848 0.0000000000
52724  26.007  -28.850  59.569 0.0000000000
52954  39.905  -27.832  42.404 0.0000000000
52968  38.283  -27.859  41.233 0.0000000000
52970  36.988  -27.952  40.806 0.0000000000
52971  32.956  -29.263  40.123 0.0000000000
53885  18.485  -27.782  62.268 0.0000000000
53894  18.440  -28.029  61.890 0.0000000000
54050  45.898  -26.623  50.396 0.0000000000
54160  40.661  -27.193  42.974 0.0000000000
55418  40.648  -26.247  43.218 0.0000000000
56721  44.552  -25.512  47.780 0.0000000000
58008  44.106  -23.970  46.713 0.0000000000
60448  41.008  -22.113  42.202 0.0000000000
62777  46.031  -20.652  46.273 0.0000000000
64056  43.384  -19.761  43.070 0.0000000000
65231  48.027  -18.022  47.174 0.0000000000
66471  47.459  -17.577  45.524 0.0000000000
71414  48.056  -14.149  31.648 0.0000000000
76605  51.310  -9.412  26.256 0.0000000000
77779  50.977  -8.305  27.204 0.0000000000
