#!ascii label  , from subject sub.01.bl.02 vox2ras=TkReg
1040
65028  13.538  -19.156  66.394 0.0000000000
61482  6.734  -22.549  53.847 0.0000000000
58909  5.852  -23.074  66.058 0.0000000000
66268  4.504  -17.011  63.720 0.0000000000
74874  5.879  -11.346  57.529 0.0000000000
62565  9.210  -20.390  68.188 0.0000000000
66220  8.241  -17.711  67.267 0.0000000000
62589  16.799  -19.794  64.978 0.0000000000
58905  12.067  -22.249  65.876 0.0000000000
56439  7.500  -24.299  64.179 0.0000000000
74778  6.472  -10.577  64.986 0.0000000000
71018  5.495  -13.288  61.145 0.0000000000
79720  7.221  -7.934  62.757 0.0000000000
56481  4.187  -25.682  62.599 0.0000000000
60135  5.475  -23.017  61.015 0.0000000000
63828  6.112  -19.586  65.939 0.0000000000
70954  6.550  -13.860  66.268 0.0000000000
65111  8.341  -19.011  59.463 0.0000000000
66380  6.643  -15.964  55.332 0.0000000000
69893  4.934  -14.947  51.862 0.0000000000
74921  8.569  -10.870  55.569 0.0000000000
63801  11.176  -19.708  67.540 0.0000000000
66216  10.862  -18.469  67.061 0.0000000000
63810  15.636  -19.268  66.087 0.0000000000
61323  14.270  -20.994  65.831 0.0000000000
60070  12.653  -20.662  66.808 0.0000000000
60080  10.456  -21.267  66.919 0.0000000000
77363  6.669  -8.814  63.529 0.0000000000
57745  5.219  -24.747  63.839 0.0000000000
60107  5.461  -23.202  63.570 0.0000000000
61325  5.682  -21.427  66.467 0.0000000000
69725  8.269  -15.088  65.397 0.0000000000
68497  7.114  -15.553  66.165 0.0000000000
57733  6.797  -23.236  66.236 0.0000000000
53849  6.449  -26.511  64.634 0.0000000000
55109  5.445  -25.934  64.815 0.0000000000
53882  3.854  -26.873  63.536 0.0000000000
65080  6.801  -18.830  63.482 0.0000000000
61397  7.517  -21.313  60.631 0.0000000000
65090  6.597  -17.598  61.447 0.0000000000
73567  5.995  -12.291  59.716 0.0000000000
67500  5.800  -15.276  58.351 0.0000000000
69852  4.888  -14.114  56.520 0.0000000000
66397  5.666  -15.769  53.951 0.0000000000
72359  5.174  -12.840  55.247 0.0000000000
60084  7.109  -21.844  67.508 0.0000000000
62584  6.770  -20.378  67.755 0.0000000000
65020  8.861  -18.915  67.830 0.0000000000
67409  9.278  -16.816  65.866 0.0000000000
61335  18.455  -19.435  62.824 0.0000000000
61376  16.144  -19.247  61.776 0.0000000000
61348  15.325  -20.390  63.592 0.0000000000
60105  12.385  -20.552  63.595 0.0000000000
58908  9.865  -22.148  65.371 0.0000000000
58894  8.185  -21.977  66.784 0.0000000000
70969  4.581  -13.406  65.000 0.0000000000
68573  4.824  -15.228  62.044 0.0000000000
72259  5.312  -12.633  63.370 0.0000000000
74802  6.539  -10.870  62.424 0.0000000000
76144  6.641  -9.966  61.054 0.0000000000
66210  16.338  -18.098  65.437 0.0000000000
62630  21.962  -18.559  61.727 0.0000000000
65072  22.806  -17.697  62.635 0.0000000000
63827  19.471  -18.654  64.474 0.0000000000
66208  17.742  -18.271  65.880 0.0000000000
55163  3.393  -26.165  60.527 0.0000000000
57774  3.014  -24.520  59.321 0.0000000000
58936  4.828  -24.215  61.578 0.0000000000
61365  6.086  -22.328  62.988 0.0000000000
65071  5.798  -18.302  64.970 0.0000000000
65047  5.953  -17.913  66.925 0.0000000000
66247  5.305  -17.239  66.327 0.0000000000
68527  4.940  -15.174  65.307 0.0000000000
73486  6.425  -11.702  65.994 0.0000000000
60173  4.677  -23.188  58.742 0.0000000000
61447  5.797  -21.435  57.135 0.0000000000
63936  7.183  -20.044  56.205 0.0000000000
66319  5.913  -16.773  59.662 0.0000000000
66364  8.072  -16.662  57.161 0.0000000000
63945  8.620  -19.323  54.377 0.0000000000
65192  7.396  -18.390  51.868 0.0000000000
63963  5.501  -17.916  50.699 0.0000000000
77370  9.041  -8.386  62.518 0.0000000000
76158  8.413  -9.759  59.700 0.0000000000
76177  10.064  -10.028  58.633 0.0000000000
76236  5.748  -10.604  55.719 0.0000000000
73671  5.189  -12.552  53.376 0.0000000000
65029  12.702  -19.030  66.919 0.0000000000
65030  11.906  -19.036  67.190 0.0000000000
66230  13.216  -18.760  66.155 0.0000000000
63811  14.715  -19.401  66.258 0.0000000000
61286  14.007  -20.432  66.533 0.0000000000
63798  13.050  -19.862  66.871 0.0000000000
62561  12.016  -20.152  67.049 0.0000000000
60253  6.815  -23.371  53.472 0.0000000000
61481  7.446  -21.986  53.415 0.0000000000
57743  5.434  -24.125  65.179 0.0000000000
58916  5.442  -23.498  64.810 0.0000000000
60096  5.871  -22.259  65.963 0.0000000000
61390  18.042  -19.376  60.737 0.0000000000
56418  6.125  -24.060  66.355 0.0000000000
55092  6.131  -25.418  65.325 0.0000000000
56440  5.614  -24.429  65.456 0.0000000000
56442  5.238  -25.307  64.231 0.0000000000
66273  5.490  -17.358  63.532 0.0000000000
63847  6.696  -18.320  62.069 0.0000000000
66281  5.706  -16.975  62.747 0.0000000000
73583  5.473  -12.486  58.299 0.0000000000
72319  4.762  -13.280  58.005 0.0000000000
73596  4.455  -12.613  56.885 0.0000000000
71083  4.979  -13.383  56.008 0.0000000000
73610  4.635  -12.163  56.358 0.0000000000
61306  8.244  -21.309  67.836 0.0000000000
62567  7.913  -20.231  68.179 0.0000000000
63804  9.019  -19.698  68.042 0.0000000000
66234  9.570  -17.565  66.806 0.0000000000
68526  9.142  -15.686  64.879 0.0000000000
61318  18.031  -19.064  64.022 0.0000000000
61337  16.734  -19.596  63.668 0.0000000000
61330  16.177  -20.575  64.702 0.0000000000
60092  13.404  -21.467  66.004 0.0000000000
60100  13.231  -20.590  64.498 0.0000000000
60098  12.450  -21.166  65.301 0.0000000000
58907  10.636  -21.708  65.726 0.0000000000
61292  9.931  -20.842  67.792 0.0000000000
58893  9.170  -21.797  67.075 0.0000000000
60082  8.798  -21.762  67.634 0.0000000000
58895  7.410  -22.116  67.014 0.0000000000
73501  5.601  -11.796  64.881 0.0000000000
72238  4.908  -12.586  64.563 0.0000000000
74779  6.136  -11.122  64.714 0.0000000000
78578  6.723  -8.162  63.272 0.0000000000
76125  6.528  -9.585  63.029 0.0000000000
77373  6.778  -9.583  62.199 0.0000000000
76145  6.458  -10.478  60.900 0.0000000000
78592  7.045  -8.779  62.091 0.0000000000
62592  20.121  -18.945  63.673 0.0000000000
55147  3.531  -26.233  61.441 0.0000000000
57758  4.372  -24.804  61.105 0.0000000000
57755  4.631  -24.959  62.072 0.0000000000
61341  6.200  -21.843  65.263 0.0000000000
61350  6.248  -22.118  64.277 0.0000000000
62600  6.465  -20.774  65.070 0.0000000000
63834  6.672  -19.486  64.872 0.0000000000
63829  6.280  -19.336  65.570 0.0000000000
65036  7.435  -18.444  67.413 0.0000000000
63821  6.132  -19.183  67.123 0.0000000000
65037  6.712  -18.064  66.946 0.0000000000
69719  6.931  -14.729  66.168 0.0000000000
67392  6.416  -16.155  66.316 0.0000000000
68507  6.209  -15.551  66.162 0.0000000000
67410  4.958  -16.451  66.010 0.0000000000
69727  5.839  -14.925  66.036 0.0000000000
70963  5.408  -13.440  65.877 0.0000000000
72223  6.351  -12.740  66.130 0.0000000000
61377  15.135  -19.342  61.979 0.0000000000
61393  14.998  -19.318  60.951 0.0000000000
56438  7.961  -23.757  63.838 0.0000000000
55125  7.523  -24.958  63.154 0.0000000000
55105  7.160  -25.101  64.033 0.0000000000
53867  5.564  -27.239  64.495 0.0000000000
53881  6.130  -27.384  63.347 0.0000000000
55127  3.815  -26.482  63.094 0.0000000000
55128  3.304  -26.933  62.719 0.0000000000
60155  4.743  -23.427  60.177 0.0000000000
58959  3.855  -23.829  59.610 0.0000000000
60154  5.433  -22.872  59.957 0.0000000000
62633  8.121  -20.243  59.932 0.0000000000
61435  7.276  -21.347  58.738 0.0000000000
62658  7.976  -20.563  58.210 0.0000000000
62670  6.799  -20.435  57.166 0.0000000000
63909  8.775  -19.257  57.503 0.0000000000
69786  4.796  -14.442  61.743 0.0000000000
66294  5.973  -16.085  61.309 0.0000000000
68587  5.813  -15.610  60.239 0.0000000000
67526  6.044  -15.199  56.920 0.0000000000
66352  6.472  -16.376  57.669 0.0000000000
66379  7.215  -16.348  55.605 0.0000000000
66392  8.681  -17.519  54.985 0.0000000000
66393  7.771  -16.896  54.697 0.0000000000
66419  8.229  -17.966  53.132 0.0000000000
66408  7.371  -17.051  53.572 0.0000000000
68670  5.328  -15.215  52.831 0.0000000000
66423  5.544  -16.570  52.081 0.0000000000
67579  5.154  -15.842  51.633 0.0000000000
77368  10.314  -7.952  62.144 0.0000000000
76132  8.307  -9.205  61.252 0.0000000000
76140  9.813  -9.545  60.758 0.0000000000
74894  10.297  -10.890  56.355 0.0000000000
74869  9.958  -10.585  57.434 0.0000000000
74871  7.940  -10.828  57.078 0.0000000000
76234  7.165  -10.402  55.744 0.0000000000
74946  5.517  -10.853  54.698 0.0000000000
76268  6.852  -10.484  54.491 0.0000000000
63802  10.418  -19.857  67.806 0.0000000000
63803  9.746  -19.829  67.987 0.0000000000
65031  11.024  -18.974  67.436 0.0000000000
61297  16.468  -19.705  65.563 0.0000000000
61321  16.080  -20.499  65.261 0.0000000000
62580  15.466  -20.281  66.024 0.0000000000
61313  13.793  -21.128  66.192 0.0000000000
61302  12.728  -22.150  67.325 0.0000000000
60089  11.235  -21.805  66.765 0.0000000000
60072  11.730  -21.272  67.162 0.0000000000
61291  10.705  -20.672  67.416 0.0000000000
78562  8.020  -8.519  65.050 0.0000000000
76114  6.751  -9.541  64.332 0.0000000000
79702  7.918  -7.627  64.681 0.0000000000
79701  7.878  -7.134  64.383 0.0000000000
79706  7.789  -7.233  63.805 0.0000000000
57749  5.031  -24.963  63.368 0.0000000000
58926  5.100  -24.278  63.198 0.0000000000
58921  5.289  -23.633  64.077 0.0000000000
60099  5.932  -22.528  65.298 0.0000000000
62591  5.758  -20.819  66.188 0.0000000000
68505  8.335  -15.877  66.211 0.0000000000
67389  7.901  -16.454  66.672 0.0000000000
69717  7.915  -14.987  65.716 0.0000000000
70952  7.582  -13.655  65.787 0.0000000000
72221  7.356  -12.521  65.887 0.0000000000
73477  7.191  -11.633  66.020 0.0000000000
56425  6.886  -24.303  65.126 0.0000000000
55090  6.932  -24.770  64.553 0.0000000000
55091  6.441  -25.194  64.946 0.0000000000
55108  5.890  -26.183  65.210 0.0000000000
53851  5.494  -26.789  64.798 0.0000000000
52661  3.990  -27.952  63.569 0.0000000000
53852  5.001  -26.756  64.403 0.0000000000
56455  4.841  -25.576  63.657 0.0000000000
62614  7.032  -20.734  62.878 0.0000000000
61398  6.655  -21.916  60.875 0.0000000000
62625  6.992  -20.153  61.873 0.0000000000
63856  6.954  -19.421  61.170 0.0000000000
65098  6.984  -18.741  60.576 0.0000000000
71037  5.670  -13.145  60.301 0.0000000000
69816  5.913  -14.725  59.755 0.0000000000
71053  5.252  -13.744  58.423 0.0000000000
68618  5.322  -14.671  57.831 0.0000000000
67539  5.952  -15.359  55.897 0.0000000000
66395  6.297  -16.220  54.300 0.0000000000
68644  5.534  -14.770  55.136 0.0000000000
68643  5.389  -14.354  54.724 0.0000000000
69874  4.766  -14.008  53.205 0.0000000000
74943  8.854  -10.837  54.739 0.0000000000
73650  7.618  -11.442  53.597 0.0000000000
73649  8.667  -11.689  53.570 0.0000000000
58897  6.248  -22.571  67.350 0.0000000000
60091  5.976  -22.189  67.501 0.0000000000
61317  6.489  -21.304  67.778 0.0000000000
63806  7.757  -19.556  68.115 0.0000000000
66207  8.296  -18.406  67.660 0.0000000000
65033  9.453  -18.517  67.518 0.0000000000
66218  9.320  -17.903  67.289 0.0000000000
67399  8.767  -16.725  66.565 0.0000000000
68513  8.636  -15.620  65.355 0.0000000000
61344  18.699  -19.561  62.426 0.0000000000
61374  18.072  -19.533  61.524 0.0000000000
61345  17.929  -19.413  62.663 0.0000000000
61331  15.426  -20.870  65.108 0.0000000000
61349  14.398  -20.475  63.992 0.0000000000
60113  12.765  -20.196  62.612 0.0000000000
57747  8.973  -23.242  63.711 0.0000000000
57737  8.294  -23.106  65.153 0.0000000000
58900  9.842  -21.743  66.342 0.0000000000
57730  9.058  -22.077  66.079 0.0000000000
57738  7.712  -23.422  65.384 0.0000000000
57727  7.592  -22.420  66.603 0.0000000000
57729  6.605  -22.855  66.655 0.0000000000
68542  4.180  -15.082  64.343 0.0000000000
67436  4.232  -16.179  63.268 0.0000000000
69757  4.130  -14.351  63.968 0.0000000000
70991  4.378  -13.431  62.894 0.0000000000
71006  4.929  -13.186  62.355 0.0000000000
76122  6.470  -10.329  63.405 0.0000000000
74793  6.359  -11.656  62.836 0.0000000000
72283  5.912  -12.199  61.841 0.0000000000
74824  6.251  -11.467  61.132 0.0000000000
76162  6.159  -10.824  60.011 0.0000000000
77405  6.218  -10.591  59.221 0.0000000000
66211  15.305  -18.431  65.678 0.0000000000
62623  20.746  -18.832  61.630 0.0000000000
67453  24.477  -15.855  61.436 0.0000000000
66269  23.993  -16.556  62.530 0.0000000000
66280  23.403  -17.033  62.006 0.0000000000
63854  22.486  -18.223  61.994 0.0000000000
62621  21.929  -18.941  61.831 0.0000000000
61342  20.102  -19.130  62.078 0.0000000000
62593  19.223  -19.055  63.847 0.0000000000
62587  18.072  -19.076  64.475 0.0000000000
65039  18.597  -18.764  65.195 0.0000000000
63807  17.537  -19.177  65.348 0.0000000000
65024  17.142  -18.574  65.651 0.0000000000
65025  16.429  -18.631  65.763 0.0000000000
58946  4.418  -24.030  60.587 0.0000000000
60136  5.070  -23.605  61.192 0.0000000000
60116  5.204  -23.745  62.924 0.0000000000
60115  5.463  -23.243  62.741 0.0000000000
61364  6.400  -21.704  62.517 0.0000000000
62605  7.098  -20.515  63.513 0.0000000000
65074  6.322  -18.405  64.136 0.0000000000
66267  5.117  -17.586  64.326 0.0000000000
61324  5.832  -21.346  67.246 0.0000000000
62590  5.919  -20.363  66.714 0.0000000000
63824  5.946  -19.008  66.307 0.0000000000
66222  6.772  -17.006  66.715 0.0000000000
65048  6.165  -17.094  66.725 0.0000000000
65058  5.464  -18.122  65.974 0.0000000000
66248  4.922  -17.407  65.742 0.0000000000
67411  4.541  -16.546  65.388 0.0000000000
67423  4.257  -16.476  64.737 0.0000000000
69745  4.818  -14.345  65.195 0.0000000000
72233  5.347  -12.577  65.687 0.0000000000
74768  6.675  -10.684  65.751 0.0000000000
73485  6.850  -11.378  66.093 0.0000000000
74767  7.159  -10.458  65.993 0.0000000000
76104  7.364  -9.873  65.690 0.0000000000
55136  7.197  -25.847  62.353 0.0000000000
53865  6.644  -26.538  63.918 0.0000000000
60153  5.942  -22.495  59.541 0.0000000000
61437  5.426  -22.377  57.862 0.0000000000
62695  6.961  -21.235  54.559 0.0000000000
66282  5.504  -16.331  62.259 0.0000000000
65100  6.479  -17.174  60.374 0.0000000000
66317  7.052  -17.511  59.607 0.0000000000
66320  5.435  -16.235  59.385 0.0000000000
66335  6.309  -16.850  58.670 0.0000000000
66349  8.479  -17.797  58.535 0.0000000000
65155  9.112  -18.351  56.882 0.0000000000
63934  8.601  -19.233  55.311 0.0000000000
63953  8.261  -20.006  54.191 0.0000000000
62702  8.557  -20.020  53.130 0.0000000000
66410  5.903  -16.490  53.327 0.0000000000
65193  6.421  -17.925  51.719 0.0000000000
80822  8.408  -7.211  63.459 0.0000000000
79718  8.937  -7.327  63.306 0.0000000000
78585  7.531  -8.288  62.373 0.0000000000
77379  7.773  -8.785  61.789 0.0000000000
76160  6.644  -9.957  59.851 0.0000000000
76180  7.129  -9.910  58.727 0.0000000000
76178  8.942  -10.070  58.810 0.0000000000
76198  7.312  -10.603  57.569 0.0000000000
74898  5.754  -10.823  56.751 0.0000000000
74923  4.818  -11.187  55.425 0.0000000000
72373  4.919  -12.735  53.919 0.0000000000
72393  4.438  -13.079  52.719 0.0000000000
72412  4.952  -13.001  51.922 0.0000000000
66213  13.381  -18.924  66.268 0.0000000000
65027  14.556  -18.996  66.123 0.0000000000
63812  13.596  -19.561  66.598 0.0000000000
63813  12.696  -19.431  66.823 0.0000000000
60232  6.175  -23.130  53.940 0.0000000000
58915  5.588  -23.513  65.438 0.0000000000
61372  19.528  -19.326  61.183 0.0000000000
61389  18.784  -19.205  60.548 0.0000000000
61373  18.839  -19.481  61.379 0.0000000000
57735  5.887  -23.726  66.327 0.0000000000
57739  5.632  -23.949  65.773 0.0000000000
74875  5.505  -11.957  57.615 0.0000000000
73595  4.791  -12.426  57.315 0.0000000000
73609  4.860  -11.953  56.897 0.0000000000
61294  8.604  -21.032  68.141 0.0000000000
62566  8.521  -20.269  68.208 0.0000000000
61319  17.280  -19.225  63.996 0.0000000000
61329  16.645  -19.884  64.266 0.0000000000
61320  16.652  -19.985  64.802 0.0000000000
60093  12.606  -21.971  65.918 0.0000000000
58911  11.966  -21.807  65.646 0.0000000000
58918  11.699  -21.315  65.156 0.0000000000
58912  11.203  -21.586  65.408 0.0000000000
58906  11.568  -22.091  66.077 0.0000000000
61293  9.410  -20.977  68.162 0.0000000000
60073  9.509  -21.237  68.002 0.0000000000
60074  9.120  -21.485  68.106 0.0000000000
60075  8.592  -21.520  67.918 0.0000000000
73500  5.891  -11.194  64.920 0.0000000000
79711  6.947  -7.823  63.003 0.0000000000
78579  6.667  -8.426  62.847 0.0000000000
78587  6.797  -8.658  62.453 0.0000000000
77381  6.833  -9.345  62.018 0.0000000000
78586  6.978  -8.395  62.417 0.0000000000
56494  4.001  -25.558  61.767 0.0000000000
62596  6.097  -20.614  65.791 0.0000000000
66221  7.388  -17.348  66.891 0.0000000000
69720  6.511  -14.828  66.166 0.0000000000
70955  6.386  -14.411  66.240 0.0000000000
70960  6.236  -14.176  66.282 0.0000000000
70959  5.928  -13.829  66.238 0.0000000000
56423  7.902  -23.631  64.400 0.0000000000
56454  7.582  -24.449  63.583 0.0000000000
52659  5.193  -27.588  63.912 0.0000000000
52658  5.598  -27.453  64.149 0.0000000000
56468  4.464  -25.707  63.204 0.0000000000
55137  3.621  -26.305  62.323 0.0000000000
63882  8.243  -19.509  59.673 0.0000000000
61434  8.029  -21.025  59.026 0.0000000000
62647  8.521  -19.750  58.811 0.0000000000
63896  8.439  -19.831  58.002 0.0000000000
63895  8.677  -19.341  58.439 0.0000000000
69802  5.114  -14.251  61.416 0.0000000000
68586  5.631  -15.069  60.788 0.0000000000
66367  6.315  -15.609  56.215 0.0000000000
66366  6.678  -16.019  56.525 0.0000000000
66394  6.922  -16.495  54.458 0.0000000000
68669  5.189  -15.179  52.375 0.0000000000
67578  5.243  -15.512  52.180 0.0000000000
68679  5.078  -15.351  51.848 0.0000000000
78582  10.492  -7.362  62.272 0.0000000000
77376  10.494  -8.357  61.671 0.0000000000
76130  10.097  -9.086  61.369 0.0000000000
76129  10.481  -8.899  61.270 0.0000000000
74920  9.591  -10.855  55.487 0.0000000000
74895  9.287  -10.942  56.411 0.0000000000
74896  8.308  -10.917  56.385 0.0000000000
74922  7.743  -10.683  55.690 0.0000000000
76255  6.875  -10.415  54.980 0.0000000000
74944  7.686  -10.691  54.853 0.0000000000
65017  10.855  -19.435  67.594 0.0000000000
63815  11.369  -19.256  67.433 0.0000000000
66231  12.461  -18.657  66.428 0.0000000000
62571  15.735  -19.778  66.033 0.0000000000
61311  15.890  -20.245  65.755 0.0000000000
62581  15.082  -20.277  66.189 0.0000000000
61287  13.365  -20.479  66.704 0.0000000000
61299  14.337  -20.594  66.339 0.0000000000
61300  13.420  -20.976  66.543 0.0000000000
61314  13.426  -21.765  66.684 0.0000000000
61301  13.036  -21.514  67.176 0.0000000000
60078  12.242  -21.619  67.349 0.0000000000
60071  12.150  -20.981  66.935 0.0000000000
63800  11.955  -19.765  67.158 0.0000000000
62562  11.285  -20.216  67.382 0.0000000000
62563  10.558  -20.290  67.735 0.0000000000
79703  8.017  -8.038  64.767 0.0000000000
80806  8.218  -6.291  64.761 0.0000000000
80811  8.366  -6.169  64.195 0.0000000000
58922  5.195  -24.265  63.711 0.0000000000
58917  5.238  -24.100  64.168 0.0000000000
61333  5.916  -21.574  65.873 0.0000000000
69726  7.958  -15.343  65.974 0.0000000000
69716  8.015  -14.645  65.445 0.0000000000
70951  7.971  -13.842  65.475 0.0000000000
72220  7.926  -12.276  65.775 0.0000000000
56416  6.874  -23.742  65.677 0.0000000000
56426  6.366  -24.527  65.418 0.0000000000
55093  5.832  -25.504  65.319 0.0000000000
57744  5.320  -24.425  64.500 0.0000000000
61381  6.553  -21.518  61.834 0.0000000000
63846  6.941  -19.189  62.658 0.0000000000
63858  6.649  -18.259  61.613 0.0000000000
63857  6.730  -18.912  61.679 0.0000000000
65088  6.643  -18.784  61.080 0.0000000000
66302  6.666  -18.398  60.698 0.0000000000
72304  5.654  -12.952  59.485 0.0000000000
71039  5.723  -13.899  59.066 0.0000000000
71052  5.544  -13.430  59.036 0.0000000000
69846  4.770  -14.215  57.364 0.0000000000
68630  5.217  -14.560  56.990 0.0000000000
67527  5.680  -14.908  56.502 0.0000000000
68637  5.412  -14.561  56.091 0.0000000000
67540  5.715  -15.084  55.537 0.0000000000
72351  5.184  -12.967  55.472 0.0000000000
69859  5.282  -13.707  55.209 0.0000000000
71089  5.300  -13.231  54.916 0.0000000000
69867  5.194  -13.828  54.303 0.0000000000
71096  5.098  -13.133  54.046 0.0000000000
74919  10.597  -10.914  55.408 0.0000000000
74942  9.906  -11.002  54.576 0.0000000000
74963  9.201  -11.083  54.067 0.0000000000
74962  9.705  -11.205  54.146 0.0000000000
60085  6.492  -22.091  67.636 0.0000000000
61308  6.819  -21.623  67.680 0.0000000000
63805  8.353  -19.567  68.170 0.0000000000
62576  7.326  -20.269  67.970 0.0000000000
65022  7.715  -18.965  67.885 0.0000000000
66206  8.609  -18.351  67.619 0.0000000000
65032  10.180  -18.791  67.435 0.0000000000
65019  9.566  -19.196  67.743 0.0000000000
66217  9.958  -18.172  67.153 0.0000000000
66235  9.095  -17.297  66.996 0.0000000000
67398  9.089  -16.831  66.266 0.0000000000
68504  8.695  -16.159  65.873 0.0000000000
68503  8.930  -16.422  65.897 0.0000000000
61347  16.150  -19.889  63.361 0.0000000000
61322  15.285  -20.814  65.652 0.0000000000
61332  14.648  -20.878  65.439 0.0000000000
60104  13.424  -20.219  63.476 0.0000000000
60112  13.472  -19.991  62.969 0.0000000000
58927  10.776  -21.458  63.036 0.0000000000
58914  9.845  -22.329  64.901 0.0000000000
57741  9.293  -22.695  64.720 0.0000000000
57742  8.484  -23.313  64.205 0.0000000000
60090  10.665  -21.515  66.615 0.0000000000
58901  8.832  -22.037  66.444 0.0000000000
57731  8.536  -22.455  65.946 0.0000000000
58902  8.290  -22.332  66.308 0.0000000000
57732  7.705  -22.967  66.065 0.0000000000
58896  6.715  -22.440  67.160 0.0000000000
58903  6.306  -22.750  66.883 0.0000000000
69756  4.479  -14.371  64.587 0.0000000000
72247  5.007  -12.810  63.706 0.0000000000
72248  4.632  -13.124  63.293 0.0000000000
72260  5.144  -12.739  63.011 0.0000000000
76120  6.670  -9.313  63.854 0.0000000000
76115  6.488  -9.919  64.065 0.0000000000
76121  6.538  -9.594  63.520 0.0000000000
76126  6.619  -10.079  62.671 0.0000000000
74803  6.390  -11.477  62.232 0.0000000000
73534  6.151  -11.938  62.073 0.0000000000
73547  6.186  -11.769  61.548 0.0000000000
74813  6.470  -11.207  61.738 0.0000000000
76161  6.368  -10.308  60.188 0.0000000000
76183  6.181  -11.323  59.274 0.0000000000
66227  15.913  -17.756  65.190 0.0000000000
63866  21.688  -18.047  60.779 0.0000000000
62645  21.154  -18.306  60.339 0.0000000000
62631  21.411  -18.470  61.385 0.0000000000
66261  23.086  -17.322  63.225 0.0000000000
67438  24.149  -16.468  63.102 0.0000000000
66270  23.619  -16.899  62.700 0.0000000000
66279  23.937  -16.534  62.212 0.0000000000
65079  22.920  -17.671  62.203 0.0000000000
65087  22.875  -17.602  61.798 0.0000000000
62611  21.857  -18.756  62.321 0.0000000000
62612  21.440  -18.875  62.281 0.0000000000
62603  20.512  -19.130  62.477 0.0000000000
63826  20.316  -18.732  63.974 0.0000000000
62586  18.654  -18.976  64.371 0.0000000000
63822  18.676  -18.884  64.747 0.0000000000
65050  19.126  -17.924  65.424 0.0000000000
65040  18.430  -18.491  65.649 0.0000000000
63819  18.088  -18.915  65.137 0.0000000000
65023  17.709  -18.661  65.621 0.0000000000
63808  17.023  -18.934  65.676 0.0000000000
67387  16.897  -17.612  65.340 0.0000000000
65026  15.740  -19.034  65.923 0.0000000000
55164  3.007  -26.847  60.165 0.0000000000
60125  5.207  -23.720  62.162 0.0000000000
58925  5.229  -23.854  63.601 0.0000000000
60108  5.232  -23.782  63.328 0.0000000000
62615  6.600  -21.471  63.092 0.0000000000
62606  6.867  -20.859  63.932 0.0000000000
63839  6.979  -19.510  64.241 0.0000000000
66259  4.765  -17.435  65.019 0.0000000000
62585  6.223  -20.415  67.432 0.0000000000
62595  6.002  -20.112  66.183 0.0000000000
68496  7.600  -15.606  66.260 0.0000000000
67390  7.231  -16.351  66.538 0.0000000000
67391  6.734  -16.226  66.388 0.0000000000
66238  6.154  -16.563  66.513 0.0000000000
66237  5.826  -17.124  66.588 0.0000000000
65057  5.561  -17.918  66.469 0.0000000000
68514  5.341  -15.416  65.780 0.0000000000
68515  4.771  -15.825  65.524 0.0000000000
68528  4.490  -15.479  64.926 0.0000000000
72229  5.855  -12.615  65.976 0.0000000000
73492  5.894  -11.636  65.548 0.0000000000
61375  17.155  -19.478  61.603 0.0000000000
55135  7.554  -24.937  62.691 0.0000000000
55106  6.702  -25.755  64.537 0.0000000000
53848  6.708  -26.198  64.336 0.0000000000
55148  3.119  -26.942  61.089 0.0000000000
58971  3.508  -23.954  58.430 0.0000000000
60188  4.384  -23.443  57.519 0.0000000000
61422  6.115  -22.467  60.234 0.0000000000
61421  6.681  -21.958  59.620 0.0000000000
61436  6.235  -21.729  58.293 0.0000000000
61438  4.937  -22.857  57.529 0.0000000000
63924  7.072  -20.085  56.704 0.0000000000
62679  6.109  -20.871  56.285 0.0000000000
62687  6.973  -20.469  55.563 0.0000000000
62688  6.062  -21.198  55.416 0.0000000000
67447  4.793  -15.923  62.535 0.0000000000
66304  5.840  -16.188  60.175 0.0000000000
66303  6.313  -16.617  60.769 0.0000000000
65115  6.315  -17.083  59.860 0.0000000000
65114  6.632  -17.470  60.009 0.0000000000
66318  6.457  -17.126  59.451 0.0000000000
68606  5.847  -14.979  58.599 0.0000000000
67488  5.636  -15.762  59.130 0.0000000000
66337  5.575  -15.894  58.815 0.0000000000
66351  7.067  -16.873  57.850 0.0000000000
66350  7.881  -17.182  58.199 0.0000000000
66363  8.750  -17.351  57.377 0.0000000000
67537  8.870  -16.862  56.719 0.0000000000
65178  8.780  -18.491  54.699 0.0000000000
65167  9.004  -18.370  55.717 0.0000000000
63946  8.231  -19.908  54.935 0.0000000000
62703  8.128  -20.760  53.555 0.0000000000
63952  8.552  -19.606  53.536 0.0000000000
66420  7.796  -17.728  52.864 0.0000000000
66396  5.890  -15.885  54.215 0.0000000000
65194  5.731  -17.562  51.503 0.0000000000
65202  5.989  -18.308  50.990 0.0000000000
79717  9.957  -6.401  62.727 0.0000000000
78584  8.467  -7.971  62.781 0.0000000000
78591  7.305  -8.726  61.986 0.0000000000
77371  8.235  -8.402  62.264 0.0000000000
76142  7.926  -9.480  60.536 0.0000000000
76159  7.443  -9.721  59.714 0.0000000000
76181  6.445  -10.396  58.929 0.0000000000
76176  11.170  -9.931  58.795 0.0000000000
76155  11.648  -9.351  59.687 0.0000000000
76156  10.607  -9.774  59.734 0.0000000000
74833  10.197  -9.809  60.055 0.0000000000
74872  7.408  -10.701  56.851 0.0000000000
76199  6.728  -10.878  57.941 0.0000000000
76216  6.289  -10.717  56.692 0.0000000000
76218  5.129  -10.883  56.265 0.0000000000
74967  5.438  -11.442  54.494 0.0000000000
74968  5.208  -11.572  54.695 0.0000000000
73654  5.300  -12.180  53.841 0.0000000000
72374  4.541  -13.003  52.991 0.0000000000
72392  4.691  -12.874  52.820 0.0000000000
73651  6.737  -11.468  53.605 0.0000000000
63814  11.933  -19.323  67.200 0.0000000000
66214  12.537  -18.931  66.654 0.0000000000
65045  13.084  -18.532  65.969 0.0000000000
62572  14.850  -20.214  66.435 0.0000000000
62573  14.017  -20.051  66.712 0.0000000000
62559  13.376  -20.013  66.822 0.0000000000
61288  12.875  -20.356  66.846 0.0000000000
61289  12.289  -20.488  66.893 0.0000000000
63799  12.661  -19.780  66.973 0.0000000000
60252  7.496  -22.970  53.047 0.0000000000
61480  8.267  -21.340  52.920 0.0000000000
58910  5.756  -22.958  65.454 0.0000000000
56417  6.390  -23.959  66.036 0.0000000000
56427  5.923  -24.620  65.726 0.0000000000
56428  5.759  -25.156  65.343 0.0000000000
55094  5.648  -25.418  65.169 0.0000000000
56441  5.584  -24.930  65.022 0.0000000000
65081  6.468  -17.827  62.834 0.0000000000
66293  6.213  -16.785  61.950 0.0000000000
72318  5.305  -12.998  58.673 0.0000000000
72331  4.835  -12.835  57.923 0.0000000000
72332  4.356  -13.031  57.363 0.0000000000
71075  4.339  -13.641  56.883 0.0000000000
72344  4.502  -12.889  56.531 0.0000000000
72352  4.909  -12.547  55.711 0.0000000000
73621  4.768  -11.973  55.478 0.0000000000
61307  7.539  -21.065  67.839 0.0000000000
61295  8.150  -20.656  68.089 0.0000000000
67397  9.650  -17.323  66.157 0.0000000000
67408  9.679  -16.857  65.411 0.0000000000
68511  9.415  -16.404  65.192 0.0000000000
68525  9.764  -16.120  64.724 0.0000000000
61327  18.219  -19.223  63.435 0.0000000000
61336  17.602  -19.287  63.157 0.0000000000
61328  17.260  -19.258  63.783 0.0000000000
61338  16.193  -20.400  64.014 0.0000000000
60097  13.534  -20.935  65.505 0.0000000000
60101  11.887  -20.903  64.473 0.0000000000
58913  10.334  -22.062  64.867 0.0000000000
61305  10.238  -20.948  67.343 0.0000000000
58892  9.720  -21.460  67.045 0.0000000000
60081  9.584  -21.371  67.602 0.0000000000
60083  8.002  -21.554  67.461 0.0000000000
72234  4.955  -12.542  65.284 0.0000000000
70979  4.500  -13.500  64.258 0.0000000000
73509  5.794  -12.108  64.063 0.0000000000
78573  6.751  -8.329  63.658 0.0000000000
77364  6.555  -8.920  63.109 0.0000000000
77372  6.629  -9.162  62.590 0.0000000000
74812  6.509  -10.855  61.632 0.0000000000
77382  6.893  -9.590  61.977 0.0000000000
76134  6.585  -9.769  61.653 0.0000000000
77388  6.866  -9.725  61.552 0.0000000000
63865  22.154  -18.010  61.434 0.0000000000
62598  20.708  -19.109  63.288 0.0000000000
56507  3.813  -25.453  60.810 0.0000000000
58929  4.965  -24.295  62.489 0.0000000000
60103  5.729  -22.848  64.541 0.0000000000
65066  5.537  -18.179  65.474 0.0000000000
63816  7.193  -19.502  67.751 0.0000000000
63820  6.605  -19.733  67.488 0.0000000000
63817  6.769  -18.978  67.393 0.0000000000
68498  6.672  -15.549  66.169 0.0000000000
67402  6.169  -16.157  66.312 0.0000000000
67401  5.768  -16.255  66.264 0.0000000000
68506  5.807  -15.554  66.079 0.0000000000
69734  5.456  -14.381  65.850 0.0000000000
69744  5.169  -14.662  65.493 0.0000000000
56453  8.152  -23.822  63.317 0.0000000000
55115  7.678  -24.492  63.148 0.0000000000
55116  7.338  -25.125  63.529 0.0000000000
53883  3.537  -27.365  63.266 0.0000000000
55138  3.221  -26.965  61.988 0.0000000000
61396  7.968  -20.893  60.146 0.0000000000
61420  7.664  -21.355  59.641 0.0000000000
62659  6.933  -20.841  57.932 0.0000000000
62660  6.334  -20.986  57.483 0.0000000000
62669  7.400  -20.349  57.540 0.0000000000
63911  7.346  -20.053  57.080 0.0000000000
63923  7.653  -19.840  56.582 0.0000000000
67459  5.422  -15.708  61.778 0.0000000000
67458  5.435  -15.294  61.393 0.0000000000
67471  5.860  -15.643  60.788 0.0000000000
67476  5.663  -15.938  59.846 0.0000000000
67512  5.916  -15.300  57.763 0.0000000000
67499  5.802  -15.692  58.273 0.0000000000
66353  6.167  -15.735  57.477 0.0000000000
66365  7.232  -16.470  56.785 0.0000000000
67538  8.803  -16.693  56.351 0.0000000000
66378  8.276  -16.538  55.977 0.0000000000
66406  8.647  -18.026  54.254 0.0000000000
65187  8.659  -18.567  53.686 0.0000000000
66407  8.268  -17.650  53.757 0.0000000000
66421  6.946  -17.342  52.534 0.0000000000
67559  5.531  -15.566  53.689 0.0000000000
66411  5.581  -16.051  53.348 0.0000000000
67570  5.359  -15.657  52.667 0.0000000000
65195  5.346  -17.244  50.933 0.0000000000
79716  10.539  -6.427  62.110 0.0000000000
77378  8.651  -8.853  61.928 0.0000000000
77377  9.588  -8.760  61.972 0.0000000000
76131  9.206  -9.267  61.383 0.0000000000
76141  8.859  -9.557  60.596 0.0000000000
76195  9.894  -10.141  57.969 0.0000000000
76196  9.356  -10.300  57.995 0.0000000000
74870  8.882  -10.821  57.261 0.0000000000
74897  7.572  -10.660  56.354 0.0000000000
76235  6.482  -10.421  55.735 0.0000000000
76257  5.393  -10.643  55.157 0.0000000000
76256  6.032  -10.529  54.943 0.0000000000
74966  6.022  -10.990  54.109 0.0000000000
62564  9.891  -20.392  68.016 0.0000000000
65018  10.296  -19.377  67.669 0.0000000000
66215  11.771  -18.744  66.967 0.0000000000
61296  16.818  -19.640  65.172 0.0000000000
61310  16.608  -19.993  65.162 0.0000000000
61312  14.924  -20.683  66.056 0.0000000000
60087  13.065  -22.157  66.376 0.0000000000
60094  12.089  -22.417  66.152 0.0000000000
60088  12.073  -22.582  66.853 0.0000000000
60079  11.457  -21.612  67.059 0.0000000000
61304  10.936  -21.076  67.085 0.0000000000
61290  11.511  -20.774  67.071 0.0000000000
76110  7.117  -9.704  65.174 0.0000000000
76109  6.839  -9.750  64.764 0.0000000000
77352  7.257  -8.913  64.528 0.0000000000
77351  7.262  -8.309  64.449 0.0000000000
77357  7.054  -8.294  64.271 0.0000000000
80807  8.146  -6.801  65.077 0.0000000000
78572  7.037  -7.812  63.926 0.0000000000
78577  7.165  -7.670  63.414 0.0000000000
79710  7.667  -7.537  63.315 0.0000000000
57752  4.802  -25.013  62.839 0.0000000000
67400  8.461  -16.815  66.766 0.0000000000
68495  7.955  -15.689  66.328 0.0000000000
69718  7.428  -14.704  66.034 0.0000000000
70953  7.129  -13.684  66.104 0.0000000000
72222  6.832  -12.701  66.025 0.0000000000
56424  7.493  -23.889  64.872 0.0000000000
55107  6.340  -26.085  65.080 0.0000000000
53850  6.028  -26.843  65.006 0.0000000000
53868  5.001  -27.289  64.274 0.0000000000
53869  4.231  -27.198  63.867 0.0000000000
55110  4.825  -26.232  64.082 0.0000000000
55118  4.285  -26.385  63.581 0.0000000000
61382  5.963  -22.341  61.877 0.0000000000
61399  6.009  -22.469  61.031 0.0000000000
61380  7.165  -21.159  61.478 0.0000000000
62624  7.394  -20.308  61.165 0.0000000000
63868  7.411  -19.563  60.709 0.0000000000
63867  7.836  -19.552  60.217 0.0000000000
65112  7.878  -18.577  59.881 0.0000000000
71029  5.650  -13.462  60.503 0.0000000000
69815  5.702  -14.230  60.433 0.0000000000
69828  5.866  -14.224  59.574 0.0000000000
69829  5.824  -14.485  58.918 0.0000000000
69840  5.208  -14.291  58.096 0.0000000000
67513  5.664  -14.893  57.445 0.0000000000
66381  6.233  -15.678  55.120 0.0000000000
67551  5.937  -15.465  55.035 0.0000000000
67552  5.714  -15.390  54.528 0.0000000000
69860  5.257  -14.151  55.656 0.0000000000
68652  5.519  -15.004  54.202 0.0000000000
68651  5.269  -14.540  53.780 0.0000000000
68658  5.175  -14.763  52.959 0.0000000000
69884  4.856  -14.549  52.353 0.0000000000
74964  8.178  -10.970  54.078 0.0000000000
73648  9.802  -11.581  53.790 0.0000000000
61473  6.379  -22.122  54.312 0.0000000000
58904  6.014  -22.893  66.845 0.0000000000
60095  5.808  -22.211  66.728 0.0000000000
61316  6.973  -20.780  67.838 0.0000000000
65035  8.001  -18.486  67.710 0.0000000000
65034  9.022  -18.268  67.558 0.0000000000
66219  8.879  -17.773  67.366 0.0000000000
66236  8.754  -17.246  67.062 0.0000000000
69732  9.116  -15.456  64.754 0.0000000000
61357  18.831  -19.586  61.993 0.0000000000
61358  18.067  -19.543  62.175 0.0000000000
61359  17.170  -19.441  62.368 0.0000000000
61346  16.839  -19.397  62.886 0.0000000000
61360  16.183  -19.492  62.626 0.0000000000
61378  14.280  -19.642  62.093 0.0000000000
61339  15.409  -20.801  64.388 0.0000000000
61340  14.494  -20.731  64.860 0.0000000000
61362  14.171  -19.910  63.050 0.0000000000
61363  13.494  -19.927  62.695 0.0000000000
61379  13.485  -19.875  62.186 0.0000000000
60106  11.385  -20.961  63.667 0.0000000000
57748  8.419  -23.525  63.683 0.0000000000
58899  10.996  -21.642  66.359 0.0000000000
57736  9.140  -22.340  65.603 0.0000000000
56415  7.336  -23.671  65.420 0.0000000000
57728  7.126  -22.679  66.629 0.0000000000
57734  6.266  -23.353  66.482 0.0000000000
67424  4.135  -16.345  64.066 0.0000000000
68543  3.978  -15.353  63.739 0.0000000000
68556  4.182  -15.257  62.766 0.0000000000
70980  4.339  -13.563  63.551 0.0000000000
69769  3.989  -14.329  63.166 0.0000000000
69787  4.525  -14.258  62.161 0.0000000000
69803  5.013  -13.543  61.794 0.0000000000
74787  6.378  -10.580  64.380 0.0000000000
74788  6.253  -11.144  64.115 0.0000000000
74792  6.394  -11.245  63.303 0.0000000000
73521  5.816  -12.290  63.334 0.0000000000
73522  6.029  -12.204  62.674 0.0000000000
71019  5.419  -12.827  61.832 0.0000000000
73546  5.785  -12.330  61.021 0.0000000000
73558  5.936  -12.154  60.745 0.0000000000
74823  6.278  -11.089  60.827 0.0000000000
74835  6.176  -11.469  59.891 0.0000000000
74854  6.225  -12.021  58.877 0.0000000000
77417  6.093  -11.222  59.216 0.0000000000
76200  6.336  -11.275  58.424 0.0000000000
66212  14.309  -18.748  66.041 0.0000000000
66228  15.027  -18.117  65.290 0.0000000000
61355  20.143  -19.113  61.696 0.0000000000
63864  22.510  -17.990  61.880 0.0000000000
63855  22.302  -18.669  61.849 0.0000000000
63844  22.435  -18.251  62.292 0.0000000000
62622  21.303  -18.797  61.761 0.0000000000
62613  20.750  -18.977  62.056 0.0000000000
61343  19.506  -19.351  62.257 0.0000000000
61326  18.986  -19.394  63.102 0.0000000000
62594  18.311  -19.080  63.906 0.0000000000
62577  17.543  -19.181  64.896 0.0000000000
65062  19.984  -18.086  64.587 0.0000000000
65049  19.089  -18.483  65.087 0.0000000000
63818  18.486  -18.933  64.990 0.0000000000
62578  17.075  -19.446  65.018 0.0000000000
62569  16.949  -19.262  65.405 0.0000000000
62570  16.116  -19.146  65.928 0.0000000000
63809  16.373  -19.001  65.917 0.0000000000
57764  3.795  -24.612  60.188 0.0000000000
60124  5.613  -23.105  61.967 0.0000000000
63838  7.150  -19.820  63.580 0.0000000000
65073  6.868  -19.104  63.927 0.0000000000
66260  4.374  -17.049  64.389 0.0000000000
65038  6.426  -17.347  66.787 0.0000000000
66223  6.422  -16.718  66.606 0.0000000000
63825  5.888  -18.824  65.802 0.0000000000
68529  4.118  -15.776  64.394 0.0000000000
69735  5.122  -14.028  65.641 0.0000000000
70964  4.962  -13.363  65.529 0.0000000000
73493  5.368  -12.085  65.413 0.0000000000
73478  6.812  -12.107  66.066 0.0000000000
74759  6.827  -10.974  66.132 0.0000000000
77345  7.766  -9.168  65.299 0.0000000000
66229  13.986  -18.837  66.061 0.0000000000
61391  17.144  -19.410  60.764 0.0000000000
60131  16.736  -19.250  60.052 0.0000000000
61392  15.993  -19.054  60.685 0.0000000000
55117  6.940  -25.782  63.973 0.0000000000
53880  6.649  -26.610  62.896 0.0000000000
57788  2.870  -24.422  58.533 0.0000000000
60172  5.610  -22.561  58.868 0.0000000000
60171  6.111  -22.265  59.040 0.0000000000
61449  4.882  -22.878  56.771 0.0000000000
62671  6.283  -20.773  56.906 0.0000000000
66274  4.912  -16.725  62.960 0.0000000000
65099  6.665  -18.005  60.662 0.0000000000
65113  7.089  -18.016  60.107 0.0000000000
65129  8.241  -18.144  59.404 0.0000000000
68597  5.881  -15.350  59.672 0.0000000000
66336  5.813  -16.259  58.604 0.0000000000
66334  7.044  -17.168  58.854 0.0000000000
66333  7.866  -17.639  59.272 0.0000000000
65128  8.507  -18.574  59.028 0.0000000000
65142  8.836  -18.442  57.979 0.0000000000
63922  8.520  -19.290  56.429 0.0000000000
63935  7.862  -19.876  55.759 0.0000000000
62686  7.706  -20.185  55.235 0.0000000000
62694  7.716  -20.439  54.669 0.0000000000
62704  7.342  -21.414  53.860 0.0000000000
66409  6.529  -16.751  53.418 0.0000000000
66422  6.068  -17.179  52.475 0.0000000000
65200  7.275  -18.824  51.233 0.0000000000
80810  8.762  -5.420  64.067 0.0000000000
80817  8.448  -6.765  63.701 0.0000000000
80821  9.097  -6.446  63.361 0.0000000000
79719  7.955  -7.674  62.979 0.0000000000
77380  7.219  -9.240  61.727 0.0000000000
76133  7.645  -9.313  61.257 0.0000000000
76143  7.170  -9.687  60.830 0.0000000000
74853  6.385  -11.291  57.959 0.0000000000
76157  9.659  -9.893  59.879 0.0000000000
76179  7.867  -10.035  58.728 0.0000000000
73594  6.044  -11.154  57.504 0.0000000000
74900  4.930  -11.382  56.378 0.0000000000
74901  4.646  -11.718  55.873 0.0000000000
74924  4.784  -11.577  55.435 0.0000000000
74947  4.977  -10.994  54.888 0.0000000000
74948  5.011  -11.551  54.898 0.0000000000
72372  4.981  -12.782  54.509 0.0000000000
71097  4.629  -13.267  53.172 0.0000000000
69885  4.567  -14.089  52.286 0.0000000000
74965  7.071  -10.694  54.103 0.0000000000
73652  6.194  -11.889  53.765 0.0000000000
71108  4.325  -12.896  52.072 0.0000000000
69894  4.768  -14.472  51.578 0.0000000000
57740  9.832  -22.431  64.674 0.0000000000
58898  11.437  -22.169  66.575 0.0000000000
60069  12.969  -20.559  66.768 0.0000000000
60076  13.035  -20.773  66.677 0.0000000000
60077  12.744  -21.008  66.898 0.0000000000
60086  13.458  -21.698  66.256 0.0000000000
60231  6.930  -22.823  53.585 0.0000000000
61298  16.005  -19.750  65.866 0.0000000000
61303  11.385  -21.226  67.078 0.0000000000
61309  17.046  -20.088  65.238 0.0000000000
61315  13.023  -22.500  66.891 0.0000000000
61419  8.105  -20.811  59.599 0.0000000000
61472  6.986  -21.684  54.012 0.0000000000
62558  13.924  -20.124  66.667 0.0000000000
62560  12.708  -20.239  66.951 0.0000000000
62568  17.434  -19.109  65.172 0.0000000000
62574  13.439  -21.822  67.199 0.0000000000
62575  13.100  -21.889  67.439 0.0000000000
62579  17.006  -19.671  65.010 0.0000000000
62582  13.438  -22.225  66.936 0.0000000000
62583  13.181  -22.222  67.255 0.0000000000
62588  17.066  -19.442  64.741 0.0000000000
62634  7.767  -20.319  60.540 0.0000000000
62648  8.385  -20.222  59.135 0.0000000000
62657  8.442  -19.968  58.525 0.0000000000
62678  6.672  -20.383  56.472 0.0000000000
63823  18.277  -18.944  64.820 0.0000000000
63881  8.514  -19.411  59.119 0.0000000000
63910  8.021  -19.865  57.343 0.0000000000
63962  7.581  -18.954  51.406 0.0000000000
65021  8.219  -18.880  67.956 0.0000000000
65089  6.596  -18.332  61.209 0.0000000000
65097  7.500  -19.113  60.345 0.0000000000
65188  8.406  -18.143  53.301 0.0000000000
65191  8.304  -18.537  52.770 0.0000000000
65212  6.182  -18.875  50.606 0.0000000000
66224  18.052  -18.114  66.078 0.0000000000
66291  6.516  -18.536  61.063 0.0000000000
66292  6.537  -18.349  60.907 0.0000000000
66301  6.610  -18.584  60.840 0.0000000000
66316  7.482  -17.874  59.793 0.0000000000
66332  8.362  -17.984  59.110 0.0000000000
66377  9.143  -17.251  56.229 0.0000000000
67437  24.312  -16.147  62.559 0.0000000000
67452  24.317  -15.953  61.712 0.0000000000
67467  24.493  -15.912  61.274 0.0000000000
67470  5.738  -15.362  61.035 0.0000000000
67524  8.600  -16.810  56.976 0.0000000000
67525  8.538  -16.658  56.615 0.0000000000
67569  5.292  -15.469  52.420 0.0000000000
68512  9.018  -16.161  65.403 0.0000000000
68572  5.005  -14.774  61.616 0.0000000000
68596  5.820  -14.926  60.188 0.0000000000
68659  5.407  -15.164  53.353 0.0000000000
69728  6.169  -14.662  66.182 0.0000000000
69875  4.559  -14.103  53.067 0.0000000000
69876  4.310  -13.720  52.754 0.0000000000
69886  4.331  -13.960  52.477 0.0000000000
69895  4.502  -14.015  52.062 0.0000000000
71017  5.587  -13.055  61.006 0.0000000000
71028  5.630  -13.059  60.758 0.0000000000
71038  5.742  -13.546  59.780 0.0000000000
71065  4.613  -13.733  57.714 0.0000000000
71082  5.221  -13.297  55.444 0.0000000000
71098  4.342  -13.369  52.935 0.0000000000
71109  4.452  -13.374  52.383 0.0000000000
72273  5.593  -12.515  62.336 0.0000000000
72281  5.676  -12.728  60.956 0.0000000000
72282  5.773  -12.403  61.308 0.0000000000
72292  5.696  -12.764  60.495 0.0000000000
72293  5.909  -12.159  61.026 0.0000000000
72294  6.017  -12.003  61.413 0.0000000000
72303  5.715  -12.925  59.967 0.0000000000
72360  4.890  -12.347  55.122 0.0000000000
73545  5.776  -12.434  60.721 0.0000000000
73557  5.830  -12.491  60.246 0.0000000000
73559  6.093  -11.769  61.030 0.0000000000
73566  5.805  -12.632  59.840 0.0000000000
73568  6.109  -11.903  60.531 0.0000000000
73581  6.261  -11.143  57.631 0.0000000000
73582  6.110  -11.273  57.627 0.0000000000
73593  6.145  -11.091  57.529 0.0000000000
73633  9.950  -11.251  54.161 0.0000000000
73634  5.070  -11.989  54.776 0.0000000000
73653  5.896  -11.871  53.876 0.0000000000
73672  4.948  -12.687  53.478 0.0000000000
74777  6.650  -10.009  64.667 0.0000000000
74786  6.544  -10.147  64.490 0.0000000000
74821  10.461  -9.631  60.206 0.0000000000
74822  10.168  -9.703  60.311 0.0000000000
74834  9.967  -9.853  60.106 0.0000000000
74836  6.187  -11.604  60.537 0.0000000000
74850  10.674  -10.322  58.019 0.0000000000
74851  10.165  -10.166  57.982 0.0000000000
74852  6.606  -10.873  57.915 0.0000000000
74873  6.044  -10.995  57.353 0.0000000000
74899  5.453  -10.975  56.749 0.0000000000
74945  7.093  -10.507  54.568 0.0000000000
76116  6.417  -10.334  63.877 0.0000000000
76135  6.817  -10.025  61.789 0.0000000000
76182  6.337  -10.910  58.617 0.0000000000
76197  8.368  -10.463  57.929 0.0000000000
76201  6.120  -11.853  58.574 0.0000000000
76215  7.015  -10.503  56.471 0.0000000000
76217  5.507  -10.750  56.284 0.0000000000
76237  5.059  -10.758  55.712 0.0000000000
76254  7.344  -10.502  55.302 0.0000000000
76269  6.539  -10.519  54.477 0.0000000000
77353  7.611  -8.978  64.941 0.0000000000
77358  6.858  -8.699  63.995 0.0000000000
77369  9.939  -8.123  62.350 0.0000000000
77389  6.510  -9.714  61.755 0.0000000000
77393  6.685  -9.884  59.579 0.0000000000
77394  6.349  -10.263  59.662 0.0000000000
77395  6.217  -10.560  59.676 0.0000000000
77404  6.349  -10.285  59.364 0.0000000000
77406  5.921  -11.179  59.239 0.0000000000
77416  6.069  -11.186  58.927 0.0000000000
78567  7.414  -7.881  64.380 0.0000000000
78568  7.594  -8.198  64.602 0.0000000000
78569  7.772  -8.465  64.808 0.0000000000
78593  6.767  -8.990  62.083 0.0000000000
79695  8.103  -8.207  64.928 0.0000000000
79712  6.729  -7.864  63.142 0.0000000000
79721  6.843  -8.170  62.722 0.0000000000
