#!ascii label  , from subject sub.01.bl.02 vox2ras=TkReg
1445
51471  11.454  -29.479  59.554 0.0000000000
72712  41.322  -12.395  31.815 0.0000000000
54057  30.143  -27.534  50.327 0.0000000000
55260  40.415  -26.832  52.094 0.0000000000
55302  21.371  -26.101  50.056 0.0000000000
55154  19.497  -26.403  60.246 0.0000000000
80130  48.659  -6.303  25.193 0.0000000000
78876  47.782  -7.339  32.732 0.0000000000
65288  38.959  -18.713  41.729 0.0000000000
83480  50.880  -3.269  19.142 0.0000000000
51520  29.450  -29.993  56.406 0.0000000000
55158  15.092  -26.650  60.182 0.0000000000
81135  47.721  -5.958  28.306 0.0000000000
77772  44.523  -9.130  28.650 0.0000000000
71332  43.102  -14.141  37.152 0.0000000000
73840  46.756  -12.072  37.065 0.0000000000
70102  38.678  -15.597  37.528 0.0000000000
55367  36.208  -26.111  46.195 0.0000000000
52859  35.386  -29.370  51.243 0.0000000000
53944  24.707  -27.467  56.476 0.0000000000
56482  23.439  -26.459  60.252 0.0000000000
56581  20.116  -26.208  54.947 0.0000000000
53959  16.198  -28.177  55.134 0.0000000000
54077  25.962  -27.576  49.656 0.0000000000
82243  52.650  -4.487  24.562 0.0000000000
83368  51.847  -3.321  29.475 0.0000000000
75264  45.657  -11.357  31.697 0.0000000000
71230  40.675  -14.562  43.629 0.0000000000
59160  40.913  -23.795  46.623 0.0000000000
81208  48.633  -5.313  21.600 0.0000000000
81212  54.632  -5.253  20.892 0.0000000000
82342  55.855  -4.364  16.697 0.0000000000
52723  29.638  -28.786  59.389 0.0000000000
53916  13.138  -28.238  59.962 0.0000000000
55133  14.402  -26.859  62.127 0.0000000000
53889  12.982  -28.005  63.152 0.0000000000
76595  44.997  -9.163  26.368 0.0000000000
71290  43.286  -13.967  39.650 0.0000000000
72558  45.433  -13.177  40.185 0.0000000000
48973  7.807  -32.125  62.982 0.0000000000
68911  38.160  -15.379  34.031 0.0000000000
54111  30.062  -27.452  47.382 0.0000000000
54091  33.376  -28.006  48.301 0.0000000000
52876  32.416  -28.531  50.908 0.0000000000
55247  23.162  -26.788  53.844 0.0000000000
56578  22.410  -26.005  55.701 0.0000000000
56636  20.642  -26.254  52.253 0.0000000000
54064  23.475  -27.195  50.329 0.0000000000
53995  25.426  -28.650  54.014 0.0000000000
56498  21.947  -25.736  60.519 0.0000000000
82232  50.968  -4.945  25.025 0.0000000000
82224  52.738  -3.950  27.281 0.0000000000
81132  50.837  -5.346  27.139 0.0000000000
80071  47.284  -6.182  29.852 0.0000000000
82177  48.746  -4.380  30.798 0.0000000000
75297  39.971  -10.970  30.051 0.0000000000
76533  42.266  -10.273  30.022 0.0000000000
72710  43.634  -12.203  31.987 0.0000000000
67678  36.799  -16.121  40.356 0.0000000000
71267  37.018  -14.366  40.853 0.0000000000
68780  39.669  -16.205  42.566 0.0000000000
55311  38.082  -26.232  49.169 0.0000000000
56724  38.710  -25.523  47.025 0.0000000000
56681  41.177  -25.464  49.613 0.0000000000
81186  47.086  -5.605  23.762 0.0000000000
82282  47.214  -4.699  21.564 0.0000000000
82257  48.720  -4.942  23.734 0.0000000000
82255  50.329  -4.019  23.294 0.0000000000
81280  53.406  -5.351  15.350 0.0000000000
80215  53.236  -6.308  17.156 0.0000000000
81235  55.153  -5.027  19.078 0.0000000000
80171  51.805  -6.244  19.511 0.0000000000
52847  30.058  -28.590  52.755 0.0000000000
52845  32.754  -28.770  52.822 0.0000000000
51543  31.888  -29.991  55.723 0.0000000000
55173  16.992  -26.637  59.407 0.0000000000
56474  18.824  -25.673  62.859 0.0000000000
56491  16.487  -25.822  62.496 0.0000000000
78972  46.845  -7.063  24.867 0.0000000000
78929  49.179  -7.043  26.627 0.0000000000
77811  47.259  -8.462  26.395 0.0000000000
77770  46.209  -8.041  28.503 0.0000000000
78905  46.202  -7.650  30.117 0.0000000000
71378  41.822  -13.552  33.712 0.0000000000
72679  43.673  -12.973  33.797 0.0000000000
72619  44.818  -13.147  36.816 0.0000000000
62870  37.431  -20.414  40.891 0.0000000000
57881  42.595  -25.444  52.308 0.0000000000
50227  9.892  -30.585  59.783 0.0000000000
51417  11.665  -29.889  62.520 0.0000000000
50169  9.668  -31.060  63.253 0.0000000000
71416  39.281  -13.475  31.661 0.0000000000
70149  40.491  -14.608  34.528 0.0000000000
70114  40.690  -15.036  36.900 0.0000000000
71293  41.055  -13.981  39.983 0.0000000000
55370  33.201  -26.403  45.891 0.0000000000
54088  35.753  -27.344  48.671 0.0000000000
52870  38.279  -28.078  50.830 0.0000000000
52808  35.454  -29.261  54.095 0.0000000000
51574  37.468  -29.868  53.294 0.0000000000
55183  27.199  -27.262  58.813 0.0000000000
53905  26.008  -27.798  59.764 0.0000000000
56529  24.758  -26.227  58.380 0.0000000000
56532  22.407  -26.014  58.570 0.0000000000
55199  19.516  -26.681  57.517 0.0000000000
55265  18.904  -27.267  52.683 0.0000000000
53957  17.979  -27.688  54.985 0.0000000000
55201  17.196  -27.424  57.091 0.0000000000
55203  15.147  -27.378  57.472 0.0000000000
53937  13.392  -27.960  57.462 0.0000000000
52776  11.258  -28.744  56.542 0.0000000000
56705  28.460  -26.487  47.815 0.0000000000
56731  25.950  -25.983  47.240 0.0000000000
54059  27.850  -27.685  50.586 0.0000000000
52815  27.368  -29.239  53.936 0.0000000000
52772  27.236  -29.221  56.832 0.0000000000
82186  53.592  -4.065  29.243 0.0000000000
82201  49.676  -4.013  28.710 0.0000000000
76571  42.432  -10.230  28.279 0.0000000000
76531  44.497  -9.430  30.190 0.0000000000
76503  47.060  -9.446  32.303 0.0000000000
73910  45.751  -11.590  33.776 0.0000000000
75233  47.991  -10.027  34.186 0.0000000000
68830  36.489  -15.822  37.780 0.0000000000
71280  39.072  -14.766  40.571 0.0000000000
72523  41.668  -13.768  43.488 0.0000000000
59229  38.201  -23.371  43.649 0.0000000000
61641  39.749  -21.206  44.345 0.0000000000
59099  43.190  -23.644  50.202 0.0000000000
62778  41.810  -20.889  46.906 0.0000000000
65261  41.721  -18.534  44.384 0.0000000000
67631  42.832  -16.388  45.042 0.0000000000
69960  43.648  -14.741  46.402 0.0000000000
82288  49.930  -4.941  20.248 0.0000000000
81205  51.640  -5.811  22.197 0.0000000000
83444  53.556  -3.701  22.805 0.0000000000
51443  30.394  -29.548  60.581 0.0000000000
52729  11.757  -28.975  59.160 0.0000000000
53908  13.265  -28.253  61.005 0.0000000000
52698  12.145  -29.299  60.961 0.0000000000
72547  43.612  -13.177  41.577 0.0000000000
72546  44.392  -13.137  41.379 0.0000000000
46483  6.664  -33.659  60.990 0.0000000000
54076  30.347  -27.641  49.240 0.0000000000
54093  31.342  -28.054  48.744 0.0000000000
54056  31.287  -28.085  50.958 0.0000000000
55279  21.925  -26.472  51.493 0.0000000000
56634  21.613  -26.134  52.872 0.0000000000
56653  21.078  -26.157  51.688 0.0000000000
55343  22.497  -26.490  48.269 0.0000000000
55300  22.749  -26.743  49.936 0.0000000000
55278  22.686  -26.836  51.223 0.0000000000
56517  20.532  -26.201  60.041 0.0000000000
56486  20.858  -25.798  61.663 0.0000000000
81160  49.919  -5.805  24.859 0.0000000000
81147  51.021  -5.768  26.137 0.0000000000
80116  50.429  -6.243  26.035 0.0000000000
80052  47.367  -6.591  30.891 0.0000000000
81090  47.826  -5.491  31.426 0.0000000000
73947  41.074  -11.997  31.223 0.0000000000
73964  41.951  -11.298  31.053 0.0000000000
73928  42.303  -12.154  32.115 0.0000000000
66522  38.291  -18.236  40.908 0.0000000000
66510  38.221  -17.131  41.143 0.0000000000
68782  38.226  -15.815  41.918 0.0000000000
67666  39.394  -17.018  42.075 0.0000000000
55292  39.472  -26.536  50.571 0.0000000000
56683  39.450  -25.683  49.025 0.0000000000
56650  40.639  -25.829  51.215 0.0000000000
81176  47.665  -5.577  24.475 0.0000000000
82258  47.755  -5.159  23.612 0.0000000000
81175  48.449  -5.295  24.548 0.0000000000
82246  49.829  -4.314  24.458 0.0000000000
81256  51.775  -4.771  17.314 0.0000000000
81238  51.590  -5.275  18.338 0.0000000000
80189  52.511  -6.427  18.650 0.0000000000
82301  51.011  -4.582  19.142 0.0000000000
51563  30.027  -29.911  54.395 0.0000000000
52812  31.327  -29.693  54.058 0.0000000000
51518  31.240  -30.245  56.447 0.0000000000
55174  15.853  -26.670  59.300 0.0000000000
56503  17.349  -26.017  61.386 0.0000000000
55141  15.930  -25.977  61.918 0.0000000000
55123  14.386  -26.774  63.476 0.0000000000
56478  15.613  -25.882  63.693 0.0000000000
80133  45.485  -6.806  25.030 0.0000000000
78962  47.367  -7.501  25.444 0.0000000000
77813  45.389  -8.229  25.568 0.0000000000
76582  44.283  -9.583  27.163 0.0000000000
77783  45.780  -8.877  27.529 0.0000000000
77771  45.589  -8.319  28.663 0.0000000000
78913  45.751  -7.777  29.423 0.0000000000
77762  45.331  -8.301  29.546 0.0000000000
71347  42.164  -14.356  35.287 0.0000000000
71360  43.515  -13.620  35.459 0.0000000000
71331  44.068  -13.625  37.162 0.0000000000
81178  45.704  -5.859  24.255 0.0000000000
50197  9.718  -31.087  61.114 0.0000000000
50181  9.119  -31.429  61.666 0.0000000000
71396  37.822  -13.951  32.085 0.0000000000
71380  40.051  -13.997  33.189 0.0000000000
70172  38.448  -14.834  33.275 0.0000000000
68864  38.452  -15.775  36.156 0.0000000000
68863  39.171  -15.690  35.678 0.0000000000
70101  39.824  -15.253  37.777 0.0000000000
70085  41.099  -14.321  39.164 0.0000000000
70086  40.061  -14.761  38.867 0.0000000000
55371  32.198  -26.722  46.140 0.0000000000
52884  33.812  -28.729  49.730 0.0000000000
54090  34.272  -27.734  48.393 0.0000000000
52882  35.911  -28.216  49.617 0.0000000000
54054  36.756  -27.876  49.685 0.0000000000
52857  37.329  -28.969  51.090 0.0000000000
52810  33.326  -29.591  54.699 0.0000000000
52827  33.529  -28.976  53.592 0.0000000000
52790  35.522  -29.651  55.054 0.0000000000
51540  37.603  -29.997  55.004 0.0000000000
51572  39.376  -29.982  53.528 0.0000000000
55196  26.482  -26.981  57.912 0.0000000000
56510  26.008  -26.485  58.600 0.0000000000
56546  24.960  -26.475  57.666 0.0000000000
56579  21.737  -25.804  55.519 0.0000000000
56564  22.112  -25.921  56.590 0.0000000000
56565  21.222  -25.896  56.503 0.0000000000
56551  20.670  -26.244  57.760 0.0000000000
56566  20.087  -26.221  56.309 0.0000000000
55304  18.652  -27.283  50.869 0.0000000000
54000  15.927  -28.185  53.111 0.0000000000
53978  17.533  -27.955  54.126 0.0000000000
53958  17.133  -28.005  55.036 0.0000000000
55213  18.281  -27.348  56.058 0.0000000000
53946  16.812  -27.813  56.001 0.0000000000
55202  16.017  -27.472  57.490 0.0000000000
53947  15.838  -27.894  56.003 0.0000000000
52775  11.929  -28.567  56.553 0.0000000000
56749  28.113  -25.846  46.449 0.0000000000
57998  27.400  -25.250  46.188 0.0000000000
54097  24.685  -27.227  48.793 0.0000000000
55339  26.520  -27.031  48.676 0.0000000000
55338  27.209  -26.709  48.645 0.0000000000
55299  27.015  -27.590  50.264 0.0000000000
54016  27.970  -28.259  51.755 0.0000000000
52864  26.601  -28.474  52.028 0.0000000000
53976  24.553  -27.982  54.988 0.0000000000
52794  25.604  -28.735  55.446 0.0000000000
53942  25.888  -28.269  56.923 0.0000000000
53930  27.214  -27.703  57.977 0.0000000000
55152  24.137  -26.916  59.715 0.0000000000
51392  11.446  -29.783  64.562 0.0000000000
52657  11.936  -29.145  64.139 0.0000000000
83415  53.950  -3.425  25.754 0.0000000000
83394  52.226  -3.441  27.960 0.0000000000
83393  53.179  -3.292  27.942 0.0000000000
83367  52.858  -3.547  29.441 0.0000000000
82173  52.542  -3.947  30.126 0.0000000000
80105  47.791  -6.531  27.880 0.0000000000
81133  49.536  -5.450  27.602 0.0000000000
82214  48.552  -4.817  28.630 0.0000000000
83360  49.519  -4.027  30.373 0.0000000000
75280  43.772  -10.940  31.210 0.0000000000
76532  43.395  -9.644  29.915 0.0000000000
75292  45.138  -10.023  30.398 0.0000000000
76529  46.124  -9.385  30.279 0.0000000000
75263  46.387  -10.765  31.818 0.0000000000
72639  45.508  -12.217  35.682 0.0000000000
72677  45.349  -12.031  34.356 0.0000000000
73883  45.971  -11.759  35.583 0.0000000000
70091  34.966  -15.524  38.151 0.0000000000
71253  38.716  -14.686  41.821 0.0000000000
71281  38.022  -14.688  40.683 0.0000000000
71252  39.570  -14.310  42.183 0.0000000000
71251  40.394  -14.191  42.230 0.0000000000
71239  41.208  -13.981  43.508 0.0000000000
56747  35.206  -26.065  45.296 0.0000000000
56769  36.311  -25.564  44.734 0.0000000000
56742  39.786  -24.720  46.457 0.0000000000
58012  38.920  -24.154  44.742 0.0000000000
59192  39.374  -23.087  45.266 0.0000000000
60394  38.936  -22.472  44.527 0.0000000000
60374  40.268  -22.350  45.499 0.0000000000
57907  42.876  -25.007  51.522 0.0000000000
64011  42.876  -20.259  47.826 0.0000000000
62793  41.860  -20.335  46.324 0.0000000000
64028  42.807  -18.929  45.977 0.0000000000
66474  42.065  -17.630  44.394 0.0000000000
65244  43.338  -18.455  45.962 0.0000000000
81209  47.814  -5.285  21.836 0.0000000000
81215  49.380  -5.224  20.860 0.0000000000
81214  50.565  -5.707  20.626 0.0000000000
81206  50.691  -5.760  21.856 0.0000000000
83434  51.366  -3.453  23.731 0.0000000000
82268  51.716  -4.049  22.732 0.0000000000
83433  52.321  -3.669  23.627 0.0000000000
84593  53.892  -2.573  24.026 0.0000000000
81279  54.391  -5.513  15.687 0.0000000000
81220  54.904  -5.189  19.886 0.0000000000
83464  55.146  -3.756  20.535 0.0000000000
83455  54.790  -3.896  21.629 0.0000000000
52752  28.989  -29.583  57.577 0.0000000000
52750  31.208  -29.988  58.355 0.0000000000
52722  30.468  -29.383  59.616 0.0000000000
53915  13.598  -27.689  59.398 0.0000000000
55143  14.345  -26.984  60.910 0.0000000000
53896  13.728  -27.526  61.537 0.0000000000
53888  13.713  -27.484  62.702 0.0000000000
53878  13.531  -27.476  63.861 0.0000000000
76597  43.512  -9.344  26.528 0.0000000000
76583  43.399  -9.807  27.302 0.0000000000
71320  42.734  -14.248  38.211 0.0000000000
71306  44.284  -13.775  38.721 0.0000000000
71289  44.053  -13.830  39.568 0.0000000000
72545  45.262  -13.126  41.160 0.0000000000
49005  7.765  -32.449  60.648 0.0000000000
47708  7.191  -33.224  61.265 0.0000000000
47686  6.581  -33.418  63.174 0.0000000000
70174  37.050  -14.968  32.956 0.0000000000
68865  37.295  -15.720  36.174 0.0000000000
55356  32.069  -27.223  47.034 0.0000000000
54109  31.833  -27.692  47.753 0.0000000000
52894  32.288  -28.554  49.117 0.0000000000
52875  33.537  -29.021  50.686 0.0000000000
55232  24.033  -27.370  55.411 0.0000000000
55220  23.714  -26.798  56.029 0.0000000000
56615  22.505  -26.258  54.045 0.0000000000
56617  21.319  -25.948  53.497 0.0000000000
56599  20.842  -26.022  54.226 0.0000000000
53961  14.351  -27.869  55.268 0.0000000000
54002  13.750  -27.541  53.198 0.0000000000
55342  23.340  -26.831  48.221 0.0000000000
54063  24.317  -27.641  50.492 0.0000000000
54039  25.700  -28.360  51.806 0.0000000000
54040  24.526  -27.906  51.551 0.0000000000
55261  23.860  -27.240  53.104 0.0000000000
56497  22.693  -25.853  60.280 0.0000000000
82244  51.530  -4.585  24.612 0.0000000000
81156  53.070  -4.678  25.903 0.0000000000
81157  52.464  -5.244  25.722 0.0000000000
81131  51.872  -4.668  27.159 0.0000000000
82211  51.353  -4.000  27.978 0.0000000000
80080  47.119  -6.028  29.110 0.0000000000
81114  48.149  -4.723  29.582 0.0000000000
81103  47.684  -5.503  30.452 0.0000000000
82167  48.268  -4.814  31.575 0.0000000000
76553  41.186  -10.199  29.480 0.0000000000
75296  40.976  -10.768  30.154 0.0000000000
75281  42.704  -11.033  31.239 0.0000000000
73944  44.471  -11.845  31.684 0.0000000000
73859  47.481  -11.473  36.254 0.0000000000
68805  35.763  -15.972  39.095 0.0000000000
70060  36.577  -15.452  39.645 0.0000000000
68793  36.850  -15.463  41.123 0.0000000000
70027  38.602  -15.221  42.084 0.0000000000
70025  39.637  -15.071  43.195 0.0000000000
55332  37.494  -26.428  48.187 0.0000000000
56725  37.738  -25.986  46.968 0.0000000000
56703  38.203  -25.921  47.902 0.0000000000
56723  39.857  -25.040  47.181 0.0000000000
57958  40.957  -25.046  47.855 0.0000000000
82274  45.518  -4.216  22.436 0.0000000000
82284  45.581  -3.646  21.842 0.0000000000
82273  46.510  -4.695  22.412 0.0000000000
82272  47.460  -5.215  22.573 0.0000000000
82270  49.130  -5.018  23.244 0.0000000000
81196  49.920  -5.185  22.806 0.0000000000
82256  49.751  -4.335  23.720 0.0000000000
83426  50.178  -3.600  24.361 0.0000000000
82344  51.942  -4.018  16.659 0.0000000000
81266  53.500  -5.915  16.382 0.0000000000
81265  54.536  -5.731  16.693 0.0000000000
82328  55.666  -4.346  17.739 0.0000000000
81253  54.561  -5.947  17.794 0.0000000000
80187  54.134  -6.518  19.236 0.0000000000
80161  53.820  -6.394  20.669 0.0000000000
54014  29.765  -28.062  52.063 0.0000000000
54033  31.354  -28.074  51.919 0.0000000000
53993  31.527  -28.768  53.090 0.0000000000
52811  32.182  -29.548  54.241 0.0000000000
52792  33.829  -30.206  55.888 0.0000000000
55155  18.621  -26.457  60.302 0.0000000000
56488  19.005  -25.901  61.949 0.0000000000
56502  18.297  -26.204  61.215 0.0000000000
56475  17.941  -25.676  63.029 0.0000000000
55132  15.308  -26.181  62.771 0.0000000000
56463  16.929  -25.497  64.088 0.0000000000
80131  47.897  -6.360  25.135 0.0000000000
78945  49.078  -7.040  25.815 0.0000000000
78946  48.412  -7.388  26.216 0.0000000000
78947  47.851  -7.981  26.720 0.0000000000
78931  47.408  -7.672  27.729 0.0000000000
77798  45.620  -8.907  26.415 0.0000000000
77782  46.629  -8.218  28.006 0.0000000000
78920  47.075  -7.017  28.358 0.0000000000
80081  46.793  -6.546  29.401 0.0000000000
80053  46.820  -7.174  30.443 0.0000000000
78886  46.939  -7.668  30.884 0.0000000000
72681  41.920  -13.050  33.046 0.0000000000
72680  42.675  -13.094  33.282 0.0000000000
71377  42.766  -13.577  34.102 0.0000000000
72662  44.123  -12.894  34.982 0.0000000000
72618  45.668  -12.323  36.573 0.0000000000
72589  44.961  -13.324  38.558 0.0000000000
72588  45.670  -13.020  38.324 0.0000000000
72586  47.147  -12.488  37.759 0.0000000000
64076  38.481  -19.593  41.615 0.0000000000
56611  41.198  -26.319  52.548 0.0000000000
82261  44.721  -4.602  23.312 0.0000000000
81188  45.308  -5.283  23.730 0.0000000000
81177  46.694  -6.036  24.183 0.0000000000
85733  51.020  -1.300  19.061 0.0000000000
84631  50.786  -2.143  19.305 0.0000000000
51472  10.581  -30.058  59.379 0.0000000000
51435  11.622  -29.846  61.437 0.0000000000
50213  10.193  -30.617  60.476 0.0000000000
50179  10.418  -30.722  62.583 0.0000000000
50159  10.520  -30.585  64.237 0.0000000000
48972  8.476  -31.705  62.286 0.0000000000
72734  39.563  -12.263  30.760 0.0000000000
72715  38.948  -12.871  31.111 0.0000000000
71415  40.141  -13.262  31.868 0.0000000000
71393  40.589  -13.441  32.679 0.0000000000
71363  41.286  -14.059  34.297 0.0000000000
70148  41.365  -14.427  35.071 0.0000000000
68910  38.863  -15.315  34.209 0.0000000000
70133  40.582  -14.939  35.706 0.0000000000
70113  41.673  -14.813  37.315 0.0000000000
70099  41.874  -14.413  38.348 0.0000000000
71291  42.560  -13.924  39.778 0.0000000000
72562  42.565  -13.852  41.172 0.0000000000
55369  34.460  -26.238  45.590 0.0000000000
55355  32.933  -26.854  46.975 0.0000000000
54106  34.429  -27.091  47.793 0.0000000000
55353  35.263  -26.807  47.306 0.0000000000
55312  37.402  -26.965  49.367 0.0000000000
55294  37.862  -27.256  50.009 0.0000000000
54030  39.305  -27.766  51.287 0.0000000000
52862  32.747  -28.512  52.037 0.0000000000
52843  34.390  -29.158  52.404 0.0000000000
52842  35.130  -29.521  52.066 0.0000000000
52789  36.450  -29.698  54.728 0.0000000000
51559  36.913  -29.656  54.010 0.0000000000
51587  36.423  -29.516  52.381 0.0000000000
51585  38.233  -29.725  52.382 0.0000000000
52840  39.884  -28.943  52.015 0.0000000000
53990  41.051  -27.712  52.579 0.0000000000
53903  27.801  -27.804  59.977 0.0000000000
55150  26.617  -27.346  59.614 0.0000000000
55168  25.073  -26.591  59.219 0.0000000000
56512  24.461  -26.230  59.034 0.0000000000
56562  23.605  -26.386  56.872 0.0000000000
56548  23.324  -26.137  57.690 0.0000000000
56514  22.892  -25.953  59.363 0.0000000000
56515  22.176  -25.859  59.553 0.0000000000
56534  20.642  -26.265  59.091 0.0000000000
55185  19.788  -26.583  58.650 0.0000000000
56655  19.882  -26.484  50.850 0.0000000000
56619  20.153  -26.511  52.867 0.0000000000
55249  19.661  -26.855  53.463 0.0000000000
54022  17.519  -27.924  52.323 0.0000000000
53997  18.735  -27.567  53.263 0.0000000000
55221  19.344  -26.747  55.537 0.0000000000
55212  19.169  -26.852  56.564 0.0000000000
55200  18.436  -27.019  57.349 0.0000000000
55186  18.759  -26.756  58.452 0.0000000000
55187  17.653  -26.889  58.335 0.0000000000
55189  15.475  -27.092  58.278 0.0000000000
55190  14.515  -27.291  58.038 0.0000000000
53949  14.201  -27.910  56.236 0.0000000000
53936  14.128  -27.707  57.205 0.0000000000
55191  14.011  -27.463  58.286 0.0000000000
53938  12.804  -28.315  57.947 0.0000000000
52740  12.245  -28.652  58.558 0.0000000000
52741  11.560  -29.091  58.284 0.0000000000
51484  10.143  -29.850  58.021 0.0000000000
51485  9.505  -30.360  58.483 0.0000000000
54120  29.515  -26.886  46.822 0.0000000000
55336  29.162  -26.898  47.938 0.0000000000
55315  29.135  -26.977  48.899 0.0000000000
56729  27.361  -25.963  47.399 0.0000000000
55316  28.398  -26.906  49.030 0.0000000000
55276  29.087  -27.209  50.460 0.0000000000
54015  28.833  -28.038  51.877 0.0000000000
52832  28.537  -28.955  53.281 0.0000000000
51547  28.360  -29.791  55.316 0.0000000000
52835  26.018  -28.907  53.669 0.0000000000
51566  27.112  -29.464  54.704 0.0000000000
52771  28.172  -29.569  56.935 0.0000000000
52739  28.608  -28.659  58.285 0.0000000000
53913  28.424  -27.769  59.400 0.0000000000
52671  12.169  -29.325  63.086 0.0000000000
53879  12.849  -28.025  64.189 0.0000000000
83406  53.554  -3.665  27.007 0.0000000000
80103  49.992  -6.316  26.831 0.0000000000
82212  50.177  -4.528  28.021 0.0000000000
83382  50.308  -3.587  29.154 0.0000000000
83384  48.946  -3.823  29.442 0.0000000000
83370  49.881  -3.636  29.813 0.0000000000
83358  51.354  -3.482  30.188 0.0000000000
76599  41.990  -9.539  26.983 0.0000000000
76570  43.307  -10.039  28.122 0.0000000000
76552  42.358  -10.164  29.192 0.0000000000
76551  43.257  -9.890  28.946 0.0000000000
77764  43.979  -9.295  29.235 0.0000000000
77747  45.721  -8.556  30.039 0.0000000000
77746  46.553  -8.566  30.577 0.0000000000
77725  47.381  -8.207  32.051 0.0000000000
72693  43.425  -12.593  32.681 0.0000000000
73926  44.732  -12.185  32.305 0.0000000000
73925  45.528  -11.706  32.525 0.0000000000
73882  46.757  -11.242  35.323 0.0000000000
73894  46.389  -11.050  34.189 0.0000000000
73924  46.289  -11.038  32.743 0.0000000000
76487  47.314  -9.429  33.162 0.0000000000
76502  47.393  -8.731  32.891 0.0000000000
68866  36.243  -15.738  36.262 0.0000000000
68828  37.828  -15.670  37.811 0.0000000000
70074  37.268  -14.966  39.630 0.0000000000
71296  38.103  -14.825  40.137 0.0000000000
70072  39.339  -14.879  39.674 0.0000000000
70057  40.113  -14.474  40.248 0.0000000000
71262  41.454  -14.246  41.556 0.0000000000
72535  42.808  -13.580  42.458 0.0000000000
56768  37.330  -25.416  45.005 0.0000000000
61663  37.831  -21.915  42.538 0.0000000000
62837  38.671  -20.521  42.673 0.0000000000
64044  39.741  -19.601  43.090 0.0000000000
57927  42.140  -25.341  51.040 0.0000000000
57943  42.041  -25.112  49.970 0.0000000000
59138  41.933  -23.832  47.818 0.0000000000
60311  42.571  -22.450  47.991 0.0000000000
60352  41.346  -22.536  46.590 0.0000000000
62794  41.247  -20.755  45.940 0.0000000000
62819  40.698  -20.206  44.216 0.0000000000
65273  40.608  -18.735  43.151 0.0000000000
67656  40.753  -17.270  43.109 0.0000000000
67633  41.587  -16.347  43.937 0.0000000000
68748  41.671  -15.652  44.179 0.0000000000
66461  44.543  -17.384  46.538 0.0000000000
68745  43.345  -15.606  45.516 0.0000000000
71198  41.826  -14.713  45.000 0.0000000000
71214  42.162  -13.853  44.873 0.0000000000
84632  50.137  -2.430  19.568 0.0000000000
82302  50.069  -4.197  19.676 0.0000000000
81213  51.271  -6.057  20.025 0.0000000000
80163  51.688  -6.314  20.557 0.0000000000
80154  53.219  -6.044  21.355 0.0000000000
81195  50.936  -4.782  22.632 0.0000000000
81194  52.104  -4.941  22.634 0.0000000000
82280  53.991  -4.334  22.232 0.0000000000
83443  54.485  -3.385  22.533 0.0000000000
52705  28.497  -28.401  60.349 0.0000000000
52688  29.355  -29.204  60.683 0.0000000000
52716  11.927  -29.063  60.027 0.0000000000
72534  43.512  -13.157  42.349 0.0000000000
72533  44.244  -12.881  42.168 0.0000000000
55295  29.734  -27.215  49.420 0.0000000000
54075  31.051  -28.127  49.933 0.0000000000
55301  21.873  -26.338  50.440 0.0000000000
56670  21.483  -26.263  51.267 0.0000000000
56671  21.115  -26.090  50.644 0.0000000000
55153  20.020  -26.330  60.187 0.0000000000
56500  20.164  -26.156  60.830 0.0000000000
81161  49.059  -5.695  24.713 0.0000000000
80128  50.120  -6.326  25.433 0.0000000000
80129  49.389  -6.450  25.303 0.0000000000
78885  47.507  -7.556  31.830 0.0000000000
80040  47.850  -6.448  32.253 0.0000000000
80034  47.904  -6.874  32.946 0.0000000000
72711  41.898  -12.297  32.143 0.0000000000
66523  37.938  -17.707  40.539 0.0000000000
66509  38.708  -17.754  41.323 0.0000000000
66508  39.407  -17.978  41.821 0.0000000000
55274  39.656  -26.928  51.204 0.0000000000
56651  40.052  -26.300  50.795 0.0000000000
56630  40.298  -26.381  51.514 0.0000000000
81162  48.318  -5.744  24.902 0.0000000000
82316  51.434  -4.131  18.210 0.0000000000
51546  29.275  -29.923  55.371 0.0000000000
51545  30.180  -30.079  55.445 0.0000000000
51519  30.411  -30.165  56.323 0.0000000000
55175  14.844  -26.916  59.050 0.0000000000
55157  16.309  -26.273  60.697 0.0000000000
80134  44.540  -6.444  24.967 0.0000000000
78963  46.046  -7.447  25.133 0.0000000000
78964  44.984  -7.360  25.222 0.0000000000
76568  44.961  -9.274  27.884 0.0000000000
71346  42.786  -14.223  35.994 0.0000000000
50198  9.035  -31.405  60.703 0.0000000000
71418  37.423  -13.285  31.669 0.0000000000
70194  38.159  -14.442  32.616 0.0000000000
70195  37.352  -14.494  32.530 0.0000000000
68845  38.416  -15.687  36.920 0.0000000000
70116  38.762  -15.741  36.795 0.0000000000
52874  34.589  -28.954  50.492 0.0000000000
52883  34.839  -28.340  49.496 0.0000000000
52873  35.632  -28.762  50.346 0.0000000000
52872  36.719  -28.451  50.191 0.0000000000
52858  36.339  -29.149  51.022 0.0000000000
52791  34.609  -29.788  55.410 0.0000000000
52809  34.505  -29.301  54.383 0.0000000000
52767  35.515  -30.144  55.873 0.0000000000
55209  25.423  -27.190  57.108 0.0000000000
55198  25.370  -26.812  57.376 0.0000000000
55210  24.833  -26.977  56.888 0.0000000000
56580  20.916  -25.875  55.314 0.0000000000
53980  15.542  -28.168  54.185 0.0000000000
53979  16.583  -28.236  54.143 0.0000000000
54078  24.982  -27.611  49.628 0.0000000000
54096  25.520  -27.302  48.911 0.0000000000
55318  26.858  -27.396  49.734 0.0000000000
54061  26.431  -27.858  50.569 0.0000000000
54038  26.843  -28.179  51.400 0.0000000000
53956  24.572  -27.755  55.949 0.0000000000
53955  25.014  -28.325  55.680 0.0000000000
53943  25.312  -27.906  56.670 0.0000000000
53931  26.178  -27.724  57.326 0.0000000000
51384  11.210  -29.786  65.313 0.0000000000
83423  53.297  -3.437  24.495 0.0000000000
82242  53.327  -4.213  25.307 0.0000000000
83381  51.348  -3.219  28.618 0.0000000000
83380  52.529  -3.275  28.711 0.0000000000
83356  52.763  -3.736  29.918 0.0000000000
81134  48.384  -5.535  28.192 0.0000000000
75279  45.175  -11.071  30.977 0.0000000000
75293  44.140  -10.166  30.622 0.0000000000
75278  46.052  -10.277  30.604 0.0000000000
73861  45.850  -11.967  36.109 0.0000000000
73860  46.445  -11.839  36.493 0.0000000000
71241  39.510  -14.478  42.927 0.0000000000
71240  40.577  -14.124  43.129 0.0000000000
56746  35.841  -25.893  45.431 0.0000000000
57990  40.468  -24.128  46.503 0.0000000000
57991  39.879  -24.217  45.951 0.0000000000
59179  39.820  -23.321  45.583 0.0000000000
60375  39.734  -22.532  45.270 0.0000000000
60354  40.193  -22.850  45.676 0.0000000000
64002  43.151  -20.396  48.478 0.0000000000
64022  42.345  -20.159  46.789 0.0000000000
64021  43.200  -19.350  46.668 0.0000000000
64020  43.918  -19.104  47.116 0.0000000000
82281  47.938  -5.100  21.180 0.0000000000
81216  48.568  -4.943  20.870 0.0000000000
81207  49.689  -5.428  21.725 0.0000000000
83424  52.001  -3.954  24.079 0.0000000000
81278  55.272  -5.176  16.128 0.0000000000
81294  55.067  -5.072  15.226 0.0000000000
82362  55.713  -4.626  15.594 0.0000000000
83518  56.421  -4.046  16.906 0.0000000000
82300  54.990  -4.146  19.901 0.0000000000
82287  54.827  -4.487  20.716 0.0000000000
82279  54.470  -4.792  21.534 0.0000000000
52738  29.334  -29.000  58.633 0.0000000000
52737  30.353  -29.458  58.891 0.0000000000
53907  13.707  -27.627  60.434 0.0000000000
53897  13.154  -28.110  62.079 0.0000000000
77801  42.717  -8.670  26.277 0.0000000000
76598  42.594  -9.438  26.787 0.0000000000
71307  43.484  -14.079  38.866 0.0000000000
71274  43.748  -13.730  40.191 0.0000000000
47729  7.055  -33.077  60.163 0.0000000000
47697  6.681  -33.634  62.066 0.0000000000
54110  30.927  -27.609  47.487 0.0000000000
52886  31.925  -28.384  49.841 0.0000000000
52885  32.809  -28.802  49.860 0.0000000000
55233  23.353  -26.917  55.036 0.0000000000
56616  21.972  -26.087  53.624 0.0000000000
56618  20.735  -26.116  53.219 0.0000000000
55319  22.910  -26.753  48.983 0.0000000000
54099  23.379  -26.955  48.844 0.0000000000
54080  23.413  -27.038  49.403 0.0000000000
54079  24.110  -27.362  49.559 0.0000000000
55262  23.150  -26.962  52.517 0.0000000000
55246  24.067  -27.459  54.154 0.0000000000
56484  22.507  -25.839  61.227 0.0000000000
82231  51.397  -5.070  24.913 0.0000000000
81173  52.206  -5.180  24.890 0.0000000000
81158  51.548  -5.443  25.361 0.0000000000
81146  51.813  -5.366  26.408 0.0000000000
81115  47.765  -5.454  29.542 0.0000000000
75315  40.823  -10.384  29.780 0.0000000000
73946  42.097  -11.722  31.563 0.0000000000
75282  42.211  -11.224  31.126 0.0000000000
73945  43.251  -11.610  31.656 0.0000000000
67692  35.954  -16.306  39.397 0.0000000000
67679  36.571  -15.816  39.994 0.0000000000
68804  36.532  -15.653  39.781 0.0000000000
67669  37.061  -15.944  41.133 0.0000000000
68781  39.026  -16.100  42.192 0.0000000000
68771  38.901  -15.496  42.249 0.0000000000
70026  39.145  -15.001  42.485 0.0000000000
68769  40.002  -15.809  43.235 0.0000000000
56704  37.703  -26.177  47.615 0.0000000000
55331  38.064  -26.054  48.539 0.0000000000
56682  40.330  -25.623  49.374 0.0000000000
56701  40.397  -25.369  48.291 0.0000000000
56722  40.550  -25.060  47.611 0.0000000000
56700  40.965  -25.453  48.908 0.0000000000
82260  45.831  -4.953  23.099 0.0000000000
82259  46.797  -5.310  23.119 0.0000000000
82271  48.345  -5.168  23.056 0.0000000000
82233  50.224  -4.963  24.881 0.0000000000
82245  50.574  -4.214  24.741 0.0000000000
81255  52.109  -5.677  17.398 0.0000000000
80216  52.681  -6.058  16.871 0.0000000000
81254  53.869  -6.068  17.193 0.0000000000
80205  53.496  -6.401  17.970 0.0000000000
80188  53.416  -6.644  18.969 0.0000000000
80168  54.471  -6.308  19.919 0.0000000000
80170  52.620  -6.552  19.680 0.0000000000
54013  30.680  -28.238  52.382 0.0000000000
52846  30.595  -28.579  52.879 0.0000000000
51561  31.638  -29.914  54.846 0.0000000000
51560  32.393  -29.843  55.024 0.0000000000
51542  32.827  -30.081  55.784 0.0000000000
55156  17.595  -26.363  60.393 0.0000000000
56504  16.644  -25.941  61.743 0.0000000000
56490  17.250  -25.843  62.318 0.0000000000
56462  17.794  -25.528  63.939 0.0000000000
56476  17.085  -25.684  63.192 0.0000000000
55142  15.215  -26.486  61.429 0.0000000000
80141  47.169  -6.584  24.682 0.0000000000
78961  48.398  -6.913  25.549 0.0000000000
77796  47.259  -8.356  27.335 0.0000000000
77799  44.775  -8.791  25.911 0.0000000000
78932  46.888  -7.619  28.238 0.0000000000
78921  46.387  -7.556  28.650 0.0000000000
80093  46.695  -6.656  28.862 0.0000000000
78912  46.281  -7.169  29.351 0.0000000000
72641  44.178  -13.241  35.995 0.0000000000
72640  44.912  -12.745  35.817 0.0000000000
72576  44.774  -13.376  39.445 0.0000000000
71318  44.499  -13.658  37.908 0.0000000000
72574  46.348  -12.887  38.938 0.0000000000
72587  46.390  -12.736  38.041 0.0000000000
72572  47.667  -12.384  38.392 0.0000000000
64096  37.395  -19.589  40.445 0.0000000000
64077  37.904  -19.576  41.084 0.0000000000
62854  37.947  -20.422  41.443 0.0000000000
81189  44.784  -5.144  23.762 0.0000000000
80142  46.177  -6.685  24.749 0.0000000000
51473  9.737  -30.516  59.238 0.0000000000
51457  10.880  -30.185  60.857 0.0000000000
50180  9.760  -31.067  62.116 0.0000000000
50168  10.447  -30.699  63.601 0.0000000000
48988  7.783  -32.320  61.807 0.0000000000
72735  38.624  -12.069  30.748 0.0000000000
71417  38.372  -13.395  31.637 0.0000000000
72716  38.017  -12.645  31.273 0.0000000000
71394  39.577  -13.890  32.496 0.0000000000
70170  40.048  -14.426  33.756 0.0000000000
68938  37.380  -15.215  33.504 0.0000000000
68937  37.941  -15.106  33.443 0.0000000000
70134  39.745  -15.348  35.214 0.0000000000
70098  42.319  -14.382  38.051 0.0000000000
71309  41.912  -14.055  39.142 0.0000000000
71292  41.860  -13.872  39.949 0.0000000000
71276  42.503  -13.855  40.529 0.0000000000
71277  41.805  -13.987  40.804 0.0000000000
54108  32.718  -27.553  47.685 0.0000000000
54089  35.090  -27.384  48.332 0.0000000000
55334  35.622  -27.134  48.191 0.0000000000
55333  36.377  -26.972  48.420 0.0000000000
55313  36.728  -27.206  49.160 0.0000000000
52871  37.758  -28.298  50.607 0.0000000000
54053  37.364  -27.711  49.958 0.0000000000
54031  38.651  -27.691  50.871 0.0000000000
54032  32.105  -28.353  52.344 0.0000000000
54055  32.031  -28.144  51.643 0.0000000000
52826  34.482  -29.068  53.373 0.0000000000
52844  33.562  -28.809  52.669 0.0000000000
52825  35.436  -29.309  53.034 0.0000000000
51558  37.650  -29.966  54.174 0.0000000000
51541  37.128  -29.795  54.648 0.0000000000
51575  36.596  -29.576  53.168 0.0000000000
51586  37.195  -29.677  52.444 0.0000000000
51583  40.029  -29.562  52.842 0.0000000000
54009  40.582  -28.315  52.239 0.0000000000
55166  27.360  -27.515  59.469 0.0000000000
55149  27.232  -27.614  59.660 0.0000000000
56528  25.516  -26.394  58.265 0.0000000000
56511  25.411  -26.299  58.819 0.0000000000
56577  23.085  -26.348  55.869 0.0000000000
56563  22.827  -26.084  56.730 0.0000000000
56549  22.607  -26.036  57.614 0.0000000000
56531  23.113  -26.035  58.499 0.0000000000
56533  21.531  -26.047  58.724 0.0000000000
55281  18.778  -27.224  51.932 0.0000000000
55280  19.320  -26.836  51.408 0.0000000000
55264  19.413  -26.857  52.496 0.0000000000
55250  19.204  -27.174  53.162 0.0000000000
54043  17.103  -27.840  51.271 0.0000000000
54023  16.453  -28.018  52.122 0.0000000000
53998  17.974  -27.917  53.253 0.0000000000
53977  18.424  -27.709  54.082 0.0000000000
55235  19.172  -27.325  53.893 0.0000000000
55222  18.887  -27.373  54.867 0.0000000000
55214  17.463  -27.581  56.221 0.0000000000
55188  16.525  -27.064  58.338 0.0000000000
53950  13.394  -28.125  56.483 0.0000000000
53923  13.924  -27.626  57.884 0.0000000000
53924  13.541  -27.779  58.398 0.0000000000
52756  11.940  -28.714  57.445 0.0000000000
52757  11.064  -29.082  57.423 0.0000000000
51502  9.962  -29.604  57.217 0.0000000000
51503  9.267  -29.910  57.438 0.0000000000
56728  28.015  -26.098  47.310 0.0000000000
56727  28.612  -26.358  47.151 0.0000000000
55337  28.605  -26.749  48.383 0.0000000000
56752  25.956  -25.586  46.325 0.0000000000
56751  26.944  -25.490  46.687 0.0000000000
56730  26.579  -25.875  47.306 0.0000000000
55317  27.564  -27.005  49.178 0.0000000000
55297  28.380  -27.278  50.105 0.0000000000
55277  28.840  -27.356  50.701 0.0000000000
54036  28.434  -27.730  51.038 0.0000000000
52850  27.244  -28.639  52.369 0.0000000000
52849  28.248  -28.564  52.509 0.0000000000
52814  28.001  -29.147  53.733 0.0000000000
51579  28.348  -29.266  53.785 0.0000000000
51565  28.057  -29.490  54.379 0.0000000000
54018  25.375  -28.645  53.139 0.0000000000
52773  26.118  -28.924  56.391 0.0000000000
52793  26.203  -29.130  55.175 0.0000000000
51523  27.023  -29.475  56.061 0.0000000000
51522  27.785  -29.694  56.138 0.0000000000
52753  27.845  -28.629  57.733 0.0000000000
53922  27.339  -27.460  58.456 0.0000000000
53921  28.027  -27.900  58.597 0.0000000000
55182  27.844  -27.626  59.196 0.0000000000
55165  27.980  -27.632  59.440 0.0000000000
56473  19.731  -25.757  62.734 0.0000000000
52646  12.412  -28.407  65.241 0.0000000000
52656  12.408  -28.586  64.611 0.0000000000
53864  12.693  -28.082  64.975 0.0000000000
53863  13.193  -27.546  64.992 0.0000000000
53845  13.094  -27.443  65.558 0.0000000000
82223  53.133  -4.159  26.730 0.0000000000
82230  53.420  -4.089  26.194 0.0000000000
83379  53.552  -3.460  28.615 0.0000000000
80117  49.806  -6.758  25.986 0.0000000000
82213  49.077  -4.627  28.257 0.0000000000
82188  48.271  -4.276  30.073 0.0000000000
83359  50.361  -3.776  30.287 0.0000000000
82175  50.878  -4.267  30.432 0.0000000000
75335  41.660  -10.030  27.816 0.0000000000
76585  41.510  -9.592  27.395 0.0000000000
75343  41.899  -10.117  27.634 0.0000000000
76584  42.424  -10.039  27.446 0.0000000000
77749  44.254  -9.091  29.757 0.0000000000
77748  44.911  -8.807  29.900 0.0000000000
76530  45.325  -9.306  30.178 0.0000000000
76519  46.778  -9.587  31.079 0.0000000000
77726  47.142  -8.532  31.550 0.0000000000
77708  47.315  -8.609  32.271 0.0000000000
72691  45.179  -12.076  33.539 0.0000000000
75221  47.862  -10.644  35.004 0.0000000000
75234  47.180  -10.702  34.526 0.0000000000
73909  46.188  -11.169  33.320 0.0000000000
75246  46.913  -10.374  33.318 0.0000000000
75245  47.497  -9.683  33.576 0.0000000000
68848  35.800  -15.631  37.201 0.0000000000
68847  36.823  -15.776  37.063 0.0000000000
70059  36.822  -14.719  40.398 0.0000000000
71265  38.778  -14.583  41.318 0.0000000000
71295  38.684  -14.997  39.987 0.0000000000
70073  38.344  -14.975  39.418 0.0000000000
70058  39.821  -14.604  40.220 0.0000000000
72537  41.126  -14.124  42.838 0.0000000000
71250  41.081  -14.266  42.148 0.0000000000
72536  41.898  -13.999  42.520 0.0000000000
72549  42.319  -14.025  41.711 0.0000000000
72522  42.598  -13.518  43.324 0.0000000000
56744  38.089  -25.608  45.961 0.0000000000
58038  38.462  -24.014  43.985 0.0000000000
58039  37.913  -24.416  43.922 0.0000000000
58061  37.984  -23.903  43.600 0.0000000000
59253  37.303  -23.029  43.020 0.0000000000
60431  38.174  -22.221  43.123 0.0000000000
61642  39.133  -21.530  44.073 0.0000000000
62821  39.021  -20.559  43.386 0.0000000000
64045  38.979  -19.965  42.974 0.0000000000
62820  39.986  -20.607  43.974 0.0000000000
56627  42.050  -25.874  52.558 0.0000000000
56649  41.384  -25.610  51.588 0.0000000000
57908  42.108  -25.513  51.890 0.0000000000
57926  42.822  -24.654  50.568 0.0000000000
57942  42.626  -24.351  49.545 0.0000000000
57956  42.518  -24.078  48.887 0.0000000000
59137  42.489  -23.501  48.366 0.0000000000
62755  42.543  -21.266  48.237 0.0000000000
61544  42.763  -21.724  48.445 0.0000000000
61545  42.441  -21.653  47.900 0.0000000000
60331  42.233  -22.518  47.596 0.0000000000
61589  41.565  -21.743  46.815 0.0000000000
61590  41.160  -21.761  46.183 0.0000000000
62779  41.411  -21.274  46.474 0.0000000000
64036  41.252  -19.570  44.598 0.0000000000
64030  41.242  -20.133  45.289 0.0000000000
64043  40.657  -19.625  43.720 0.0000000000
65262  41.203  -18.698  43.782 0.0000000000
66496  40.579  -17.836  42.765 0.0000000000
66484  41.031  -17.823  43.314 0.0000000000
66473  42.791  -17.476  45.073 0.0000000000
67642  41.664  -16.986  44.028 0.0000000000
67632  42.168  -16.555  44.445 0.0000000000
68747  42.265  -15.604  44.914 0.0000000000
65242  44.790  -17.908  46.908 0.0000000000
66453  44.897  -17.394  47.303 0.0000000000
68733  43.676  -15.435  45.914 0.0000000000
68734  43.090  -15.204  45.574 0.0000000000
68735  42.591  -15.213  45.358 0.0000000000
69982  42.689  -14.732  45.589 0.0000000000
71197  42.178  -14.428  45.265 0.0000000000
71196  43.118  -13.953  45.939 0.0000000000
85734  50.270  -1.414  19.830 0.0000000000
82283  46.268  -4.023  21.612 0.0000000000
83457  45.908  -3.158  21.310 0.0000000000
82292  46.483  -3.520  21.166 0.0000000000
82303  49.373  -3.681  19.930 0.0000000000
83481  49.827  -3.232  19.625 0.0000000000
81222  50.550  -5.034  19.813 0.0000000000
80156  51.415  -6.201  21.456 0.0000000000
80155  52.231  -6.264  21.423 0.0000000000
81204  52.681  -5.650  22.126 0.0000000000
81185  50.264  -4.520  23.107 0.0000000000
81184  50.541  -4.245  22.971 0.0000000000
83445  52.471  -3.730  23.092 0.0000000000
82267  52.669  -4.228  22.762 0.0000000000
82266  53.376  -4.344  22.660 0.0000000000
83456  54.255  -3.832  22.378 0.0000000000
84592  54.740  -2.317  23.650 0.0000000000
82343  52.117  -3.914  16.056 0.0000000000
81281  52.661  -4.658  15.105 0.0000000000
81252  55.217  -5.148  18.218 0.0000000000
52704  29.605  -28.842  60.272 0.0000000000
52728  12.459  -28.672  59.521 0.0000000000
52715  12.642  -28.769  60.491 0.0000000000
52697  12.750  -28.819  61.523 0.0000000000
71275  43.151  -13.789  40.362 0.0000000000
72560  43.729  -13.433  40.835 0.0000000000
54094  30.187  -27.621  48.229 0.0000000000
52877  31.679  -28.221  50.419 0.0000000000
55263  22.176  -26.504  52.469 0.0000000000
55248  22.590  -26.472  53.303 0.0000000000
56652  21.522  -26.319  52.083 0.0000000000
55320  22.094  -26.391  49.240 0.0000000000
54041  23.627  -27.431  51.393 0.0000000000
56499  21.100  -25.912  60.725 0.0000000000
56485  21.752  -25.714  61.484 0.0000000000
56471  21.592  -25.652  62.479 0.0000000000
81159  50.637  -5.693  25.358 0.0000000000
80102  50.576  -5.948  26.522 0.0000000000
73966  40.403  -11.687  30.632 0.0000000000
73965  41.426  -11.382  30.880 0.0000000000
73927  42.847  -12.100  32.130 0.0000000000
67677  37.205  -17.046  40.083 0.0000000000
67668  37.633  -16.506  41.092 0.0000000000
67667  38.513  -16.709  41.664 0.0000000000
67657  40.271  -16.814  42.840 0.0000000000
55293  38.626  -26.811  50.252 0.0000000000
56669  38.809  -26.019  49.504 0.0000000000
56668  39.599  -26.127  49.976 0.0000000000
56667  40.493  -25.778  50.298 0.0000000000
82248  48.276  -4.963  24.215 0.0000000000
82247  49.094  -4.937  24.243 0.0000000000
82234  49.631  -5.120  24.587 0.0000000000
80206  52.637  -6.277  17.660 0.0000000000
81237  52.059  -6.007  18.141 0.0000000000
80190  51.803  -5.952  18.804 0.0000000000
51577  29.585  -29.553  53.793 0.0000000000
52830  30.622  -29.198  53.415 0.0000000000
51562  30.848  -30.009  54.687 0.0000000000
51544  31.050  -30.155  55.558 0.0000000000
55122  15.076  -26.177  63.761 0.0000000000
80132  45.909  -6.944  25.017 0.0000000000
78973  46.615  -7.204  25.019 0.0000000000
77812  46.430  -8.389  25.866 0.0000000000
76596  44.407  -9.257  26.390 0.0000000000
76581  45.087  -9.365  26.948 0.0000000000
78922  45.910  -7.623  29.002 0.0000000000
78906  45.689  -8.018  29.806 0.0000000000
71362  42.032  -13.983  34.555 0.0000000000
71361  42.797  -13.911  34.971 0.0000000000
71345  43.645  -13.735  36.367 0.0000000000
72620  44.179  -13.447  36.568 0.0000000000
72575  45.574  -13.102  39.228 0.0000000000
80143  45.223  -6.151  24.774 0.0000000000
50228  9.357  -30.795  59.570 0.0000000000
50214  9.512  -30.920  60.259 0.0000000000
71395  38.694  -13.990  32.147 0.0000000000
70193  38.850  -14.345  32.765 0.0000000000
70171  39.343  -14.522  33.343 0.0000000000
68886  37.743  -15.621  35.134 0.0000000000
68885  38.821  -15.537  34.923 0.0000000000
70115  39.549  -15.604  36.477 0.0000000000
70100  40.866  -14.791  38.066 0.0000000000
70070  40.820  -14.238  39.688 0.0000000000
52892  34.006  -28.317  48.932 0.0000000000
52891  34.489  -28.065  48.923 0.0000000000
54074  34.814  -27.820  48.876 0.0000000000
54073  35.439  -27.746  49.072 0.0000000000
54072  36.281  -27.593  49.240 0.0000000000
52881  36.431  -28.059  49.661 0.0000000000
51539  38.501  -30.481  55.117 0.0000000000
51573  38.402  -30.082  53.413 0.0000000000
55195  27.024  -27.112  58.316 0.0000000000
55184  26.561  -26.764  58.490 0.0000000000
56527  26.076  -26.619  58.159 0.0000000000
56550  21.794  -26.024  57.606 0.0000000000
54042  18.066  -27.657  51.564 0.0000000000
53999  17.018  -28.091  53.184 0.0000000000
53945  17.539  -27.692  55.674 0.0000000000
53933  16.275  -27.676  56.693 0.0000000000
53934  15.505  -27.639  56.780 0.0000000000
53951  12.579  -28.342  56.825 0.0000000000
57997  27.723  -25.510  46.241 0.0000000000
56750  27.564  -25.729  46.679 0.0000000000
55340  25.367  -26.744  47.975 0.0000000000
56708  26.211  -26.358  47.814 0.0000000000
55298  27.496  -27.461  50.071 0.0000000000
54037  27.620  -28.008  51.181 0.0000000000
52863  27.000  -28.412  51.870 0.0000000000
53996  24.835  -28.227  53.974 0.0000000000
53975  25.187  -28.480  54.771 0.0000000000
52774  25.448  -28.532  56.079 0.0000000000
52754  26.747  -28.487  57.324 0.0000000000
52755  26.171  -28.399  57.075 0.0000000000
51403  11.588  -29.825  63.557 0.0000000000
52647  11.807  -29.016  65.492 0.0000000000
83407  52.926  -3.466  27.563 0.0000000000
83366  53.547  -3.757  29.235 0.0000000000
82187  53.174  -4.092  29.800 0.0000000000
80104  48.939  -6.471  27.483 0.0000000000
82166  48.841  -4.744  31.629 0.0000000000
76572  41.476  -10.026  28.318 0.0000000000
75294  43.004  -10.347  30.718 0.0000000000
72661  44.998  -12.374  34.995 0.0000000000
72678  44.630  -12.453  34.100 0.0000000000
72660  45.579  -12.032  35.055 0.0000000000
73895  45.937  -11.590  34.723 0.0000000000
70104  35.189  -15.503  37.618 0.0000000000
70090  35.841  -15.697  38.147 0.0000000000
71254  38.028  -14.821  41.366 0.0000000000
71266  37.722  -14.634  41.096 0.0000000000
71264  39.713  -14.344  41.426 0.0000000000
72524  41.151  -13.800  43.048 0.0000000000
56743  39.210  -25.025  45.978 0.0000000000
56766  38.971  -24.675  45.262 0.0000000000
57992  39.284  -24.377  45.452 0.0000000000
59210  38.713  -23.315  44.200 0.0000000000
60409  38.415  -22.512  43.581 0.0000000000
60393  39.323  -22.220  44.919 0.0000000000
61626  39.888  -21.660  44.808 0.0000000000
59057  43.539  -24.462  52.022 0.0000000000
59081  43.441  -24.046  51.131 0.0000000000
64012  42.326  -20.564  47.343 0.0000000000
64029  42.047  -19.505  45.708 0.0000000000
64035  41.782  -19.000  44.931 0.0000000000
65253  42.176  -18.430  45.007 0.0000000000
66463  43.166  -17.967  45.534 0.0000000000
66462  43.776  -17.441  45.685 0.0000000000
82291  46.943  -3.952  20.920 0.0000000000
82289  49.110  -4.404  20.325 0.0000000000
83447  50.996  -3.323  23.325 0.0000000000
82269  50.838  -3.769  22.969 0.0000000000
83446  51.571  -3.571  23.205 0.0000000000
83432  53.246  -3.247  23.494 0.0000000000
81219  55.067  -4.920  19.428 0.0000000000
83463  55.641  -3.352  20.100 0.0000000000
52770  28.792  -29.827  56.805 0.0000000000
51496  29.939  -29.970  57.060 0.0000000000
52751  30.223  -29.870  57.918 0.0000000000
55159  14.255  -27.157  59.798 0.0000000000
55114  13.871  -26.794  64.648 0.0000000000
77800  43.747  -8.605  25.890 0.0000000000
76569  44.126  -9.715  28.004 0.0000000000
71319  43.707  -13.957  37.989 0.0000000000
72559  44.481  -13.400  40.410 0.0000000000
49004  8.328  -31.771  60.156 0.0000000000
47696  7.233  -32.916  62.499 0.0000000000
47685  7.088  -32.659  63.663 0.0000000000
68846  37.853  -15.644  37.144 0.0000000000
55357  31.511  -27.436  47.170 0.0000000000
54092  32.440  -28.136  48.404 0.0000000000
52893  33.126  -28.593  48.981 0.0000000000
55219  24.278  -27.198  56.271 0.0000000000
56596  22.700  -26.374  54.856 0.0000000000
56597  22.139  -25.944  54.681 0.0000000000
56598  21.508  -25.831  54.462 0.0000000000
53960  15.253  -27.944  55.169 0.0000000000
53981  14.568  -27.846  54.252 0.0000000000
55341  24.247  -26.872  48.033 0.0000000000
54062  25.317  -27.892  50.597 0.0000000000
54019  24.519  -28.027  52.840 0.0000000000
54020  23.923  -27.530  52.276 0.0000000000
81172  52.872  -4.897  25.203 0.0000000000
81145  52.616  -4.663  26.621 0.0000000000
81130  52.350  -4.337  27.159 0.0000000000
82210  52.103  -4.028  27.492 0.0000000000
83395  51.660  -3.475  28.215 0.0000000000
81125  47.715  -5.721  28.763 0.0000000000
82189  47.966  -4.885  30.107 0.0000000000
82178  48.011  -4.752  30.795 0.0000000000
76554  40.527  -10.131  29.222 0.0000000000
76534  41.617  -10.502  30.082 0.0000000000
75295  42.043  -10.881  30.623 0.0000000000
73943  45.252  -11.574  31.681 0.0000000000
73839  47.353  -12.034  37.173 0.0000000000
68806  34.908  -16.014  38.897 0.0000000000
68816  35.099  -15.784  38.698 0.0000000000
70048  36.570  -15.105  40.359 0.0000000000
70047  36.792  -14.764  41.091 0.0000000000
68783  37.453  -15.632  41.480 0.0000000000
70037  37.283  -15.099  41.397 0.0000000000
70046  37.539  -14.819  41.330 0.0000000000
70035  38.711  -14.887  42.071 0.0000000000
71231  39.954  -14.736  43.500 0.0000000000
55352  36.528  -26.363  47.085 0.0000000000
56745  36.902  -25.934  46.030 0.0000000000
56726  37.121  -26.146  46.872 0.0000000000
56684  38.579  -25.806  48.745 0.0000000000
56702  39.169  -25.491  48.063 0.0000000000
57975  40.177  -24.546  46.668 0.0000000000
57974  40.952  -24.569  47.192 0.0000000000
81198  48.211  -5.359  22.342 0.0000000000
81197  48.967  -5.239  22.480 0.0000000000
83427  49.781  -3.831  24.199 0.0000000000
83436  49.953  -3.615  23.966 0.0000000000
83435  50.470  -3.530  23.694 0.0000000000
83425  51.004  -3.700  24.299 0.0000000000
81267  52.398  -5.207  16.313 0.0000000000
82330  51.849  -3.711  17.182 0.0000000000
81264  55.305  -5.181  17.187 0.0000000000
80204  54.124  -6.382  18.562 0.0000000000
81236  54.801  -5.910  18.950 0.0000000000
80160  54.494  -5.881  20.659 0.0000000000
54034  30.437  -27.893  51.473 0.0000000000
54012  31.482  -28.366  52.600 0.0000000000
53992  32.010  -28.919  53.214 0.0000000000
52829  31.735  -29.218  53.530 0.0000000000
52828  32.536  -29.072  53.534 0.0000000000
51495  30.607  -30.201  57.046 0.0000000000
51517  32.140  -30.282  56.681 0.0000000000
51492  33.151  -30.496  57.784 0.0000000000
51516  33.264  -30.459  56.865 0.0000000000
56501  19.238  -26.212  61.064 0.0000000000
56489  18.095  -25.878  62.116 0.0000000000
56461  18.674  -25.556  63.770 0.0000000000
55131  15.939  -25.857  62.597 0.0000000000
56477  16.189  -25.731  63.287 0.0000000000
78960  48.895  -6.702  25.475 0.0000000000
78930  48.336  -7.291  27.168 0.0000000000
77797  46.610  -8.834  26.966 0.0000000000
77781  47.134  -8.124  27.738 0.0000000000
80092  47.281  -6.248  28.523 0.0000000000
80072  46.742  -6.841  29.999 0.0000000000
72695  41.451  -12.833  32.499 0.0000000000
72694  42.353  -12.541  32.594 0.0000000000
71376  43.414  -13.463  34.622 0.0000000000
72617  46.097  -12.034  36.818 0.0000000000
71330  44.628  -13.453  37.387 0.0000000000
72604  45.061  -13.259  37.732 0.0000000000
72603  45.648  -12.764  37.460 0.0000000000
72602  46.364  -12.267  37.219 0.0000000000
72601  46.911  -12.251  37.288 0.0000000000
72585  47.634  -12.374  37.925 0.0000000000
65325  37.420  -18.708  40.046 0.0000000000
65306  37.936  -18.764  40.680 0.0000000000
55245  40.811  -27.025  52.526 0.0000000000
55259  40.869  -26.618  52.461 0.0000000000
56610  41.671  -26.245  52.759 0.0000000000
82275  44.774  -3.880  22.677 0.0000000000
81187  46.222  -5.573  23.642 0.0000000000
84642  51.333  -2.215  18.670 0.0000000000
51456  11.471  -29.680  60.357 0.0000000000
51436  10.975  -30.228  61.993 0.0000000000
50196  10.377  -30.706  61.517 0.0000000000
51418  11.012  -30.259  63.033 0.0000000000
51404  10.940  -30.213  63.965 0.0000000000
51393  10.704  -30.287  64.834 0.0000000000
48987  8.439  -31.855  61.209 0.0000000000
50170  9.168  -31.370  62.566 0.0000000000
48965  9.388  -31.289  63.891 0.0000000000
50160  9.774  -30.891  64.512 0.0000000000
51394  10.082  -30.367  65.363 0.0000000000
75298  39.520  -11.114  29.864 0.0000000000
72733  40.214  -12.366  30.959 0.0000000000
72713  40.579  -12.595  31.430 0.0000000000
72714  39.815  -12.877  31.222 0.0000000000
72696  40.824  -12.920  32.040 0.0000000000
71392  41.314  -13.345  33.102 0.0000000000
71379  40.787  -13.884  33.616 0.0000000000
70131  42.379  -14.622  36.820 0.0000000000
70173  37.731  -14.872  33.034 0.0000000000
70151  38.880  -15.056  33.788 0.0000000000
70150  39.503  -15.056  34.205 0.0000000000
70132  41.684  -14.720  36.122 0.0000000000
70112  42.368  -14.499  37.643 0.0000000000
71308  42.705  -14.106  39.051 0.0000000000
70084  41.615  -14.259  38.880 0.0000000000
72561  43.065  -13.554  41.041 0.0000000000
72548  43.001  -13.593  41.728 0.0000000000
55388  34.207  -26.036  44.512 0.0000000000
55368  35.576  -26.227  46.175 0.0000000000
54107  33.603  -27.253  47.732 0.0000000000
55354  33.951  -26.541  47.001 0.0000000000
54071  36.909  -27.463  49.478 0.0000000000
54010  40.204  -27.733  51.892 0.0000000000
52861  33.476  -28.915  51.713 0.0000000000
52860  34.384  -29.248  51.446 0.0000000000
52807  36.165  -29.393  53.752 0.0000000000
51576  36.057  -29.426  52.856 0.0000000000
51588  35.785  -29.445  52.328 0.0000000000
51594  36.064  -29.417  51.754 0.0000000000
51593  36.842  -29.474  51.700 0.0000000000
51592  37.660  -29.431  51.748 0.0000000000
52856  38.580  -28.678  51.438 0.0000000000
51584  39.203  -29.712  52.695 0.0000000000
52841  38.999  -29.303  52.123 0.0000000000
52855  39.547  -28.291  51.601 0.0000000000
53991  40.643  -27.277  52.315 0.0000000000
53904  26.972  -27.868  59.708 0.0000000000
55167  26.307  -26.726  59.166 0.0000000000
55151  25.550  -27.138  59.509 0.0000000000
55169  24.360  -26.480  59.297 0.0000000000
56495  23.824  -26.377  59.532 0.0000000000
55211  24.136  -26.743  56.658 0.0000000000
56561  24.320  -26.539  57.183 0.0000000000
56547  24.128  -26.293  57.751 0.0000000000
56530  23.887  -26.165  58.464 0.0000000000
56513  23.564  -26.145  59.172 0.0000000000
56496  23.267  -26.084  59.956 0.0000000000
56516  21.332  -25.967  59.776 0.0000000000
55170  19.929  -26.443  59.615 0.0000000000
56672  20.423  -26.208  50.237 0.0000000000
56654  20.544  -26.263  51.261 0.0000000000
56637  19.985  -26.483  51.865 0.0000000000
56600  20.258  -26.461  53.884 0.0000000000
54021  18.366  -27.646  52.502 0.0000000000
55234  19.586  -26.793  54.443 0.0000000000
55171  19.104  -26.602  59.450 0.0000000000
55172  18.104  -26.633  59.393 0.0000000000
53948  14.992  -27.786  56.063 0.0000000000
53935  14.768  -27.619  56.867 0.0000000000
55204  14.641  -27.480  57.402 0.0000000000
55176  14.100  -27.318  58.824 0.0000000000
53925  12.979  -28.238  58.964 0.0000000000
52730  11.289  -29.453  58.914 0.0000000000
52758  10.487  -29.450  57.472 0.0000000000
52742  10.875  -29.506  58.241 0.0000000000
51486  8.752  -30.363  57.891 0.0000000000
50237  9.231  -30.708  59.009 0.0000000000
50238  8.584  -30.818  58.550 0.0000000000
54119  29.863  -27.109  46.763 0.0000000000
54112  29.527  -27.113  47.276 0.0000000000
56748  28.850  -26.165  46.344 0.0000000000
55358  29.172  -26.678  46.968 0.0000000000
54095  29.658  -27.349  47.813 0.0000000000
55314  29.683  -27.274  48.681 0.0000000000
56707  27.075  -26.373  48.115 0.0000000000
56685  27.886  -26.728  48.732 0.0000000000
56706  27.940  -26.427  48.203 0.0000000000
55296  29.215  -27.091  49.830 0.0000000000
54058  29.481  -27.287  50.451 0.0000000000
54035  29.395  -27.509  51.103 0.0000000000
52848  29.157  -28.517  52.624 0.0000000000
52831  29.468  -29.028  53.266 0.0000000000
51578  28.824  -29.394  53.793 0.0000000000
51564  29.019  -29.706  54.496 0.0000000000
52851  26.274  -28.723  52.712 0.0000000000
52834  26.845  -28.981  53.355 0.0000000000
52817  25.820  -28.860  54.559 0.0000000000
52816  26.546  -29.191  54.315 0.0000000000
51548  27.488  -29.632  55.341 0.0000000000
51521  28.620  -29.884  56.178 0.0000000000
53920  28.797  -28.326  58.647 0.0000000000
53929  27.711  -28.024  58.112 0.0000000000
53912  29.026  -28.122  59.021 0.0000000000
56487  19.934  -25.952  61.817 0.0000000000
56472  20.654  -25.705  62.619 0.0000000000
52684  12.291  -29.437  62.016 0.0000000000
52683  12.704  -28.761  62.589 0.0000000000
52670  12.536  -28.662  63.627 0.0000000000
82200  50.668  -3.798  28.494 0.0000000000
81124  48.191  -5.052  28.977 0.0000000000
82202  48.682  -4.179  29.155 0.0000000000
83371  48.981  -3.857  29.885 0.0000000000
83383  49.373  -3.779  29.354 0.0000000000
83369  50.786  -3.065  29.690 0.0000000000
77773  43.850  -9.611  28.629 0.0000000000
77763  44.701  -8.723  29.313 0.0000000000
77707  47.551  -8.088  32.502 0.0000000000
72692  44.528  -12.444  32.991 0.0000000000
72709  44.192  -12.381  32.254 0.0000000000
75222  47.342  -10.906  35.089 0.0000000000
77689  47.810  -8.035  33.193 0.0000000000
70103  38.095  -15.620  37.744 0.0000000000
70076  35.603  -15.748  38.585 0.0000000000
70075  36.363  -15.647  38.975 0.0000000000
70089  36.870  -15.698  38.566 0.0000000000
71282  37.329  -14.524  40.523 0.0000000000
70088  37.921  -15.421  38.437 0.0000000000
70087  38.997  -15.078  38.611 0.0000000000
70071  40.337  -14.414  39.881 0.0000000000
71294  40.605  -14.249  40.293 0.0000000000
71263  40.579  -14.303  41.462 0.0000000000
71278  40.923  -14.225  40.751 0.0000000000
56767  38.329  -24.949  44.951 0.0000000000
56790  37.472  -24.856  44.198 0.0000000000
61684  37.740  -21.473  41.910 0.0000000000
61662  38.351  -21.597  42.930 0.0000000000
61683  38.344  -21.038  42.346 0.0000000000
62853  38.422  -20.459  42.020 0.0000000000
64059  39.013  -19.549  42.380 0.0000000000
64058  39.599  -19.113  42.559 0.0000000000
56629  40.797  -26.095  52.088 0.0000000000
56666  41.283  -25.466  50.655 0.0000000000
57957  41.761  -24.811  48.460 0.0000000000
57973  41.560  -24.191  47.633 0.0000000000
59159  41.525  -23.479  47.096 0.0000000000
60275  43.429  -22.571  49.708 0.0000000000
61526  43.132  -21.730  49.159 0.0000000000
59118  42.890  -23.458  49.266 0.0000000000
59158  42.187  -23.063  47.619 0.0000000000
59177  41.023  -23.186  46.435 0.0000000000
60353  40.739  -22.560  45.956 0.0000000000
61610  40.571  -21.685  45.411 0.0000000000
61625  40.362  -21.394  45.005 0.0000000000
62805  40.651  -20.834  44.806 0.0000000000
65287  39.531  -18.639  42.204 0.0000000000
66497  39.954  -17.805  42.304 0.0000000000
66483  41.510  -17.730  43.854 0.0000000000
67643  41.020  -16.738  43.542 0.0000000000
67644  40.496  -16.226  43.321 0.0000000000
68759  40.701  -15.761  43.576 0.0000000000
70003  40.846  -15.287  43.667 0.0000000000
70014  40.854  -14.838  43.719 0.0000000000
65243  44.203  -18.434  46.636 0.0000000000
66472  43.271  -16.886  45.254 0.0000000000
67620  44.268  -16.360  46.220 0.0000000000
67630  43.529  -16.233  45.458 0.0000000000
70001  41.680  -15.060  44.743 0.0000000000
71215  41.536  -14.526  44.454 0.0000000000
71229  41.360  -13.926  44.016 0.0000000000
71228  41.909  -13.719  44.338 0.0000000000
72507  42.407  -13.589  44.272 0.0000000000
72490  42.637  -13.673  44.841 0.0000000000
81221  51.214  -5.579  19.458 0.0000000000
80162  52.838  -6.462  20.586 0.0000000000
81202  54.291  -5.402  21.383 0.0000000000
81203  53.723  -5.293  21.971 0.0000000000
84600  54.058  -2.815  23.145 0.0000000000
46506  6.852  -33.423  60.661 0.0000000000
47709  6.667  -33.676  61.414 0.0000000000
50229  8.864  -30.963  59.239 0.0000000000
51549  26.720  -29.411  55.438 0.0000000000
51567  26.624  -29.344  54.902 0.0000000000
51595  35.596  -29.482  51.846 0.0000000000
52689  28.901  -28.962  60.587 0.0000000000
52769  34.015  -30.452  56.507 0.0000000000
52813  30.727  -29.831  54.047 0.0000000000
52824  36.057  -29.397  53.233 0.0000000000
52833  27.704  -28.910  53.205 0.0000000000
53914  28.044  -27.716  59.667 0.0000000000
53932  25.689  -27.427  57.165 0.0000000000
53994  30.997  -28.540  52.903 0.0000000000
54011  32.100  -28.667  52.916 0.0000000000
54017  27.335  -28.307  51.709 0.0000000000
54052  38.102  -27.644  50.407 0.0000000000
54060  27.217  -27.772  50.679 0.0000000000
54098  23.842  -27.144  48.783 0.0000000000
55197  25.870  -27.004  57.476 0.0000000000
55243  41.733  -26.584  53.096 0.0000000000
55275  39.032  -27.267  50.941 0.0000000000
55335  29.615  -27.339  48.195 0.0000000000
55351  37.323  -26.254  47.355 0.0000000000
55374  29.528  -26.611  46.268 0.0000000000
56544  26.039  -26.775  57.851 0.0000000000
56545  25.673  -26.628  57.796 0.0000000000
56628  41.577  -25.871  52.319 0.0000000000
56635  21.152  -26.039  52.597 0.0000000000
56686  27.565  -26.625  48.563 0.0000000000
56789  38.014  -24.707  44.357 0.0000000000
57882  42.051  -25.694  52.288 0.0000000000
58011  39.389  -23.733  45.308 0.0000000000
58013  38.340  -24.482  44.378 0.0000000000
59178  40.444  -23.452  46.086 0.0000000000
59193  38.974  -23.224  44.935 0.0000000000
59230  37.588  -23.388  43.304 0.0000000000
60293  42.938  -22.564  48.809 0.0000000000
60312  42.253  -22.122  47.592 0.0000000000
60332  41.869  -22.436  47.239 0.0000000000
60376  39.175  -22.679  45.072 0.0000000000
60410  37.966  -22.953  43.372 0.0000000000
60432  37.729  -22.512  42.922 0.0000000000
61512  43.712  -21.720  49.625 0.0000000000
61567  41.991  -21.615  47.413 0.0000000000
61611  40.109  -22.065  45.242 0.0000000000
61627  39.275  -21.953  44.613 0.0000000000
62767  42.309  -20.925  47.866 0.0000000000
62806  40.072  -21.086  44.470 0.0000000000
65252  42.708  -18.453  45.546 0.0000000000
65274  40.039  -18.635  42.641 0.0000000000
65305  38.408  -18.768  41.207 0.0000000000
67619  44.675  -16.731  46.948 0.0000000000
67693  34.981  -16.247  39.029 0.0000000000
68746  42.952  -15.676  45.272 0.0000000000
68749  41.150  -15.489  43.758 0.0000000000
68758  41.243  -15.951  43.735 0.0000000000
68770  39.442  -15.551  42.628 0.0000000000
68794  36.564  -15.420  40.532 0.0000000000
68829  37.317  -15.817  37.832 0.0000000000
69981  43.229  -14.790  45.905 0.0000000000
69983  42.121  -14.946  45.254 0.0000000000
70002  41.223  -15.033  43.952 0.0000000000
70015  40.414  -15.101  43.642 0.0000000000
70036  38.076  -15.096  41.640 0.0000000000
70061  35.935  -15.865  38.948 0.0000000000
71213  42.786  -13.761  45.169 0.0000000000
71216  41.145  -14.928  44.088 0.0000000000
71242  39.049  -14.693  42.309 0.0000000000
71279  40.135  -14.424  40.608 0.0000000000
71297  37.609  -14.656  40.280 0.0000000000
71310  41.459  -14.026  39.544 0.0000000000
71321  42.297  -14.198  38.675 0.0000000000
72508  41.799  -13.662  44.058 0.0000000000
73821  47.560  -12.282  37.680 0.0000000000
73881  47.642  -11.030  35.517 0.0000000000
73948  40.583  -12.182  31.037 0.0000000000
75291  45.676  -9.779  30.270 0.0000000000
75334  41.900  -10.225  27.971 0.0000000000
75336  40.256  -10.175  29.110 0.0000000000
75342  42.171  -10.247  27.815 0.0000000000
77784  41.343  -9.094  27.102 0.0000000000
80152  54.395  -5.639  21.070 0.0000000000
80153  54.054  -5.900  21.279 0.0000000000
80164  51.014  -6.174  21.136 0.0000000000
80169  53.568  -6.655  19.853 0.0000000000
81144  53.101  -4.416  26.371 0.0000000000
81174  51.667  -5.139  24.874 0.0000000000
81192  53.593  -4.728  22.459 0.0000000000
81193  53.062  -4.942  22.663 0.0000000000
81268  51.941  -4.364  16.690 0.0000000000
82199  51.111  -3.586  28.352 0.0000000000
82299  55.141  -4.525  19.349 0.0000000000
83357  52.235  -3.622  29.966 0.0000000000
