#!ascii label  , from subject sub.01.bl.02 vox2ras=TkReg
1075
136041  31.998  -24.381  41.290 0.0000000000
81149  39.592  -5.417  26.157 0.0000000000
70176  31.957  -14.697  33.732 0.0000000000
56638  12.833  -25.135  51.981 0.0000000000
62811  26.624  -19.335  44.305 0.0000000000
75269  32.231  -9.849  33.064 0.0000000000
60344  17.890  -22.751  46.845 0.0000000000
55306  15.985  -26.771  49.763 0.0000000000
58047  21.907  -24.671  44.320 0.0000000000
78965  44.030  -7.195  25.290 0.0000000000
64080  33.559  -19.903  41.756 0.0000000000
65364  32.223  -18.453  38.761 0.0000000000
60466  35.783  -22.751  40.608 0.0000000000
84578  42.402  -1.577  25.305 0.0000000000
83448  45.070  -3.562  22.215 0.0000000000
80082  36.679  -5.649  28.826 0.0000000000
76574  39.341  -9.931  28.419 0.0000000000
75321  35.619  -9.880  29.643 0.0000000000
71397  36.890  -13.952  32.053 0.0000000000
55392  30.661  -26.727  45.351 0.0000000000
52819  11.251  -28.359  55.124 0.0000000000
53952  7.043  -27.543  56.052 0.0000000000
52717  6.063  -28.382  60.642 0.0000000000
60436  29.314  -22.690  41.973 0.0000000000
58020  26.614  -24.611  45.186 0.0000000000
71313  29.083  -14.111  38.186 0.0000000000
68831  34.499  -15.716  38.310 0.0000000000
87885  47.855  0.153  21.512 0.0000000000
80136  42.409  -6.395  25.273 0.0000000000
77801  42.717  -8.670  26.277 0.0000000000
61700  33.359  -21.854  40.512 0.0000000000
61713  33.656  -21.542  39.354 0.0000000000
58114  33.637  -24.362  40.663 0.0000000000
83400  39.436  -2.893  27.308 0.0000000000
84551  41.616  -1.684  27.742 0.0000000000
83417  40.615  -3.199  25.380 0.0000000000
82235  42.631  -5.016  24.199 0.0000000000
47730  6.457  -33.132  59.836 0.0000000000
78924  35.482  -7.512  28.558 0.0000000000
78894  34.395  -7.019  30.944 0.0000000000
71402  31.333  -12.830  32.732 0.0000000000
72720  33.375  -12.439  31.393 0.0000000000
70198  34.505  -14.733  32.510 0.0000000000
68888  35.641  -15.958  35.423 0.0000000000
55284  14.423  -26.392  50.985 0.0000000000
54023  16.453  -28.018  52.122 0.0000000000
54026  13.712  -27.141  52.582 0.0000000000
53982  13.597  -27.858  54.376 0.0000000000
55253  11.860  -26.696  53.062 0.0000000000
56567  8.700  -25.064  56.673 0.0000000000
53927  6.329  -27.135  58.498 0.0000000000
61630  28.892  -20.727  43.496 0.0000000000
59235  27.032  -23.507  42.384 0.0000000000
60440  26.063  -22.008  42.329 0.0000000000
56756  21.550  -25.617  46.643 0.0000000000
55361  23.658  -26.779  47.283 0.0000000000
66538  36.574  -17.902  39.354 0.0000000000
66557  33.360  -17.012  38.510 0.0000000000
77694  34.509  -8.052  33.119 0.0000000000
72667  32.074  -10.135  35.252 0.0000000000
72669  30.238  -12.115  34.526 0.0000000000
57981  19.689  -24.901  47.265 0.0000000000
55322  19.184  -26.698  49.708 0.0000000000
57965  17.130  -24.948  48.043 0.0000000000
57937  15.127  -24.057  49.774 0.0000000000
59072  14.194  -22.371  52.164 0.0000000000
61672  23.651  -21.047  42.424 0.0000000000
60399  21.842  -21.447  44.466 0.0000000000
58049  20.206  -23.541  45.060 0.0000000000
65293  31.613  -18.487  43.419 0.0000000000
66513  29.969  -18.124  42.367 0.0000000000
64119  32.318  -19.567  39.571 0.0000000000
62906  35.071  -20.335  38.421 0.0000000000
86830  44.684  -0.389  23.080 0.0000000000
84594  43.097  -2.380  22.931 0.0000000000
82249  44.516  -5.083  23.765 0.0000000000
81137  37.804  -5.521  27.237 0.0000000000
77804  39.728  -7.814  26.985 0.0000000000
78935  37.206  -7.318  27.273 0.0000000000
76555  37.594  -9.891  28.992 0.0000000000
72735  38.624  -12.069  30.748 0.0000000000
75304  33.437  -10.330  30.723 0.0000000000
72718  35.858  -12.396  31.115 0.0000000000
56811  30.997  -25.896  42.649 0.0000000000
136037  33.670  -25.842  43.359 0.0000000000
82193  39.484  -3.781  29.711 0.0000000000
57847  11.657  -22.831  54.092 0.0000000000
56622  9.553  -25.878  54.007 0.0000000000
53967  8.470  -27.718  54.959 0.0000000000
51528  8.715  -29.487  56.621 0.0000000000
51505  7.120  -29.973  56.893 0.0000000000
50241  5.832  -30.873  58.416 0.0000000000
51459  5.334  -29.896  60.325 0.0000000000
50182  4.599  -29.882  62.109 0.0000000000
58100  30.552  -24.115  41.587 0.0000000000
56830  29.301  -25.656  42.411 0.0000000000
56773  28.349  -25.740  45.627 0.0000000000
58045  24.577  -24.603  43.713 0.0000000000
70136  30.025  -14.588  35.250 0.0000000000
66561  28.614  -17.268  38.943 0.0000000000
67753  30.856  -16.874  36.236 0.0000000000
68890  33.711  -16.203  35.563 0.0000000000
56810  36.801  -24.790  43.682 0.0000000000
85723  49.277  -1.501  20.372 0.0000000000
85715  46.289  -1.272  21.848 0.0000000000
84618  48.011  -2.543  20.804 0.0000000000
80138  40.605  -5.973  25.943 0.0000000000
78949  42.051  -7.797  26.235 0.0000000000
78950  41.130  -7.248  26.524 0.0000000000
60452  32.589  -23.356  40.979 0.0000000000
60467  33.294  -23.077  39.993 0.0000000000
60468  32.980  -23.870  40.608 0.0000000000
82225  39.292  -4.117  26.493 0.0000000000
83409  39.873  -3.143  26.380 0.0000000000
81167  40.432  -5.337  25.543 0.0000000000
81166  41.624  -5.511  25.037 0.0000000000
47750  5.294  -32.752  59.952 0.0000000000
80060  34.867  -6.666  30.902 0.0000000000
77732  35.417  -7.313  32.155 0.0000000000
71401  32.290  -13.876  32.724 0.0000000000
71400  33.655  -13.979  32.089 0.0000000000
70199  33.329  -14.948  32.876 0.0000000000
68940  35.215  -15.763  33.611 0.0000000000
68941  34.203  -15.899  33.757 0.0000000000
56658  13.550  -25.198  51.511 0.0000000000
55267  14.313  -26.881  51.666 0.0000000000
55268  13.445  -26.494  52.085 0.0000000000
55252  12.932  -26.969  52.767 0.0000000000
56639  12.097  -25.065  52.361 0.0000000000
62810  27.802  -19.607  43.822 0.0000000000
61669  26.792  -21.150  42.065 0.0000000000
61648  26.304  -19.948  42.651 0.0000000000
56687  21.494  -26.031  49.050 0.0000000000
70049  29.860  -14.366  42.459 0.0000000000
67691  36.318  -17.097  39.500 0.0000000000
72668  31.076  -11.112  34.734 0.0000000000
72647  30.863  -11.299  35.525 0.0000000000
58004  18.694  -23.938  46.685 0.0000000000
57964  17.890  -25.363  47.710 0.0000000000
59170  17.057  -23.841  47.805 0.0000000000
60307  15.650  -22.517  49.497 0.0000000000
59093  14.999  -22.287  50.830 0.0000000000
59113  14.584  -23.227  50.673 0.0000000000
61618  23.777  -19.969  45.647 0.0000000000
61601  19.131  -21.551  46.260 0.0000000000
61621  20.048  -21.538  45.526 0.0000000000
60387  19.009  -22.647  46.067 0.0000000000
58003  19.413  -24.240  46.586 0.0000000000
65309  32.055  -19.464  42.041 0.0000000000
64081  32.956  -19.825  41.562 0.0000000000
60482  34.937  -22.531  39.420 0.0000000000
61724  34.294  -20.987  38.496 0.0000000000
61711  35.502  -21.597  39.167 0.0000000000
62871  36.790  -20.484  40.250 0.0000000000
61698  37.000  -21.454  40.850 0.0000000000
84565  42.034  -1.591  26.619 0.0000000000
85701  42.825  -1.419  24.245 0.0000000000
84587  42.283  -2.239  24.092 0.0000000000
81165  42.781  -5.635  24.497 0.0000000000
81180  43.520  -5.331  24.138 0.0000000000
81163  44.463  -5.959  24.676 0.0000000000
81126  37.165  -5.190  28.168 0.0000000000
80122  37.781  -6.592  26.906 0.0000000000
80107  36.563  -6.915  27.639 0.0000000000
76558  35.270  -9.004  29.388 0.0000000000
76577  36.399  -9.035  28.804 0.0000000000
76556  36.830  -9.681  29.119 0.0000000000
75299  37.548  -10.845  29.843 0.0000000000
75300  36.798  -10.677  29.993 0.0000000000
76509  33.335  -8.505  32.915 0.0000000000
76520  33.171  -8.773  31.788 0.0000000000
75283  32.844  -10.003  31.428 0.0000000000
71420  35.318  -13.260  31.531 0.0000000000
72719  34.660  -12.494  31.148 0.0000000000
71419  36.400  -13.246  31.592 0.0000000000
71418  37.423  -13.285  31.669 0.0000000000
55420  30.950  -26.372  43.625 0.0000000000
55405  32.398  -26.373  44.001 0.0000000000
81107  38.164  -4.958  30.734 0.0000000000
82195  37.660  -4.360  28.563 0.0000000000
82205  38.133  -3.764  28.078 0.0000000000
55324  17.244  -27.081  48.978 0.0000000000
54065  17.782  -27.583  50.500 0.0000000000
53983  12.630  -28.087  54.542 0.0000000000
53950  13.394  -28.125  56.483 0.0000000000
53964  11.843  -28.352  55.339 0.0000000000
52797  10.688  -28.525  55.540 0.0000000000
57848  10.677  -23.627  54.545 0.0000000000
57874  10.488  -24.652  53.735 0.0000000000
57827  9.806  -23.953  55.381 0.0000000000
56569  7.604  -26.291  55.829 0.0000000000
56583  8.076  -26.187  55.210 0.0000000000
53968  7.716  -27.651  55.456 0.0000000000
52778  9.235  -29.059  56.087 0.0000000000
52780  7.444  -28.516  55.945 0.0000000000
51504  8.189  -30.102  57.180 0.0000000000
51530  6.872  -29.145  56.506 0.0000000000
52731  6.038  -28.335  59.556 0.0000000000
52744  5.707  -29.029  58.156 0.0000000000
51474  5.755  -28.997  59.384 0.0000000000
50230  5.269  -30.815  59.684 0.0000000000
51437  5.669  -29.161  61.002 0.0000000000
59233  30.505  -23.181  43.285 0.0000000000
136034  31.191  -23.425  42.557 0.0000000000
58083  30.399  -23.415  42.067 0.0000000000
56829  30.152  -25.197  41.847 0.0000000000
59257  29.216  -24.005  41.539 0.0000000000
58067  26.525  -23.893  43.399 0.0000000000
58065  27.897  -25.175  43.704 0.0000000000
58042  27.224  -24.656  44.470 0.0000000000
58069  22.551  -24.069  43.262 0.0000000000
59261  24.057  -22.811  42.323 0.0000000000
58046  23.287  -24.882  43.736 0.0000000000
55360  24.563  -26.652  47.081 0.0000000000
77786  39.847  -8.679  27.334 0.0000000000
77785  40.921  -8.930  27.224 0.0000000000
76572  41.476  -10.026  28.318 0.0000000000
72592  29.844  -12.731  38.008 0.0000000000
72627  29.905  -12.511  36.364 0.0000000000
71334  29.226  -13.872  36.891 0.0000000000
65329  30.180  -18.724  40.224 0.0000000000
66525  28.779  -17.321  40.820 0.0000000000
66558  30.849  -18.256  38.987 0.0000000000
68818  33.731  -16.281  38.266 0.0000000000
67722  31.880  -16.990  37.670 0.0000000000
68851  32.757  -16.702  37.003 0.0000000000
68870  32.273  -16.858  35.867 0.0000000000
70117  34.084  -15.831  37.098 0.0000000000
68849  35.000  -15.512  37.062 0.0000000000
136032  35.540  -25.221  43.286 0.0000000000
86846  48.825  -0.982  20.906 0.0000000000
85717  44.796  -2.115  21.968 0.0000000000
85709  45.386  -0.926  22.146 0.0000000000
84608  45.330  -2.513  21.663 0.0000000000
82291  46.943  -3.952  20.920 0.0000000000
81216  48.568  -4.943  20.870 0.0000000000
61576  18.521  -21.339  47.028 0.0000000000
61556  17.114  -22.103  47.625 0.0000000000
78966  43.119  -7.133  25.479 0.0000000000
77814  44.421  -8.023  25.515 0.0000000000
78948  42.909  -7.868  25.852 0.0000000000
62872  33.750  -21.060  40.895 0.0000000000
62873  33.407  -20.775  40.341 0.0000000000
60483  34.077  -22.693  39.346 0.0000000000
59291  34.726  -23.814  40.449 0.0000000000
83398  41.661  -1.949  28.430 0.0000000000
84552  40.794  -2.087  27.569 0.0000000000
84580  40.740  -2.519  26.059 0.0000000000
84579  41.369  -2.277  25.522 0.0000000000
83429  41.965  -3.357  24.301 0.0000000000
82236  42.043  -4.656  24.420 0.0000000000
49021  7.384  -32.171  59.436 0.0000000000
80073  36.710  -5.799  29.853 0.0000000000
80083  35.867  -5.997  29.129 0.0000000000
80084  35.202  -6.549  29.482 0.0000000000
78915  34.545  -7.488  29.700 0.0000000000
76559  34.550  -9.202  29.849 0.0000000000
73929  31.776  -10.949  32.329 0.0000000000
72721  32.457  -11.608  31.539 0.0000000000
72698  32.094  -12.450  32.043 0.0000000000
71399  34.852  -14.004  31.979 0.0000000000
70197  35.484  -14.605  32.439 0.0000000000
68939  36.313  -15.368  33.322 0.0000000000
68887  36.670  -15.736  35.274 0.0000000000
54118  30.450  -27.318  46.816 0.0000000000
55283  15.098  -26.671  50.614 0.0000000000
54044  15.958  -27.398  51.020 0.0000000000
55266  14.815  -27.063  51.240 0.0000000000
54001  14.869  -27.797  53.205 0.0000000000
54003  12.739  -27.599  53.532 0.0000000000
54004  11.743  -27.674  53.797 0.0000000000
57813  9.281  -24.567  56.075 0.0000000000
56553  8.197  -25.342  57.442 0.0000000000
55206  7.132  -26.391  57.657 0.0000000000
53940  6.318  -27.203  57.632 0.0000000000
53926  6.722  -26.686  58.155 0.0000000000
53909  6.743  -26.705  59.839 0.0000000000
53898  6.810  -26.769  60.824 0.0000000000
60415  29.173  -21.839  42.859 0.0000000000
59276  28.084  -23.250  41.403 0.0000000000
60438  27.725  -22.150  41.804 0.0000000000
60416  26.198  -22.646  42.440 0.0000000000
59215  25.914  -23.851  43.486 0.0000000000
56778  21.904  -25.610  45.837 0.0000000000
56777  22.550  -25.780  45.271 0.0000000000
55362  22.868  -26.582  47.392 0.0000000000
75316  40.363  -10.418  29.554 0.0000000000
70077  29.223  -14.373  39.841 0.0000000000
65362  34.069  -18.157  38.099 0.0000000000
66574  33.192  -17.591  38.470 0.0000000000
66555  34.643  -17.275  38.725 0.0000000000
67708  34.800  -16.708  39.046 0.0000000000
89007  46.988  1.263  22.186 0.0000000000
47732  3.995  -32.585  61.200 0.0000000000
75252  34.532  -8.889  34.237 0.0000000000
75253  32.980  -8.827  33.856 0.0000000000
73918  31.838  -10.348  33.701 0.0000000000
73919  31.065  -11.103  33.528 0.0000000000
72684  30.581  -12.100  33.593 0.0000000000
71382  31.153  -13.620  33.283 0.0000000000
56712  20.449  -25.726  48.497 0.0000000000
56672  20.423  -26.208  50.237 0.0000000000
56713  19.705  -25.900  48.345 0.0000000000
56715  17.536  -26.178  48.276 0.0000000000
56692  16.717  -26.275  48.710 0.0000000000
59152  16.346  -23.652  48.371 0.0000000000
57949  15.858  -24.365  48.917 0.0000000000
56674  15.540  -26.074  49.715 0.0000000000
56676  14.544  -24.700  50.554 0.0000000000
57920  13.862  -24.332  51.334 0.0000000000
57897  13.282  -23.722  51.865 0.0000000000
62841  24.792  -19.890  42.762 0.0000000000
61632  23.753  -19.983  44.195 0.0000000000
61651  22.479  -21.060  44.056 0.0000000000
59241  21.373  -22.752  43.795 0.0000000000
60384  21.178  -21.650  45.226 0.0000000000
60401  20.737  -22.711  44.525 0.0000000000
58048  20.806  -23.928  44.920 0.0000000000
58001  21.074  -25.086  46.573 0.0000000000
56734  20.656  -25.342  47.657 0.0000000000
67672  30.998  -16.571  43.583 0.0000000000
67673  30.290  -16.777  42.795 0.0000000000
66512  30.765  -17.741  43.275 0.0000000000
65310  30.979  -19.416  41.545 0.0000000000
64139  32.161  -19.142  39.010 0.0000000000
62891  33.247  -20.381  39.415 0.0000000000
62908  33.436  -19.843  38.688 0.0000000000
64137  33.915  -19.035  38.201 0.0000000000
64117  35.740  -19.108  38.550 0.0000000000
64096  37.395  -19.589  40.445 0.0000000000
85699  44.045  -0.572  24.106 0.0000000000
85711  43.710  -2.021  22.608 0.0000000000
84602  43.726  -2.796  22.591 0.0000000000
82263  42.982  -3.797  23.576 0.0000000000
82262  43.653  -4.194  23.428 0.0000000000
81150  38.601  -5.552  26.710 0.0000000000
78951  40.082  -7.177  26.689 0.0000000000
80121  38.565  -6.525  26.659 0.0000000000
78934  38.023  -7.905  27.092 0.0000000000
77787  38.569  -8.866  27.700 0.0000000000
78923  36.084  -7.460  27.999 0.0000000000
77775  37.757  -8.977  28.049 0.0000000000
76575  38.334  -9.614  28.448 0.0000000000
75317  39.408  -10.789  29.472 0.0000000000
73967  39.315  -11.493  30.183 0.0000000000
77733  34.309  -7.379  31.767 0.0000000000
77751  33.538  -8.592  31.028 0.0000000000
75303  34.174  -10.036  30.181 0.0000000000
73951  33.102  -11.158  30.959 0.0000000000
73972  34.618  -11.023  30.348 0.0000000000
73971  35.495  -11.070  30.404 0.0000000000
72736  37.621  -11.956  30.757 0.0000000000
56828  31.305  -25.189  41.792 0.0000000000
136044  32.866  -25.434  41.978 0.0000000000
136020  32.823  -25.913  43.078 0.0000000000
55389  33.393  -26.190  44.370 0.0000000000
82204  39.137  -3.389  28.595 0.0000000000
82216  38.394  -4.511  27.097 0.0000000000
57871  12.943  -23.143  52.688 0.0000000000
59048  12.518  -22.228  53.947 0.0000000000
57899  11.998  -24.336  52.867 0.0000000000
56640  11.594  -24.972  52.840 0.0000000000
56620  11.058  -25.552  53.257 0.0000000000
55236  10.095  -27.432  54.086 0.0000000000
57828  9.213  -24.789  54.995 0.0000000000
55237  9.480  -26.948  54.073 0.0000000000
53986  9.753  -27.714  54.444 0.0000000000
52798  9.722  -28.604  55.538 0.0000000000
52777  10.256  -29.095  56.548 0.0000000000
50239  7.794  -30.991  58.168 0.0000000000
51506  6.273  -29.452  57.196 0.0000000000
50254  6.535  -30.404  57.540 0.0000000000
49035  6.675  -31.646  58.654 0.0000000000
49036  6.082  -31.694  58.802 0.0000000000
49023  5.595  -31.885  59.327 0.0000000000
49006  4.797  -31.777  60.263 0.0000000000
51419  5.481  -29.082  61.805 0.0000000000
51438  5.208  -29.850  61.363 0.0000000000
48989  4.448  -31.285  61.063 0.0000000000
136040  32.263  -23.209  41.928 0.0000000000
136036  31.408  -23.481  41.957 0.0000000000
56845  31.235  -24.165  41.464 0.0000000000
56812  29.996  -26.188  43.211 0.0000000000
55408  30.213  -26.468  44.432 0.0000000000
58101  28.127  -23.835  41.617 0.0000000000
56813  28.827  -25.792  43.295 0.0000000000
55393  29.864  -26.505  45.337 0.0000000000
61671  24.644  -20.869  42.230 0.0000000000
59216  25.286  -24.002  43.310 0.0000000000
58021  25.771  -24.671  45.009 0.0000000000
56776  23.813  -26.074  45.264 0.0000000000
56753  25.392  -25.947  45.977 0.0000000000
58000  26.178  -24.951  45.655 0.0000000000
77803  40.567  -8.080  26.960 0.0000000000
72626  30.595  -11.512  36.315 0.0000000000
71364  29.843  -13.043  34.635 0.0000000000
70153  30.991  -14.889  34.566 0.0000000000
68797  29.179  -15.983  41.665 0.0000000000
68809  28.478  -16.173  40.002 0.0000000000
68834  28.681  -15.692  38.659 0.0000000000
66576  31.023  -17.825  38.308 0.0000000000
67724  29.886  -17.350  37.598 0.0000000000
68873  29.238  -15.258  36.931 0.0000000000
68894  30.036  -15.188  35.659 0.0000000000
68892  31.633  -16.186  34.988 0.0000000000
68916  32.944  -15.975  34.601 0.0000000000
68889  34.638  -16.035  35.568 0.0000000000
136046  34.057  -25.232  42.246 0.0000000000
58098  35.331  -24.884  42.496 0.0000000000
59271  36.273  -23.568  41.733 0.0000000000
58062  37.540  -24.066  43.514 0.0000000000
60451  37.060  -22.556  42.150 0.0000000000
86844  50.239  -0.412  20.249 0.0000000000
86834  46.437  -0.256  22.097 0.0000000000
86842  46.914  -0.830  21.915 0.0000000000
83468  46.427  -3.180  21.076 0.0000000000
84619  47.243  -2.684  21.051 0.0000000000
85724  48.217  -1.486  20.949 0.0000000000
84617  48.649  -2.261  20.378 0.0000000000
83482  49.291  -3.203  19.928 0.0000000000
81148  40.268  -5.772  25.996 0.0000000000
80118  40.984  -6.635  26.322 0.0000000000
80119  40.433  -6.369  26.285 0.0000000000
136043  32.654  -24.641  41.069 0.0000000000
81168  39.759  -4.733  25.854 0.0000000000
46508  5.349  -33.593  60.547 0.0000000000
71381  31.798  -14.082  33.231 0.0000000000
70200  32.580  -14.633  33.160 0.0000000000
70175  32.746  -14.962  33.372 0.0000000000
68960  33.755  -15.473  33.347 0.0000000000
68942  33.131  -15.500  33.773 0.0000000000
55269  12.455  -26.062  52.406 0.0000000000
62824  27.339  -19.896  43.018 0.0000000000
62825  26.784  -19.668  43.226 0.0000000000
55321  21.555  -26.125  49.663 0.0000000000
55320  22.094  -26.391  49.240 0.0000000000
68795  30.156  -15.165  43.232 0.0000000000
59187  18.592  -23.199  46.460 0.0000000000
59169  17.884  -23.748  47.036 0.0000000000
61602  18.593  -21.800  46.525 0.0000000000
60366  18.885  -21.973  46.185 0.0000000000
60367  18.616  -22.402  46.351 0.0000000000
59186  19.067  -23.640  46.354 0.0000000000
60481  35.717  -22.348  40.130 0.0000000000
61710  36.249  -21.411  40.012 0.0000000000
60480  36.356  -21.978  40.463 0.0000000000
80135  43.470  -6.452  25.011 0.0000000000
81164  43.909  -5.926  24.564 0.0000000000
80134  44.540  -6.444  24.967 0.0000000000
80144  44.717  -5.980  24.747 0.0000000000
49020  8.261  -31.402  59.184 0.0000000000
80094  36.659  -5.754  28.118 0.0000000000
76557  36.081  -9.413  29.307 0.0000000000
75320  36.437  -10.046  29.647 0.0000000000
75301  35.964  -10.514  30.063 0.0000000000
75268  32.703  -9.322  32.516 0.0000000000
75284  32.346  -10.200  32.148 0.0000000000
71398  35.896  -13.944  32.042 0.0000000000
55407  30.905  -26.601  44.472 0.0000000000
55391  31.498  -26.700  45.287 0.0000000000
81118  37.523  -4.920  29.554 0.0000000000
54082  17.012  -27.428  49.547 0.0000000000
54066  16.721  -27.516  50.180 0.0000000000
53984  11.666  -28.199  54.738 0.0000000000
53963  12.442  -28.343  55.657 0.0000000000
52818  11.602  -28.345  55.235 0.0000000000
52796  11.648  -28.465  55.768 0.0000000000
55224  7.515  -26.782  55.611 0.0000000000
52800  8.136  -28.296  55.476 0.0000000000
51529  7.760  -29.415  56.428 0.0000000000
52781  6.632  -28.331  56.478 0.0000000000
53910  6.366  -27.516  60.246 0.0000000000
51458  5.761  -29.103  60.003 0.0000000000
59234  29.825  -22.926  42.657 0.0000000000
59255  30.186  -23.226  42.503 0.0000000000
59256  29.598  -23.356  41.770 0.0000000000
59274  29.188  -23.395  41.515 0.0000000000
58043  26.383  -24.192  44.078 0.0000000000
58019  27.333  -24.914  45.499 0.0000000000
58070  21.972  -23.951  43.645 0.0000000000
76587  39.607  -9.481  27.893 0.0000000000
76586  40.611  -9.462  27.772 0.0000000000
76573  40.349  -9.977  28.634 0.0000000000
71298  29.894  -12.953  38.935 0.0000000000
71311  29.854  -12.763  38.328 0.0000000000
71312  29.515  -13.253  38.085 0.0000000000
71322  29.396  -13.441  37.206 0.0000000000
71323  29.157  -13.947  37.407 0.0000000000
65346  31.086  -18.711  39.387 0.0000000000
65347  30.388  -18.464  39.457 0.0000000000
65365  31.511  -18.120  38.805 0.0000000000
68817  34.349  -15.998  38.596 0.0000000000
68833  33.137  -16.387  37.794 0.0000000000
68832  33.890  -15.892  38.029 0.0000000000
68850  33.591  -16.195  37.383 0.0000000000
70092  34.344  -15.600  37.927 0.0000000000
70105  34.533  -15.563  37.451 0.0000000000
87884  48.360  0.598  21.552 0.0000000000
86839  48.817  0.056  21.218 0.0000000000
86840  48.316  -0.406  21.204 0.0000000000
84609  44.819  -2.764  22.022 0.0000000000
83458  45.247  -3.153  21.823 0.0000000000
61554  18.686  -21.059  48.036 0.0000000000
61555  17.728  -21.363  47.705 0.0000000000
61532  18.355  -21.039  48.793 0.0000000000
61553  19.392  -21.047  47.820 0.0000000000
78967  42.244  -7.123  25.823 0.0000000000
61699  33.588  -21.410  40.849 0.0000000000
59292  33.983  -23.516  39.869 0.0000000000
59307  34.541  -23.157  39.753 0.0000000000
83399  39.836  -2.670  27.679 0.0000000000
84543  40.529  -2.429  28.135 0.0000000000
84568  39.889  -2.641  27.067 0.0000000000
83418  40.227  -3.332  25.851 0.0000000000
83408  40.365  -2.932  26.070 0.0000000000
83416  41.464  -3.458  24.583 0.0000000000
82237  40.922  -4.394  24.894 0.0000000000
47748  6.681  -32.747  59.533 0.0000000000
80058  36.740  -6.207  30.984 0.0000000000
80074  35.832  -6.126  30.159 0.0000000000
80061  34.590  -6.817  30.788 0.0000000000
80076  34.590  -6.835  30.492 0.0000000000
78907  34.316  -7.356  30.207 0.0000000000
77766  34.472  -8.209  29.743 0.0000000000
77750  33.888  -7.856  30.741 0.0000000000
72699  31.240  -11.751  32.770 0.0000000000
68957  35.889  -15.004  32.762 0.0000000000
68958  35.307  -15.191  32.914 0.0000000000
68913  36.028  -15.962  34.370 0.0000000000
81108  37.429  -5.600  30.600 0.0000000000
56656  14.597  -25.974  50.548 0.0000000000
54025  14.203  -27.306  52.438 0.0000000000
53981  14.568  -27.846  54.252 0.0000000000
54002  13.750  -27.541  53.198 0.0000000000
56536  8.136  -25.259  58.466 0.0000000000
55215  7.600  -25.961  57.224 0.0000000000
55205  7.797  -25.917  58.043 0.0000000000
55193  7.278  -26.260  58.510 0.0000000000
60381  29.478  -21.295  43.941 0.0000000000
60397  29.619  -22.026  43.663 0.0000000000
61645  28.566  -21.314  42.595 0.0000000000
61667  28.152  -21.709  42.086 0.0000000000
60439  26.737  -22.355  42.045 0.0000000000
59236  26.367  -23.361  42.831 0.0000000000
60417  25.776  -22.787  42.579 0.0000000000
56732  22.052  -26.192  47.431 0.0000000000
71284  29.540  -14.032  39.980 0.0000000000
70063  29.484  -14.551  40.660 0.0000000000
65344  35.522  -18.454  38.490 0.0000000000
66572  34.540  -17.748  38.317 0.0000000000
66553  35.911  -17.847  39.036 0.0000000000
67677  37.205  -17.046  40.083 0.0000000000
67692  35.954  -16.306  39.397 0.0000000000
72683  32.125  -10.119  34.677 0.0000000000
73903  31.500  -10.699  34.338 0.0000000000
73904  30.865  -11.158  34.050 0.0000000000
72685  30.249  -12.438  33.987 0.0000000000
71383  30.222  -13.047  33.910 0.0000000000
56735  20.022  -25.383  47.786 0.0000000000
56736  19.368  -25.448  47.670 0.0000000000
56716  16.714  -25.581  48.478 0.0000000000
61534  16.939  -21.578  48.333 0.0000000000
60326  16.626  -22.810  48.020 0.0000000000
60306  16.086  -22.309  48.954 0.0000000000
59132  15.409  -23.063  49.473 0.0000000000
59131  15.735  -23.457  48.937 0.0000000000
57950  15.485  -23.935  49.299 0.0000000000
56694  15.460  -24.687  49.427 0.0000000000
56675  14.992  -25.381  50.047 0.0000000000
57938  14.694  -24.091  50.327 0.0000000000
59094  14.417  -22.727  51.278 0.0000000000
57919  14.265  -23.975  50.907 0.0000000000
57896  13.937  -23.404  51.462 0.0000000000
62812  25.481  -19.344  44.641 0.0000000000
62813  24.489  -19.544  44.986 0.0000000000
61634  22.383  -20.831  44.765 0.0000000000
61633  22.915  -20.384  44.583 0.0000000000
60420  22.233  -21.822  43.197 0.0000000000
60421  21.626  -22.270  43.737 0.0000000000
59199  19.773  -23.043  45.223 0.0000000000
60385  20.250  -22.135  45.058 0.0000000000
59219  20.451  -23.107  44.739 0.0000000000
58025  19.972  -24.001  45.699 0.0000000000
58002  20.417  -24.797  46.762 0.0000000000
57980  20.205  -25.039  47.393 0.0000000000
66511  31.471  -17.369  43.917 0.0000000000
65327  31.750  -19.510  40.614 0.0000000000
65328  30.926  -19.206  40.404 0.0000000000
62874  32.975  -20.265  40.220 0.0000000000
61723  35.014  -21.187  38.565 0.0000000000
61725  33.737  -20.565  38.798 0.0000000000
62907  34.240  -20.014  38.425 0.0000000000
64138  32.805  -19.205  38.649 0.0000000000
64136  35.013  -19.301  38.187 0.0000000000
64135  35.544  -19.687  38.568 0.0000000000
64097  36.778  -19.580  39.762 0.0000000000
83397  42.185  -1.900  28.463 0.0000000000
86825  44.476  -0.265  24.165 0.0000000000
86822  44.117  -0.509  24.752 0.0000000000
85706  42.742  -2.006  23.538 0.0000000000
85705  43.454  -1.486  23.355 0.0000000000
82252  42.131  -3.888  24.199 0.0000000000
83428  42.363  -3.368  23.902 0.0000000000
82251  42.894  -4.512  23.935 0.0000000000
82250  43.978  -4.915  23.785 0.0000000000
83437  44.131  -3.758  22.966 0.0000000000
81136  38.190  -5.123  27.060 0.0000000000
81151  38.193  -6.055  26.883 0.0000000000
78954  37.792  -7.306  26.890 0.0000000000
77788  37.476  -8.290  27.556 0.0000000000
80096  35.494  -6.811  28.639 0.0000000000
76576  37.247  -9.339  28.529 0.0000000000
77776  36.701  -8.547  28.062 0.0000000000
75338  39.026  -10.312  28.864 0.0000000000
75318  38.284  -10.540  29.355 0.0000000000
73968  38.213  -11.350  30.120 0.0000000000
73982  38.898  -11.135  29.710 0.0000000000
77715  34.898  -7.714  32.559 0.0000000000
77716  33.793  -7.887  32.458 0.0000000000
76536  33.437  -9.443  30.848 0.0000000000
76535  33.975  -8.903  30.367 0.0000000000
73950  34.103  -11.663  30.795 0.0000000000
73949  35.099  -11.736  30.728 0.0000000000
72738  35.885  -11.628  30.723 0.0000000000
73970  36.335  -11.154  30.421 0.0000000000
72737  36.649  -11.839  30.763 0.0000000000
136023  32.002  -25.744  42.485 0.0000000000
136021  32.357  -26.136  43.311 0.0000000000
55390  32.385  -26.475  45.014 0.0000000000
82203  39.984  -3.480  29.022 0.0000000000
82206  37.736  -4.620  27.658 0.0000000000
82217  38.011  -4.928  27.250 0.0000000000
56673  19.722  -26.449  49.913 0.0000000000
56655  19.882  -26.484  50.850 0.0000000000
53962  13.463  -28.100  55.429 0.0000000000
59073  13.534  -22.600  52.651 0.0000000000
59025  12.289  -21.884  54.798 0.0000000000
57872  12.286  -23.241  53.214 0.0000000000
57873  11.385  -24.167  53.476 0.0000000000
56621  9.884  -25.595  53.765 0.0000000000
55254  10.556  -26.952  53.614 0.0000000000
55255  9.673  -26.237  53.883 0.0000000000
56582  8.620  -25.258  55.579 0.0000000000
55238  8.598  -26.768  54.584 0.0000000000
53987  9.079  -27.480  54.499 0.0000000000
53966  9.293  -28.087  54.891 0.0000000000
53965  10.016  -28.197  54.953 0.0000000000
51527  9.498  -29.451  56.764 0.0000000000
50252  8.171  -30.611  57.831 0.0000000000
50253  7.454  -30.591  57.541 0.0000000000
52759  6.053  -28.409  57.311 0.0000000000
51487  5.637  -29.826  58.181 0.0000000000
51507  5.835  -29.492  57.730 0.0000000000
50240  6.943  -31.098  58.044 0.0000000000
50216  4.900  -30.701  60.757 0.0000000000
52699  5.875  -28.378  61.639 0.0000000000
51420  5.009  -29.395  62.145 0.0000000000
50199  4.553  -30.443  61.685 0.0000000000
50200  4.177  -30.723  61.791 0.0000000000
61666  32.993  -22.741  41.533 0.0000000000
58099  30.752  -23.746  41.807 0.0000000000
56846  30.434  -24.412  41.611 0.0000000000
58102  27.761  -23.511  41.647 0.0000000000
58086  27.618  -23.836  42.038 0.0000000000
56793  28.484  -25.813  44.568 0.0000000000
56792  29.389  -26.210  44.362 0.0000000000
56772  29.074  -26.179  45.425 0.0000000000
55374  29.528  -26.611  46.268 0.0000000000
61649  23.951  -20.141  42.955 0.0000000000
62840  25.287  -20.160  42.411 0.0000000000
60442  24.007  -22.067  42.184 0.0000000000
58068  23.632  -24.127  42.991 0.0000000000
59238  24.612  -23.421  42.617 0.0000000000
58022  25.132  -24.837  44.539 0.0000000000
56754  23.146  -26.248  45.759 0.0000000000
55377  23.748  -26.561  46.255 0.0000000000
56709  25.739  -26.317  47.498 0.0000000000
55375  25.430  -26.039  46.345 0.0000000000
56752  25.956  -25.586  46.325 0.0000000000
71348  29.605  -13.322  35.395 0.0000000000
70154  30.124  -13.995  34.615 0.0000000000
67680  29.507  -16.870  42.029 0.0000000000
66541  28.633  -17.511  39.421 0.0000000000
67695  28.540  -16.747  40.497 0.0000000000
67696  28.422  -16.911  39.621 0.0000000000
68819  28.672  -15.528  39.680 0.0000000000
68835  28.633  -16.335  38.728 0.0000000000
66575  32.318  -17.474  38.436 0.0000000000
67739  30.824  -17.184  36.867 0.0000000000
67723  30.522  -17.459  37.526 0.0000000000
68852  29.567  -16.152  36.963 0.0000000000
67754  30.305  -16.743  36.592 0.0000000000
68872  29.919  -15.851  36.366 0.0000000000
68869  33.512  -16.292  36.520 0.0000000000
68891  32.735  -16.314  35.254 0.0000000000
68917  31.952  -15.520  34.501 0.0000000000
68867  35.265  -15.704  36.369 0.0000000000
136045  33.270  -25.012  41.372 0.0000000000
136039  35.796  -24.946  43.079 0.0000000000
58097  35.916  -24.393  42.032 0.0000000000
58082  36.267  -24.457  42.860 0.0000000000
59254  36.904  -23.447  42.882 0.0000000000
60450  37.554  -22.093  42.398 0.0000000000
86845  49.356  -0.440  20.861 0.0000000000
85722  49.853  -0.986  20.428 0.0000000000
85735  49.763  -1.980  19.917 0.0000000000
85708  45.927  -0.680  22.185 0.0000000000
83466  47.581  -3.359  20.717 0.0000000000
85725  47.545  -2.026  21.171 0.0000000000
80137  41.300  -6.396  25.921 0.0000000000
78968  41.696  -7.128  26.161 0.0000000000
61688  33.230  -22.294  41.136 0.0000000000
82238  40.041  -4.018  25.626 0.0000000000
46527  6.146  -33.224  59.881 0.0000000000
80059  35.762  -6.498  31.133 0.0000000000
78892  35.989  -6.867  31.817 0.0000000000
78893  35.070  -6.846  31.544 0.0000000000
72697  32.968  -13.246  31.924 0.0000000000
68959  34.390  -15.385  33.117 0.0000000000
68914  34.947  -16.096  34.554 0.0000000000
55285  13.917  -26.105  51.345 0.0000000000
55251  13.464  -27.076  52.644 0.0000000000
55270  11.748  -25.720  52.679 0.0000000000
55192  7.835  -25.783  58.885 0.0000000000
61631  28.364  -20.158  43.481 0.0000000000
61646  27.849  -20.448  42.746 0.0000000000
61647  26.839  -20.246  42.539 0.0000000000
61670  25.865  -20.765  42.235 0.0000000000
56733  21.366  -25.671  47.611 0.0000000000
56710  21.774  -26.057  48.353 0.0000000000
70050  29.631  -14.732  41.678 0.0000000000
66537  37.224  -17.886  39.762 0.0000000000
72646  31.748  -10.323  35.717 0.0000000000
57982  18.640  -24.814  47.237 0.0000000000
57983  17.662  -24.574  47.477 0.0000000000
60288  15.509  -22.202  49.985 0.0000000000
59112  14.922  -23.120  50.118 0.0000000000
61620  22.165  -20.934  45.127 0.0000000000
61600  19.854  -21.300  46.094 0.0000000000
60365  20.513  -21.491  45.757 0.0000000000
61622  19.676  -21.705  45.670 0.0000000000
60386  19.302  -22.297  45.800 0.0000000000
58026  19.419  -23.737  46.139 0.0000000000
64100  32.575  -19.847  40.673 0.0000000000
61712  34.542  -21.836  38.882 0.0000000000
62890  35.506  -20.792  38.791 0.0000000000
62905  35.685  -20.176  38.807 0.0000000000
62889  36.122  -20.525  39.357 0.0000000000
61697  37.577  -20.964  41.235 0.0000000000
84564  43.207  -1.061  26.611 0.0000000000
85700  43.629  -0.804  24.364 0.0000000000
84595  42.623  -2.808  23.414 0.0000000000
81179  44.619  -5.553  24.255 0.0000000000
80143  45.223  -6.151  24.774 0.0000000000
80106  36.976  -6.188  27.542 0.0000000000
77777  35.660  -8.316  28.697 0.0000000000
76578  35.867  -8.923  29.079 0.0000000000
75319  37.252  -10.281  29.495 0.0000000000
73969  37.194  -11.317  30.308 0.0000000000
71421  34.226  -13.298  31.549 0.0000000000
72717  36.998  -12.547  31.231 0.0000000000
55419  31.716  -26.224  43.374 0.0000000000
55406  31.640  -26.507  44.292 0.0000000000
81117  38.432  -4.420  30.100 0.0000000000
82194  38.371  -3.905  29.309 0.0000000000
55323  18.436  -27.076  49.487 0.0000000000
55303  19.224  -26.821  50.375 0.0000000000
55304  18.652  -27.283  50.869 0.0000000000
52795  12.157  -28.452  56.201 0.0000000000
52776  11.258  -28.744  56.542 0.0000000000
59026  11.409  -22.585  55.173 0.0000000000
57849  9.742  -24.608  54.327 0.0000000000
57850  9.376  -25.108  54.473 0.0000000000
56568  7.891  -25.715  56.337 0.0000000000
56584  7.718  -26.405  55.535 0.0000000000
55223  7.951  -27.012  55.023 0.0000000000
52799  8.848  -28.508  55.401 0.0000000000
52779  8.338  -28.951  55.908 0.0000000000
53918  6.304  -27.366  59.270 0.0000000000
52743  5.956  -28.007  58.470 0.0000000000
52732  5.769  -28.813  58.918 0.0000000000
51475  5.477  -29.658  59.105 0.0000000000
51421  4.598  -29.505  62.226 0.0000000000
58084  29.931  -24.134  41.665 0.0000000000
58085  28.559  -24.736  42.015 0.0000000000
58066  27.151  -24.195  43.108 0.0000000000
58041  27.941  -25.127  45.004 0.0000000000
58018  27.871  -25.273  45.875 0.0000000000
60419  23.131  -21.733  42.564 0.0000000000
59239  23.166  -22.972  42.550 0.0000000000
56795  24.120  -25.383  44.433 0.0000000000
55341  24.247  -26.872  48.033 0.0000000000
55340  25.367  -26.744  47.975 0.0000000000
72591  30.100  -12.200  38.251 0.0000000000
72609  29.845  -12.806  37.356 0.0000000000
71333  29.382  -13.678  36.326 0.0000000000
70119  29.533  -14.823  35.924 0.0000000000
66524  29.255  -18.018  41.112 0.0000000000
66539  29.619  -18.249  39.803 0.0000000000
66559  30.128  -18.217  38.899 0.0000000000
67709  34.128  -16.503  38.629 0.0000000000
67710  33.071  -16.683  38.293 0.0000000000
67738  31.734  -17.095  36.588 0.0000000000
67752  31.505  -17.028  35.972 0.0000000000
68868  34.382  -15.807  36.566 0.0000000000
56771  34.032  -25.893  44.081 0.0000000000
136026  34.222  -25.651  43.167 0.0000000000
56770  34.917  -25.681  43.982 0.0000000000
56769  36.311  -25.564  44.734 0.0000000000
136038  36.096  -25.226  43.648 0.0000000000
85710  44.440  -1.318  22.486 0.0000000000
86836  44.984  -0.681  22.537 0.0000000000
85716  45.329  -1.684  21.791 0.0000000000
84607  46.001  -2.203  21.358 0.0000000000
82290  47.904  -4.358  20.639 0.0000000000
83465  48.630  -3.308  20.266 0.0000000000
82289  49.110  -4.404  20.325 0.0000000000
61577  17.889  -21.938  46.932 0.0000000000
61578  17.495  -22.401  47.208 0.0000000000
60343  20.439  -21.111  46.655 0.0000000000
61575  19.441  -21.143  47.098 0.0000000000
77815  43.639  -7.780  25.574 0.0000000000
64098  33.718  -20.435  41.309 0.0000000000
64099  33.236  -20.131  40.971 0.0000000000
59306  35.164  -23.016  40.123 0.0000000000
59290  35.652  -23.249  40.851 0.0000000000
84542  41.148  -2.096  28.339 0.0000000000
84567  40.380  -2.464  26.752 0.0000000000
84566  41.098  -1.951  26.696 0.0000000000
84588  41.865  -2.655  24.545 0.0000000000
80075  35.099  -6.527  30.326 0.0000000000
80085  34.641  -6.943  29.823 0.0000000000
78914  34.949  -7.490  29.133 0.0000000000
77765  35.041  -8.270  29.191 0.0000000000
75322  34.900  -9.758  29.690 0.0000000000
71422  33.548  -13.274  31.692 0.0000000000
70196  36.418  -14.659  32.545 0.0000000000
68938  37.380  -15.215  33.504 0.0000000000
68912  37.046  -15.509  34.281 0.0000000000
55373  30.264  -26.908  46.160 0.0000000000
55372  31.203  -27.129  46.418 0.0000000000
55282  15.694  -26.916  50.369 0.0000000000
54067  16.064  -27.194  50.336 0.0000000000
54045  15.278  -27.225  51.203 0.0000000000
54024  15.212  -27.571  51.988 0.0000000000
54005  11.140  -27.740  54.104 0.0000000000
55216  7.112  -26.602  56.620 0.0000000000
53953  6.515  -27.472  56.794 0.0000000000
55217  6.597  -26.966  57.053 0.0000000000
55179  7.300  -26.151  59.370 0.0000000000
53917  6.733  -26.660  58.945 0.0000000000
60414  29.456  -22.393  42.801 0.0000000000
60454  28.704  -22.822  41.439 0.0000000000
60437  28.705  -22.075  42.016 0.0000000000
60455  28.054  -22.608  41.524 0.0000000000
59258  27.386  -23.041  41.772 0.0000000000
61668  27.622  -21.434  42.084 0.0000000000
59259  26.792  -23.089  42.198 0.0000000000
59214  26.287  -23.855  43.463 0.0000000000
58023  21.851  -25.277  45.273 0.0000000000
56755  22.556  -26.292  46.373 0.0000000000
55378  23.193  -26.614  46.809 0.0000000000
55343  22.497  -26.490  48.269 0.0000000000
75337  39.802  -10.295  28.985 0.0000000000
71299  29.285  -13.807  39.190 0.0000000000
71300  28.981  -14.342  38.724 0.0000000000
65363  33.337  -18.303  38.391 0.0000000000
66573  33.953  -17.596  38.319 0.0000000000
66556  34.030  -17.069  38.620 0.0000000000
67706  35.695  -17.415  39.141 0.0000000000
67707  35.385  -17.076  39.197 0.0000000000
67694  34.567  -16.182  38.817 0.0000000000
87878  47.430  0.705  21.860 0.0000000000
82274  45.518  -4.216  22.436 0.0000000000
82284  45.581  -3.646  21.842 0.0000000000
47731  4.588  -32.793  60.548 0.0000000000
76493  35.090  -8.631  33.570 0.0000000000
76494  34.000  -8.362  33.591 0.0000000000
75254  32.397  -9.631  33.865 0.0000000000
73930  31.327  -10.982  33.006 0.0000000000
56688  20.969  -25.907  49.504 0.0000000000
56689  20.131  -26.104  49.253 0.0000000000
56690  19.281  -26.445  49.053 0.0000000000
56714  18.701  -26.007  48.097 0.0000000000
56691  18.710  -26.575  48.783 0.0000000000
55345  17.902  -26.886  48.725 0.0000000000
55325  16.421  -26.663  49.123 0.0000000000
60345  17.177  -22.919  47.472 0.0000000000
60346  16.863  -23.232  47.816 0.0000000000
59151  16.736  -24.299  48.182 0.0000000000
57966  16.432  -24.755  48.501 0.0000000000
56693  15.985  -25.628  49.166 0.0000000000
55307  15.419  -26.394  50.077 0.0000000000
56657  14.287  -25.269  50.931 0.0000000000
62827  24.649  -19.589  43.757 0.0000000000
61650  22.998  -20.741  43.303 0.0000000000
59240  21.836  -23.156  43.318 0.0000000000
59217  21.680  -23.813  43.806 0.0000000000
60383  21.898  -21.121  45.648 0.0000000000
60400  21.117  -22.294  44.339 0.0000000000
59218  21.157  -23.331  44.129 0.0000000000
58024  21.191  -24.865  45.750 0.0000000000
56757  21.037  -25.247  47.066 0.0000000000
56711  21.123  -25.736  48.463 0.0000000000
68787  30.472  -15.913  43.179 0.0000000000
65294  30.887  -18.901  42.632 0.0000000000
65295  30.350  -19.045  42.081 0.0000000000
65311  30.091  -18.996  41.318 0.0000000000
65345  31.701  -19.139  39.569 0.0000000000
62892  32.773  -19.967  39.768 0.0000000000
64118  32.880  -19.796  39.150 0.0000000000
65361  34.756  -18.354  38.131 0.0000000000
65343  36.124  -18.581  38.977 0.0000000000
64116  36.132  -19.485  39.040 0.0000000000
65326  36.756  -18.689  39.453 0.0000000000
85704  44.049  -0.732  23.549 0.0000000000
84601  44.285  -2.368  22.286 0.0000000000
83449  44.422  -3.227  22.412 0.0000000000
83439  42.765  -3.379  23.465 0.0000000000
83438  43.284  -3.366  23.051 0.0000000000
82275  44.774  -3.880  22.677 0.0000000000
80120  39.397  -6.396  26.462 0.0000000000
78952  39.176  -7.226  26.689 0.0000000000
78953  38.354  -7.294  26.740 0.0000000000
78933  38.943  -8.006  27.010 0.0000000000
76588  38.947  -9.530  28.050 0.0000000000
80095  36.192  -6.299  28.156 0.0000000000
77789  36.777  -7.833  27.620 0.0000000000
77774  38.226  -9.146  28.073 0.0000000000
75298  39.520  -11.114  29.864 0.0000000000
73981  39.290  -11.152  29.789 0.0000000000
77734  33.643  -8.054  31.549 0.0000000000
73952  32.411  -10.796  31.581 0.0000000000
73973  33.854  -10.881  30.527 0.0000000000
75302  35.102  -10.452  29.930 0.0000000000
136035  32.079  -25.088  41.529 0.0000000000
136042  32.496  -25.096  41.445 0.0000000000
136022  33.245  -26.093  43.654 0.0000000000
55404  32.852  -26.207  43.675 0.0000000000
83389  39.964  -2.802  28.291 0.0000000000
83390  39.322  -3.106  27.954 0.0000000000
82215  38.821  -3.486  27.529 0.0000000000
82226  38.929  -4.892  26.555 0.0000000000
54043  17.103  -27.840  51.271 0.0000000000
57898  12.565  -24.116  52.476 0.0000000000
53985  10.640  -27.943  54.517 0.0000000000
56602  9.097  -25.818  54.440 0.0000000000
56603  8.551  -26.239  54.693 0.0000000000
51486  8.752  -30.363  57.891 0.0000000000
49033  8.049  -31.183  58.613 0.0000000000
49034  7.523  -31.458  58.634 0.0000000000
51531  6.390  -28.853  56.808 0.0000000000
52760  5.896  -29.097  57.555 0.0000000000
49022  6.383  -32.243  59.083 0.0000000000
47749  5.997  -32.850  59.503 0.0000000000
53899  6.332  -27.561  61.276 0.0000000000
49007  4.341  -32.014  60.970 0.0000000000
65279  31.814  -17.831  43.960 0.0000000000
136031  31.612  -24.710  41.466 0.0000000000
55421  30.505  -26.435  43.920 0.0000000000
59275  28.809  -23.603  41.491 0.0000000000
62826  25.732  -19.604  43.157 0.0000000000
60441  25.107  -22.223  42.365 0.0000000000
59260  24.461  -22.641  42.349 0.0000000000
60418  25.302  -22.995  42.589 0.0000000000
59237  25.551  -23.386  42.955 0.0000000000
58044  25.529  -24.361  44.047 0.0000000000
56796  23.098  -25.500  44.505 0.0000000000
55376  24.858  -26.333  46.100 0.0000000000
55394  24.529  -26.154  45.543 0.0000000000
56794  24.723  -25.087  44.510 0.0000000000
56774  25.773  -25.173  45.586 0.0000000000
57999  26.746  -25.023  45.983 0.0000000000
77802  41.627  -8.729  26.781 0.0000000000
77784  41.343  -9.094  27.102 0.0000000000
72625  31.447  -10.356  36.350 0.0000000000
72648  29.976  -12.190  35.464 0.0000000000
70178  30.191  -13.579  34.262 0.0000000000
70177  30.730  -14.038  34.007 0.0000000000
68796  29.687  -15.611  42.420 0.0000000000
68807  29.367  -15.266  41.445 0.0000000000
67681  28.846  -16.763  41.301 0.0000000000
68808  28.845  -15.672  40.724 0.0000000000
70064  28.982  -14.928  40.054 0.0000000000
70078  28.855  -14.734  39.224 0.0000000000
70093  28.836  -14.873  38.258 0.0000000000
66577  29.846  -17.725  38.123 0.0000000000
66578  29.004  -17.303  38.240 0.0000000000
67741  29.180  -16.518  37.584 0.0000000000
68853  29.100  -15.823  37.426 0.0000000000
70107  29.029  -14.747  37.457 0.0000000000
70120  29.203  -14.593  36.688 0.0000000000
68871  31.065  -16.511  35.609 0.0000000000
68893  30.646  -15.488  35.203 0.0000000000
70135  30.558  -14.976  34.983 0.0000000000
68918  31.283  -15.531  34.744 0.0000000000
70152  31.649  -15.023  34.288 0.0000000000
68943  32.486  -15.424  34.152 0.0000000000
68915  33.896  -16.173  34.617 0.0000000000
59273  34.639  -24.584  41.354 0.0000000000
59272  35.454  -24.161  41.404 0.0000000000
59289  36.051  -23.131  41.217 0.0000000000
56791  36.814  -25.230  44.235 0.0000000000
56809  37.175  -24.612  43.750 0.0000000000
58063  37.030  -24.237  43.405 0.0000000000
60465  36.319  -22.569  41.041 0.0000000000
61685  37.075  -22.049  41.445 0.0000000000
61684  37.740  -21.473  41.910 0.0000000000
86835  45.564  -0.203  22.638 0.0000000000
87880  46.049  0.306  22.456 0.0000000000
87879  46.469  0.796  22.238 0.0000000000
86833  46.899  0.244  21.895 0.0000000000
86841  47.366  -0.327  21.642 0.0000000000
83457  45.908  -3.158  21.310 0.0000000000
83467  46.856  -3.249  20.956 0.0000000000
84620  46.536  -2.751  21.124 0.0000000000
84606  46.850  -2.077  21.424 0.0000000000
85714  47.328  -1.301  21.543 0.0000000000
85713  47.809  -0.884  21.331 0.0000000000
84633  49.347  -2.557  19.953 0.0000000000
46528  5.804  -33.246  59.992 0.0000000000
50255  5.926  -30.046  57.726 0.0000000000
53939  6.706  -26.727  57.693 0.0000000000
54081  17.478  -27.482  49.702 0.0000000000
55207  6.740  -26.746  57.317 0.0000000000
55305  16.616  -27.204  49.464 0.0000000000
55344  18.288  -26.635  48.592 0.0000000000
55359  25.408  -26.222  46.948 0.0000000000
55395  24.247  -26.361  45.761 0.0000000000
56601  9.512  -25.273  54.216 0.0000000000
56751  26.944  -25.490  46.687 0.0000000000
56775  25.066  -25.583  45.280 0.0000000000
58040  37.421  -24.461  43.749 0.0000000000
59171  16.718  -23.376  48.017 0.0000000000
59200  19.244  -23.155  45.969 0.0000000000
59201  18.868  -22.830  46.203 0.0000000000
59231  37.243  -23.787  43.300 0.0000000000
59305  35.552  -22.846  40.415 0.0000000000
60325  16.906  -22.547  47.738 0.0000000000
60398  29.209  -21.434  43.307 0.0000000000
60433  37.201  -22.863  42.768 0.0000000000
60453  29.151  -23.134  41.512 0.0000000000
61535  16.647  -22.191  48.150 0.0000000000
61557  16.785  -22.386  47.882 0.0000000000
62801  24.441  -19.646  45.696 0.0000000000
66501  31.959  -17.279  44.404 0.0000000000
66540  28.730  -17.678  40.085 0.0000000000
66554  35.235  -17.679  38.663 0.0000000000
66560  29.027  -18.015  38.993 0.0000000000
66579  28.674  -16.893  38.559 0.0000000000
66590  29.542  -17.213  37.771 0.0000000000
66591  29.221  -16.888  37.746 0.0000000000
67690  36.881  -17.436  39.620 0.0000000000
67711  28.552  -16.698  38.957 0.0000000000
67725  28.800  -16.521  38.141 0.0000000000
67726  28.664  -16.608  38.598 0.0000000000
67740  29.745  -16.785  37.163 0.0000000000
68806  34.908  -16.014  38.897 0.0000000000
68820  28.544  -16.207  39.284 0.0000000000
70106  34.050  -15.785  37.543 0.0000000000
70118  33.893  -16.027  37.183 0.0000000000
71283  29.912  -13.367  40.282 0.0000000000
75297  39.971  -10.970  30.051 0.0000000000
77695  33.832  -8.093  33.097 0.0000000000
78936  36.642  -7.383  27.608 0.0000000000
80043  36.158  -6.651  31.574 0.0000000000
81181  42.937  -5.159  24.120 0.0000000000
82292  46.483  -3.520  21.166 0.0000000000
83450  43.876  -3.306  22.743 0.0000000000
83459  44.894  -3.180  22.117 0.0000000000
84544  40.226  -2.554  28.044 0.0000000000
84553  40.176  -2.499  27.628 0.0000000000
84554  39.831  -2.654  27.418 0.0000000000
86826  44.074  -0.552  24.352 0.0000000000
136024  33.444  -26.072  43.801 0.0000000000
