#!ascii label  , from subject sub.01.bl.02 vox2ras=TkReg
1101
61518  21.018  -19.882  50.538 0.0000000000
56541  32.745  -23.121  56.871 0.0000000000
77713  36.710  -8.225  32.290 0.0000000000
68786  30.996  -15.474  43.861 0.0000000000
62757  36.486  -19.434  49.020 0.0000000000
87860  46.027  0.700  25.560 0.0000000000
73862  37.300  -10.288  35.907 0.0000000000
73866  33.301  -9.685  36.798 0.0000000000
60249  15.871  -20.952  51.771 0.0000000000
57869  26.143  -22.698  53.641 0.0000000000
60262  30.297  -20.869  51.649 0.0000000000
60361  23.716  -21.134  47.421 0.0000000000
83374  41.809  -2.699  29.842 0.0000000000
66374  25.444  -17.626  54.646 0.0000000000
62668  20.030  -18.893  56.781 0.0000000000
81081  41.548  -5.538  33.119 0.0000000000
60197  14.834  -20.107  55.852 0.0000000000
57826  10.646  -23.102  55.917 0.0000000000
75104  33.200  -9.677  42.454 0.0000000000
67646  34.280  -16.494  46.270 0.0000000000
60395  34.914  -22.296  44.311 0.0000000000
57978  33.291  -23.409  48.072 0.0000000000
75167  37.661  -8.957  38.171 0.0000000000
73864  35.605  -9.812  36.440 0.0000000000
75169  35.544  -9.307  38.598 0.0000000000
77652  39.510  -8.339  37.692 0.0000000000
60303  19.064  -20.930  49.003 0.0000000000
60305  16.907  -21.065  49.176 0.0000000000
60245  18.690  -20.306  51.809 0.0000000000
60242  24.464  -21.766  51.602 0.0000000000
59127  25.146  -23.255  49.884 0.0000000000
59150  21.998  -22.172  48.820 0.0000000000
60343  20.439  -21.111  46.655 0.0000000000
80058  36.740  -6.207  30.984 0.0000000000
77692  39.273  -8.879  33.584 0.0000000000
78888  39.604  -7.046  32.465 0.0000000000
81094  38.802  -5.429  31.411 0.0000000000
61410  20.000  -18.770  59.341 0.0000000000
60181  17.376  -18.913  56.200 0.0000000000
60147  16.762  -19.031  59.249 0.0000000000
58943  11.169  -21.692  61.093 0.0000000000
58968  11.141  -21.376  58.290 0.0000000000
57786  9.558  -23.101  58.534 0.0000000000
56520  7.982  -25.204  59.071 0.0000000000
55161  7.453  -25.145  60.803 0.0000000000
69985  36.328  -14.837  48.059 0.0000000000
65246  35.934  -17.873  48.066 0.0000000000
64038  34.923  -19.657  45.513 0.0000000000
61591  35.895  -21.119  46.684 0.0000000000
62759  29.221  -19.931  48.523 0.0000000000
59123  31.767  -21.647  49.709 0.0000000000
60336  30.347  -20.902  46.310 0.0000000000
59197  31.199  -22.533  44.940 0.0000000000
72538  31.347  -12.242  43.103 0.0000000000
73800  30.896  -11.174  40.596 0.0000000000
70063  29.484  -14.551  40.660 0.0000000000
90154  48.140  2.991  23.044 0.0000000000
89003  46.087  1.350  22.862 0.0000000000
73912  38.017  -10.678  33.399 0.0000000000
73915  35.218  -9.676  34.727 0.0000000000
76470  40.448  -9.388  35.965 0.0000000000
57821  29.718  -21.707  55.249 0.0000000000
57863  31.744  -21.961  54.032 0.0000000000
59088  27.238  -21.531  52.093 0.0000000000
60317  27.330  -21.771  49.201 0.0000000000
62800  25.097  -19.440  46.007 0.0000000000
83353  43.398  -2.476  31.320 0.0000000000
84536  44.010  -1.944  29.584 0.0000000000
84548  44.682  -0.465  28.015 0.0000000000
86822  44.117  -0.509  24.752 0.0000000000
63949  23.143  -18.796  52.427 0.0000000000
62693  19.950  -19.205  53.971 0.0000000000
65154  22.361  -17.285  55.873 0.0000000000
61452  25.967  -20.171  54.543 0.0000000000
82181  41.095  -3.614  31.248 0.0000000000
60206  18.324  -20.263  54.259 0.0000000000
59004  15.765  -20.419  54.373 0.0000000000
59047  13.279  -22.260  53.492 0.0000000000
61433  14.170  -19.900  59.493 0.0000000000
60212  12.464  -21.308  56.090 0.0000000000
52685  5.472  -28.299  62.551 0.0000000000
75118  36.072  -9.487  41.848 0.0000000000
72509  32.513  -13.182  45.582 0.0000000000
71217  34.384  -14.306  47.053 0.0000000000
67658  33.264  -15.956  44.698 0.0000000000
65277  32.804  -18.662  44.412 0.0000000000
62839  34.714  -20.738  43.263 0.0000000000
60435  33.443  -22.773  42.233 0.0000000000
57913  32.944  -22.801  52.060 0.0000000000
57930  34.167  -23.932  50.969 0.0000000000
59141  35.939  -23.262  48.713 0.0000000000
58014  34.107  -23.630  46.300 0.0000000000
136028  31.995  -23.386  43.651 0.0000000000
75154  33.150  -9.361  39.097 0.0000000000
72608  30.458  -11.873  37.207 0.0000000000
76404  37.862  -8.538  39.920 0.0000000000
75168  36.722  -9.190  38.509 0.0000000000
75150  36.735  -9.419  39.975 0.0000000000
77640  38.737  -8.326  38.544 0.0000000000
60283  20.654  -20.170  49.569 0.0000000000
60285  18.235  -20.347  50.091 0.0000000000
60267  19.084  -20.034  51.138 0.0000000000
60266  22.657  -20.415  50.723 0.0000000000
60281  23.070  -21.211  50.155 0.0000000000
60282  21.672  -20.481  50.077 0.0000000000
60302  20.349  -20.860  48.970 0.0000000000
78891  36.760  -6.748  31.953 0.0000000000
77711  38.407  -8.659  32.384 0.0000000000
77727  39.461  -7.771  32.891 0.0000000000
77729  38.093  -7.847  32.219 0.0000000000
80056  38.359  -6.274  31.770 0.0000000000
57762  9.691  -22.712  61.303 0.0000000000
58945  9.760  -22.762  59.923 0.0000000000
56505  8.699  -23.644  60.201 0.0000000000
57773  8.907  -23.632  59.029 0.0000000000
56506  8.189  -24.014  60.689 0.0000000000
55178  7.635  -25.278  59.694 0.0000000000
65245  36.423  -17.308  48.449 0.0000000000
64013  36.209  -18.800  48.369 0.0000000000
62781  35.870  -19.994  47.186 0.0000000000
61569  36.113  -20.655  47.635 0.0000000000
56573  33.314  -24.144  55.587 0.0000000000
62771  28.223  -19.878  47.588 0.0000000000
61549  29.997  -19.983  47.712 0.0000000000
62783  28.735  -19.659  46.232 0.0000000000
61616  29.415  -20.587  44.669 0.0000000000
70040  30.289  -14.358  43.567 0.0000000000
71269  30.294  -13.263  41.832 0.0000000000
85692  46.310  0.373  26.980 0.0000000000
86818  47.157  0.767  26.781 0.0000000000
87870  47.048  1.471  25.156 0.0000000000
88997  47.308  2.084  24.411 0.0000000000
87872  45.745  1.132  24.005 0.0000000000
73884  37.608  -10.816  35.183 0.0000000000
73914  36.316  -10.116  34.386 0.0000000000
73885  36.699  -10.556  35.573 0.0000000000
72605  34.306  -9.703  36.888 0.0000000000
72644  34.045  -9.774  36.222 0.0000000000
72645  32.868  -9.741  36.041 0.0000000000
76459  38.492  -9.414  36.745 0.0000000000
75207  38.824  -9.886  36.034 0.0000000000
75238  38.897  -10.359  34.228 0.0000000000
60287  16.256  -21.208  50.031 0.0000000000
59071  15.344  -21.562  51.946 0.0000000000
57823  27.830  -21.583  54.459 0.0000000000
57866  28.136  -21.636  53.580 0.0000000000
57893  26.624  -22.478  52.837 0.0000000000
59166  24.224  -22.131  48.526 0.0000000000
59146  25.788  -22.955  49.154 0.0000000000
60338  25.008  -21.409  48.331 0.0000000000
61573  25.566  -20.780  47.887 0.0000000000
61597  24.569  -20.168  47.085 0.0000000000
61599  22.782  -20.773  46.466 0.0000000000
65292  32.469  -19.157  43.323 0.0000000000
83362  42.736  -2.579  30.969 0.0000000000
84533  43.933  -2.078  30.410 0.0000000000
83386  42.512  -2.357  29.101 0.0000000000
84550  42.622  -1.525  27.707 0.0000000000
84564  43.207  -1.061  26.611 0.0000000000
85688  44.041  -0.680  26.518 0.0000000000
65175  23.838  -18.264  53.863 0.0000000000
65176  22.645  -17.741  53.767 0.0000000000
66375  23.558  -16.577  55.118 0.0000000000
63929  25.937  -18.987  54.645 0.0000000000
62692  24.827  -19.676  53.323 0.0000000000
82168  42.646  -3.578  32.410 0.0000000000
81091  41.573  -4.200  32.334 0.0000000000
81116  38.887  -4.060  30.012 0.0000000000
62685  19.931  -18.889  54.931 0.0000000000
61471  19.030  -20.182  53.905 0.0000000000
61462  19.397  -19.342  55.374 0.0000000000
60182  16.556  -19.123  56.631 0.0000000000
60195  16.589  -19.538  55.421 0.0000000000
58992  15.368  -20.177  55.396 0.0000000000
59023  14.176  -21.419  54.173 0.0000000000
59006  14.227  -21.220  54.981 0.0000000000
61417  14.081  -19.884  60.184 0.0000000000
58981  10.684  -22.173  57.509 0.0000000000
58980  11.379  -21.544  57.231 0.0000000000
59009  11.347  -22.356  55.999 0.0000000000
59026  11.409  -22.585  55.173 0.0000000000
72493  32.491  -11.849  45.443 0.0000000000
68751  35.307  -15.433  47.115 0.0000000000
69986  35.457  -14.724  47.217 0.0000000000
68760  34.179  -15.648  46.508 0.0000000000
70017  33.272  -15.126  45.667 0.0000000000
67647  33.586  -16.384  45.095 0.0000000000
66488  33.039  -16.722  44.732 0.0000000000
66486  33.974  -17.556  45.532 0.0000000000
61628  34.854  -21.226  44.693 0.0000000000
64060  34.267  -20.161  44.296 0.0000000000
61644  35.047  -21.495  43.709 0.0000000000
60434  34.174  -22.346  42.233 0.0000000000
60411  34.307  -22.470  43.107 0.0000000000
59062  30.822  -21.526  52.803 0.0000000000
57887  32.789  -22.634  53.015 0.0000000000
59061  31.669  -21.826  52.292 0.0000000000
59143  32.489  -21.959  48.933 0.0000000000
57947  33.161  -23.390  50.250 0.0000000000
57962  33.263  -23.426  49.173 0.0000000000
57944  35.493  -23.920  49.360 0.0000000000
57977  33.836  -23.914  47.754 0.0000000000
59163  35.020  -23.553  47.335 0.0000000000
57995  33.273  -23.412  47.075 0.0000000000
59213  29.970  -22.782  43.556 0.0000000000
59232  31.082  -23.176  44.067 0.0000000000
75119  35.184  -9.362  41.615 0.0000000000
75137  34.305  -8.929  40.183 0.0000000000
76378  32.861  -9.259  40.954 0.0000000000
71298  29.894  -12.953  38.935 0.0000000000
73828  30.468  -11.327  38.854 0.0000000000
90159  48.575  2.419  21.972 0.0000000000
75187  37.563  -9.280  37.280 0.0000000000
73863  36.445  -10.046  36.162 0.0000000000
75188  36.637  -9.338  37.294 0.0000000000
73843  35.380  -9.455  37.057 0.0000000000
73824  34.179  -9.500  37.890 0.0000000000
78818  39.389  -7.145  38.492 0.0000000000
76442  38.698  -8.798  37.638 0.0000000000
61533  17.751  -21.149  48.602 0.0000000000
60286  17.216  -20.577  50.117 0.0000000000
60247  17.185  -20.376  51.798 0.0000000000
59067  24.697  -22.368  52.523 0.0000000000
59090  24.773  -23.954  51.774 0.0000000000
59091  24.393  -22.724  51.553 0.0000000000
59148  23.887  -22.225  48.894 0.0000000000
59168  22.878  -22.514  47.939 0.0000000000
60363  22.026  -21.511  46.547 0.0000000000
60342  21.277  -21.442  47.160 0.0000000000
60323  20.101  -21.077  47.895 0.0000000000
83389  39.964  -2.802  28.291 0.0000000000
67522  25.075  -16.174  55.922 0.0000000000
77690  40.702  -7.917  33.979 0.0000000000
78877  40.787  -6.974  33.296 0.0000000000
80041  40.956  -6.116  32.785 0.0000000000
81093  39.742  -5.137  31.707 0.0000000000
80055  39.292  -6.211  31.871 0.0000000000
81095  37.916  -5.680  31.314 0.0000000000
61444  20.093  -18.596  58.257 0.0000000000
61446  18.831  -19.131  56.824 0.0000000000
61430  18.786  -18.656  58.163 0.0000000000
60146  17.321  -18.685  58.709 0.0000000000
60166  15.695  -19.236  58.297 0.0000000000
60152  12.191  -20.768  60.028 0.0000000000
58956  11.185  -21.576  59.725 0.0000000000
58969  10.449  -22.175  58.518 0.0000000000
57799  9.739  -23.537  57.539 0.0000000000
57800  9.213  -24.414  57.214 0.0000000000
67634  35.950  -16.265  47.712 0.0000000000
66476  34.920  -17.410  46.945 0.0000000000
65264  34.737  -18.582  45.799 0.0000000000
65263  35.340  -18.890  46.268 0.0000000000
62795  35.555  -20.259  46.194 0.0000000000
61613  35.245  -21.486  45.684 0.0000000000
62731  29.446  -20.160  50.385 0.0000000000
59104  31.420  -21.669  50.844 0.0000000000
61529  30.397  -20.401  49.535 0.0000000000
60316  31.137  -20.772  47.876 0.0000000000
59165  31.497  -21.492  47.049 0.0000000000
59183  31.858  -22.478  46.637 0.0000000000
60359  30.401  -21.293  45.563 0.0000000000
60380  29.966  -21.541  44.607 0.0000000000
73780  31.875  -11.290  43.127 0.0000000000
75122  32.267  -10.082  41.279 0.0000000000
72550  30.841  -11.959  41.975 0.0000000000
71283  29.912  -13.367  40.282 0.0000000000
90147  48.487  2.912  25.139 0.0000000000
89001  47.230  2.001  23.287 0.0000000000
76507  36.938  -8.901  32.594 0.0000000000
77693  35.489  -8.299  32.949 0.0000000000
76492  36.168  -9.063  33.149 0.0000000000
72664  35.306  -10.063  35.833 0.0000000000
73901  33.673  -9.490  35.430 0.0000000000
78829  40.654  -7.360  37.647 0.0000000000
77662  41.390  -8.229  36.704 0.0000000000
75237  41.189  -9.252  35.440 0.0000000000
76488  39.962  -9.011  34.488 0.0000000000
75265  38.745  -9.694  32.995 0.0000000000
56560  31.736  -22.562  56.382 0.0000000000
56575  32.228  -22.678  55.628 0.0000000000
57840  30.217  -21.706  54.721 0.0000000000
59039  29.948  -21.541  53.594 0.0000000000
59087  28.273  -20.958  52.135 0.0000000000
59108  26.573  -23.331  51.019 0.0000000000
59124  27.372  -21.931  50.692 0.0000000000
60297  27.620  -20.971  50.780 0.0000000000
61550  27.537  -20.543  49.354 0.0000000000
61595  26.292  -19.643  47.277 0.0000000000
62799  26.324  -19.339  45.649 0.0000000000
86806  44.927  -0.575  29.753 0.0000000000
83396  42.931  -1.887  28.505 0.0000000000
84541  44.042  -1.574  28.931 0.0000000000
84539  45.313  -0.361  28.532 0.0000000000
84547  45.561  -0.255  27.967 0.0000000000
84575  44.925  -0.006  26.952 0.0000000000
86821  44.638  -0.206  25.240 0.0000000000
86824  45.204  0.396  24.651 0.0000000000
61491  21.872  -19.580  51.229 0.0000000000
61492  20.378  -19.796  52.080 0.0000000000
63951  21.076  -18.881  52.843 0.0000000000
65166  21.597  -18.316  54.821 0.0000000000
63921  21.011  -18.541  55.864 0.0000000000
66348  23.520  -16.268  57.120 0.0000000000
63907  21.250  -17.692  57.467 0.0000000000
62655  21.078  -18.178  59.288 0.0000000000
56526  32.043  -22.645  57.789 0.0000000000
57784  30.574  -22.127  57.498 0.0000000000
58987  28.774  -21.481  55.919 0.0000000000
58999  27.347  -21.336  54.691 0.0000000000
60179  27.569  -20.134  55.693 0.0000000000
59001  26.397  -21.228  54.172 0.0000000000
60218  25.586  -21.029  53.291 0.0000000000
61477  23.434  -20.203  51.838 0.0000000000
84528  43.361  -2.509  32.733 0.0000000000
82179  42.482  -3.088  31.819 0.0000000000
82190  41.528  -2.976  30.682 0.0000000000
81105  40.199  -4.334  31.199 0.0000000000
82182  40.587  -3.794  30.700 0.0000000000
83376  40.510  -3.185  29.037 0.0000000000
61479  19.315  -20.365  52.939 0.0000000000
60230  17.991  -20.574  53.052 0.0000000000
59019  17.370  -20.522  53.343 0.0000000000
60194  17.454  -19.539  55.239 0.0000000000
59003  16.650  -20.329  54.201 0.0000000000
59044  15.913  -20.656  52.840 0.0000000000
59045  14.974  -21.148  52.882 0.0000000000
59073  13.534  -22.600  52.651 0.0000000000
60149  15.282  -19.534  59.576 0.0000000000
60185  13.764  -19.870  57.508 0.0000000000
60186  12.829  -20.204  57.691 0.0000000000
60198  13.894  -20.276  56.296 0.0000000000
60221  12.904  -21.473  55.077 0.0000000000
53890  6.727  -26.712  61.857 0.0000000000
76376  37.336  -8.927  41.499 0.0000000000
75085  33.433  -9.943  43.334 0.0000000000
73768  32.055  -11.335  44.094 0.0000000000
72525  31.680  -12.373  44.027 0.0000000000
70030  32.024  -14.522  44.288 0.0000000000
71218  33.599  -13.878  46.450 0.0000000000
70029  32.454  -15.002  44.675 0.0000000000
68785  31.760  -15.504  44.315 0.0000000000
67660  32.327  -16.712  44.566 0.0000000000
65278  32.168  -18.161  44.086 0.0000000000
65291  33.483  -19.713  43.384 0.0000000000
65275  34.373  -19.454  45.083 0.0000000000
64061  34.140  -20.217  43.511 0.0000000000
64079  34.139  -20.085  42.195 0.0000000000
61686  34.582  -21.076  41.668 0.0000000000
61666  32.993  -22.741  41.533 0.0000000000
60313  36.065  -20.490  49.828 0.0000000000
56613  33.371  -23.354  54.204 0.0000000000
56631  33.699  -23.299  53.953 0.0000000000
57884  33.836  -22.345  52.758 0.0000000000
57933  32.636  -22.463  51.321 0.0000000000
57931  33.358  -23.719  51.158 0.0000000000
57910  34.146  -22.726  51.467 0.0000000000
59102  35.320  -22.847  50.613 0.0000000000
59140  36.005  -22.187  49.175 0.0000000000
60315  36.254  -21.866  48.349 0.0000000000
60334  36.599  -22.022  47.587 0.0000000000
60357  35.462  -22.441  46.183 0.0000000000
60379  34.733  -22.858  44.695 0.0000000000
58017  32.091  -23.104  46.215 0.0000000000
59211  32.176  -23.236  44.866 0.0000000000
60396  34.055  -22.832  44.194 0.0000000000
60412  32.836  -23.201  43.303 0.0000000000
75151  35.877  -9.488  39.629 0.0000000000
75170  34.609  -9.348  38.588 0.0000000000
73825  33.190  -9.422  37.958 0.0000000000
73811  31.375  -10.493  39.997 0.0000000000
73827  31.377  -10.400  38.809 0.0000000000
73868  31.623  -9.926  37.036 0.0000000000
86835  45.564  -0.203  22.638 0.0000000000
76405  37.318  -8.930  39.393 0.0000000000
77627  38.401  -8.164  39.415 0.0000000000
61520  20.056  -19.637  50.022 0.0000000000
60284  19.368  -19.995  49.971 0.0000000000
61508  19.777  -19.882  50.739 0.0000000000
61506  21.334  -19.831  50.870 0.0000000000
77731  36.363  -7.500  32.187 0.0000000000
77712  37.539  -8.521  32.233 0.0000000000
77730  37.221  -7.716  32.115 0.0000000000
57757  9.182  -23.213  61.634 0.0000000000
57763  9.360  -23.101  60.659 0.0000000000
64004  36.782  -18.568  49.090 0.0000000000
62768  35.936  -19.786  47.981 0.0000000000
61568  36.060  -20.186  48.462 0.0000000000
56540  33.249  -23.527  56.663 0.0000000000
56558  32.910  -23.765  56.229 0.0000000000
62798  27.575  -19.347  45.311 0.0000000000
62797  28.700  -19.663  44.889 0.0000000000
70039  31.343  -14.509  44.138 0.0000000000
86819  46.362  0.602  26.161 0.0000000000
86813  46.362  0.657  25.852 0.0000000000
87867  46.513  0.863  25.471 0.0000000000
87871  46.517  1.330  24.652 0.0000000000
87868  45.871  0.877  25.054 0.0000000000
73898  36.935  -10.757  34.730 0.0000000000
72606  33.806  -9.739  36.904 0.0000000000
72623  33.727  -9.739  36.586 0.0000000000
72624  32.576  -9.760  36.378 0.0000000000
72646  31.748  -10.323  35.717 0.0000000000
75227  38.192  -10.393  35.610 0.0000000000
75239  38.407  -10.699  34.884 0.0000000000
60271  15.800  -21.275  51.051 0.0000000000
59093  14.999  -22.287  50.830 0.0000000000
57844  26.546  -21.894  53.638 0.0000000000
57843  27.172  -21.672  53.787 0.0000000000
57868  26.552  -22.224  53.343 0.0000000000
60339  24.140  -21.781  48.022 0.0000000000
60320  24.714  -22.057  48.494 0.0000000000
60360  24.386  -20.961  47.918 0.0000000000
61574  24.916  -20.729  47.926 0.0000000000
61598  23.359  -20.580  46.605 0.0000000000
60362  22.860  -21.378  46.882 0.0000000000
65308  33.083  -19.669  42.373 0.0000000000
83373  42.714  -2.489  29.951 0.0000000000
84577  43.043  -0.989  25.664 0.0000000000
66389  24.852  -17.656  54.363 0.0000000000
66390  23.944  -17.334  54.365 0.0000000000
67536  24.377  -16.812  54.771 0.0000000000
65163  26.110  -18.357  54.769 0.0000000000
65164  25.479  -18.385  54.413 0.0000000000
81080  41.969  -4.624  32.833 0.0000000000
62677  19.980  -19.027  55.948 0.0000000000
60183  15.674  -19.428  56.945 0.0000000000
60196  15.796  -19.724  55.851 0.0000000000
60209  14.540  -20.738  55.287 0.0000000000
61418  13.553  -20.031  60.611 0.0000000000
57811  10.347  -22.973  56.974 0.0000000000
58994  11.008  -22.345  56.669 0.0000000000
67635  35.066  -16.374  47.190 0.0000000000
67636  34.687  -15.830  46.857 0.0000000000
68761  33.776  -15.783  45.722 0.0000000000
61629  35.121  -21.725  44.625 0.0000000000
61643  34.826  -21.056  44.153 0.0000000000
59086  29.904  -21.019  52.299 0.0000000000
59085  31.041  -21.425  51.809 0.0000000000
57979  32.954  -22.634  48.417 0.0000000000
57961  33.838  -24.075  48.806 0.0000000000
57996  32.627  -22.932  47.203 0.0000000000
75103  34.284  -9.556  42.494 0.0000000000
75120  34.016  -9.198  41.379 0.0000000000
75121  32.907  -9.451  41.665 0.0000000000
73822  35.906  -9.319  37.637 0.0000000000
73823  35.051  -9.335  37.807 0.0000000000
73844  34.617  -9.546  37.259 0.0000000000
76423  37.959  -8.570  38.792 0.0000000000
60268  18.453  -20.176  51.081 0.0000000000
60269  17.612  -20.345  51.072 0.0000000000
60246  17.948  -20.466  52.104 0.0000000000
60264  24.404  -22.023  51.229 0.0000000000
59130  22.434  -21.792  49.155 0.0000000000
59129  23.365  -21.821  49.465 0.0000000000
59149  22.913  -22.147  48.635 0.0000000000
60321  22.211  -22.414  48.208 0.0000000000
60322  21.208  -21.950  48.255 0.0000000000
60324  19.317  -21.025  48.209 0.0000000000
77681  40.467  -8.767  34.453 0.0000000000
77691  40.012  -8.379  33.837 0.0000000000
78878  40.082  -7.514  33.156 0.0000000000
78887  40.350  -6.748  32.772 0.0000000000
80054  40.151  -5.994  32.312 0.0000000000
80057  37.500  -6.291  31.585 0.0000000000
81096  37.406  -5.948  31.136 0.0000000000
61429  19.701  -18.682  58.614 0.0000000000
61411  19.483  -18.782  59.383 0.0000000000
61431  18.053  -18.574  58.808 0.0000000000
60165  16.549  -18.911  57.910 0.0000000000
60134  11.964  -20.907  60.780 0.0000000000
58958  9.706  -22.746  59.252 0.0000000000
58957  10.242  -22.377  59.456 0.0000000000
58970  9.980  -22.573  58.785 0.0000000000
57798  10.152  -22.787  57.851 0.0000000000
57787  8.977  -23.906  58.215 0.0000000000
56536  8.136  -25.259  58.466 0.0000000000
56535  8.609  -24.712  57.995 0.0000000000
55162  7.269  -26.037  60.322 0.0000000000
55146  7.292  -25.982  61.349 0.0000000000
66466  36.200  -16.900  48.140 0.0000000000
66475  35.500  -17.177  47.566 0.0000000000
65254  35.293  -18.302  46.941 0.0000000000
61612  35.445  -20.953  46.257 0.0000000000
61592  35.715  -21.656  46.376 0.0000000000
62746  28.543  -19.901  49.557 0.0000000000
61515  30.038  -20.380  50.500 0.0000000000
62758  29.948  -20.073  49.069 0.0000000000
61571  30.062  -20.329  46.866 0.0000000000
61570  30.521  -20.415  47.557 0.0000000000
59144  31.813  -21.368  48.375 0.0000000000
60358  30.856  -21.306  46.314 0.0000000000
73789  31.769  -11.194  42.101 0.0000000000
70062  29.901  -14.059  41.361 0.0000000000
88998  46.564  1.610  23.743 0.0000000000
89002  46.600  1.518  22.779 0.0000000000
89007  46.988  1.263  22.186 0.0000000000
87879  46.469  0.796  22.238 0.0000000000
76491  37.125  -9.529  32.936 0.0000000000
75250  36.711  -9.799  33.567 0.0000000000
75251  35.688  -9.391  33.965 0.0000000000
73916  33.989  -9.221  34.861 0.0000000000
73886  35.958  -10.276  35.976 0.0000000000
72621  35.454  -9.972  36.174 0.0000000000
72666  33.193  -9.621  35.752 0.0000000000
72665  34.386  -9.786  35.875 0.0000000000
73902  32.954  -9.461  35.391 0.0000000000
73917  32.676  -9.460  34.715 0.0000000000
77638  39.829  -7.717  37.840 0.0000000000
77651  40.357  -8.240  37.227 0.0000000000
76471  39.673  -9.597  35.557 0.0000000000
76457  40.660  -8.777  36.604 0.0000000000
75205  41.298  -9.002  36.156 0.0000000000
75225  41.053  -9.358  35.753 0.0000000000
76480  40.716  -9.282  35.030 0.0000000000
76481  39.521  -9.565  34.746 0.0000000000
73896  38.526  -10.678  33.619 0.0000000000
75247  38.744  -10.079  33.340 0.0000000000
75248  38.255  -10.303  32.978 0.0000000000
76506  37.806  -9.458  32.591 0.0000000000
57806  31.002  -22.260  56.563 0.0000000000
57820  31.007  -22.068  55.726 0.0000000000
57891  28.207  -21.529  53.153 0.0000000000
57865  29.296  -21.579  53.749 0.0000000000
57890  28.802  -21.470  53.220 0.0000000000
59063  29.465  -21.373  53.036 0.0000000000
59064  28.259  -21.348  52.766 0.0000000000
57936  25.704  -24.089  51.932 0.0000000000
59109  25.581  -23.918  50.911 0.0000000000
60318  26.538  -22.149  48.716 0.0000000000
59145  26.573  -22.756  49.565 0.0000000000
60299  27.120  -22.331  49.555 0.0000000000
60280  27.440  -21.377  50.965 0.0000000000
60298  27.619  -21.755  50.123 0.0000000000
61530  27.744  -20.734  50.091 0.0000000000
61551  27.139  -20.925  48.665 0.0000000000
61596  25.657  -19.915  47.365 0.0000000000
61572  26.468  -20.127  47.940 0.0000000000
62785  25.965  -19.479  46.702 0.0000000000
60364  21.254  -21.367  46.154 0.0000000000
84527  43.799  -1.934  32.353 0.0000000000
85665  43.901  -1.228  30.708 0.0000000000
85671  44.146  -1.375  29.896 0.0000000000
86803  44.432  -0.763  30.089 0.0000000000
86807  44.479  -0.773  29.596 0.0000000000
84551  41.616  -1.684  27.742 0.0000000000
83397  42.185  -1.900  28.463 0.0000000000
84549  43.753  -1.349  28.075 0.0000000000
84540  44.452  -0.826  28.704 0.0000000000
85695  43.777  -0.680  25.597 0.0000000000
85687  44.300  -0.541  26.719 0.0000000000
85694  44.628  -0.286  26.434 0.0000000000
63958  22.444  -19.107  52.072 0.0000000000
63959  21.706  -19.090  52.258 0.0000000000
63950  21.922  -18.605  52.592 0.0000000000
65165  22.140  -17.813  54.911 0.0000000000
65177  21.743  -18.102  54.162 0.0000000000
63931  21.483  -18.350  55.336 0.0000000000
63920  21.635  -17.981  56.179 0.0000000000
67511  24.211  -16.108  56.360 0.0000000000
65140  22.697  -16.863  57.580 0.0000000000
63894  21.648  -17.634  58.771 0.0000000000
62666  20.945  -18.027  58.355 0.0000000000
57794  31.504  -22.485  57.593 0.0000000000
58988  27.824  -21.246  55.335 0.0000000000
62665  26.799  -19.508  55.315 0.0000000000
60192  26.357  -20.391  54.733 0.0000000000
60203  26.571  -21.017  54.479 0.0000000000
60204  26.125  -20.858  54.164 0.0000000000
59018  25.736  -21.528  53.438 0.0000000000
60205  25.725  -20.657  53.789 0.0000000000
63948  24.076  -18.928  53.012 0.0000000000
62699  24.145  -19.620  52.595 0.0000000000
62700  23.469  -19.643  52.099 0.0000000000
61490  22.838  -19.860  51.369 0.0000000000
77694  34.509  -8.052  33.119 0.0000000000
82169  42.044  -3.748  32.255 0.0000000000
82180  41.847  -3.054  31.445 0.0000000000
82183  40.032  -3.991  30.410 0.0000000000
82193  39.484  -3.781  29.711 0.0000000000
82192  40.457  -3.591  29.752 0.0000000000
82203  39.984  -3.480  29.022 0.0000000000
62701  20.355  -19.297  53.017 0.0000000000
61478  19.709  -19.834  53.412 0.0000000000
60219  18.542  -20.549  53.471 0.0000000000
60220  17.850  -20.566  53.794 0.0000000000
60163  18.146  -18.831  56.934 0.0000000000
60180  18.142  -19.219  55.961 0.0000000000
58990  16.371  -20.081  54.751 0.0000000000
60208  16.936  -19.983  54.809 0.0000000000
59020  16.666  -20.462  53.483 0.0000000000
59021  15.817  -20.578  53.603 0.0000000000
59022  14.892  -20.826  53.808 0.0000000000
59046  14.146  -21.721  53.188 0.0000000000
61416  14.914  -19.660  59.866 0.0000000000
61432  14.431  -19.856  59.222 0.0000000000
60167  14.820  -19.682  58.762 0.0000000000
60170  11.973  -20.712  59.118 0.0000000000
60200  12.145  -20.953  56.917 0.0000000000
60199  13.054  -20.621  56.630 0.0000000000
60211  13.320  -21.183  55.608 0.0000000000
60222  12.592  -21.487  55.422 0.0000000000
55136  7.197  -25.847  62.353 0.0000000000
53880  6.649  -26.610  62.896 0.0000000000
53881  6.130  -27.384  63.347 0.0000000000
53891  6.204  -27.531  62.311 0.0000000000
75102  35.289  -9.517  42.652 0.0000000000
75065  33.592  -10.086  44.218 0.0000000000
75066  32.692  -10.445  44.136 0.0000000000
75048  32.994  -10.600  44.808 0.0000000000
72510  32.098  -12.497  45.076 0.0000000000
71234  31.888  -13.203  44.612 0.0000000000
71244  31.609  -13.590  44.181 0.0000000000
71243  32.216  -14.343  44.481 0.0000000000
69987  34.811  -14.467  47.142 0.0000000000
68772  33.334  -15.699  45.038 0.0000000000
70028  33.100  -15.203  45.127 0.0000000000
68773  32.899  -15.657  44.676 0.0000000000
68784  32.431  -15.565  44.519 0.0000000000
67671  31.811  -16.307  44.396 0.0000000000
67659  32.836  -16.263  44.558 0.0000000000
66499  33.228  -17.972  45.190 0.0000000000
66500  32.629  -17.313  44.747 0.0000000000
62838  34.346  -20.484  43.841 0.0000000000
64062  34.015  -20.169  42.898 0.0000000000
64078  34.403  -20.374  42.738 0.0000000000
62856  34.266  -20.705  41.490 0.0000000000
62855  34.867  -20.597  42.142 0.0000000000
61665  33.764  -22.224  41.690 0.0000000000
136040  32.263  -23.209  41.928 0.0000000000
56595  32.282  -22.535  55.007 0.0000000000
56594  32.859  -22.919  54.745 0.0000000000
56633  33.209  -22.839  53.276 0.0000000000
57886  33.305  -22.776  52.842 0.0000000000
57885  33.622  -22.723  53.214 0.0000000000
57912  33.405  -22.825  51.959 0.0000000000
59103  32.244  -22.063  50.627 0.0000000000
57946  33.597  -24.239  49.996 0.0000000000
57911  33.616  -22.838  51.728 0.0000000000
57928  34.991  -22.698  50.798 0.0000000000
57929  35.129  -23.471  50.726 0.0000000000
57959  35.448  -23.782  48.589 0.0000000000
59121  35.790  -22.893  50.036 0.0000000000
60314  35.928  -21.149  49.035 0.0000000000
59161  36.218  -22.529  48.124 0.0000000000
59181  35.599  -22.923  46.731 0.0000000000
59194  35.208  -23.063  45.872 0.0000000000
59195  34.122  -23.180  45.342 0.0000000000
59196  31.615  -22.823  45.768 0.0000000000
136033  33.284  -23.116  44.435 0.0000000000
136027  32.037  -23.427  42.862 0.0000000000
75134  36.746  -9.338  41.116 0.0000000000
75135  35.989  -9.486  40.778 0.0000000000
76406  33.649  -8.893  39.934 0.0000000000
75153  33.986  -9.230  39.313 0.0000000000
75171  33.702  -9.439  38.562 0.0000000000
75172  32.788  -9.493  38.615 0.0000000000
75138  31.957  -9.898  40.369 0.0000000000
72590  30.588  -10.999  37.954 0.0000000000
73847  31.474  -10.169  37.735 0.0000000000
72607  30.850  -10.701  37.041 0.0000000000
91282  49.307  3.129  22.136 0.0000000000
90158  49.822  2.864  21.563 0.0000000000
90157  50.380  2.985  21.575 0.0000000000
86829  45.191  0.292  23.568 0.0000000000
86836  44.984  -0.681  22.537 0.0000000000
76424  37.401  -8.906  38.703 0.0000000000
60243  23.540  -20.784  51.502 0.0000000000
60265  23.853  -21.463  50.928 0.0000000000
60300  22.414  -21.336  49.599 0.0000000000
60301  21.453  -21.429  49.329 0.0000000000
78879  36.598  -6.640  31.677 0.0000000000
77710  39.132  -8.522  33.067 0.0000000000
77709  39.640  -8.014  33.280 0.0000000000
77728  38.920  -7.848  32.456 0.0000000000
78889  38.693  -7.049  32.157 0.0000000000
78890  37.772  -6.962  32.198 0.0000000000
61387  20.070  -18.900  60.094 0.0000000000
61388  19.490  -19.081  60.326 0.0000000000
57772  9.231  -23.240  59.606 0.0000000000
56518  8.729  -23.701  59.551 0.0000000000
56519  8.325  -24.379  59.319 0.0000000000
55177  7.800  -24.556  60.345 0.0000000000
55160  7.758  -24.390  61.269 0.0000000000
65235  36.749  -17.756  48.798 0.0000000000
65236  36.222  -18.207  48.343 0.0000000000
64014  35.970  -18.452  48.139 0.0000000000
64024  35.732  -18.960  47.626 0.0000000000
62780  35.847  -19.520  47.641 0.0000000000
62769  35.935  -20.197  47.563 0.0000000000
60355  36.685  -21.399  47.200 0.0000000000
62770  29.327  -19.826  47.243 0.0000000000
62782  29.512  -20.005  46.539 0.0000000000
61593  29.683  -20.525  45.874 0.0000000000
61594  29.229  -20.028  45.423 0.0000000000
62809  28.731  -20.060  44.036 0.0000000000
71255  30.562  -13.147  43.176 0.0000000000
70049  29.860  -14.366  42.459 0.0000000000
85685  46.283  0.143  27.452 0.0000000000
85684  46.609  0.182  27.740 0.0000000000
85691  46.731  0.426  27.312 0.0000000000
88994  47.466  1.983  25.329 0.0000000000
88999  46.058  1.439  23.249 0.0000000000
73897  38.004  -11.010  34.219 0.0000000000
73913  37.279  -10.456  33.876 0.0000000000
73899  35.890  -10.302  35.329 0.0000000000
73865  34.964  -9.620  36.791 0.0000000000
72622  34.788  -9.796  36.487 0.0000000000
72667  32.074  -10.135  35.252 0.0000000000
76441  39.854  -8.722  37.133 0.0000000000
76458  39.525  -9.246  36.521 0.0000000000
75226  38.946  -10.142  35.159 0.0000000000
59094  14.417  -22.727  51.278 0.0000000000
57822  28.689  -21.552  54.820 0.0000000000
57841  29.007  -21.610  54.378 0.0000000000
57842  28.022  -21.684  54.027 0.0000000000
57867  27.177  -21.707  53.345 0.0000000000
57892  27.179  -21.685  52.720 0.0000000000
59147  24.752  -22.678  48.929 0.0000000000
60319  25.442  -22.248  48.538 0.0000000000
60337  25.819  -21.691  48.162 0.0000000000
61552  26.375  -21.243  48.123 0.0000000000
61618  23.777  -19.969  45.647 0.0000000000
61619  22.665  -20.573  45.664 0.0000000000
65293  31.613  -18.487  43.419 0.0000000000
83361  43.379  -2.378  30.962 0.0000000000
84530  43.674  -2.121  31.364 0.0000000000
83372  43.447  -2.384  30.133 0.0000000000
83385  43.416  -2.121  29.147 0.0000000000
84565  42.034  -1.591  26.619 0.0000000000
84563  44.296  -0.605  27.122 0.0000000000
85696  43.072  -1.012  25.038 0.0000000000
65184  23.942  -18.635  53.421 0.0000000000
65185  23.344  -18.327  53.217 0.0000000000
66391  22.979  -17.422  54.174 0.0000000000
66376  22.835  -17.023  54.923 0.0000000000
62675  25.954  -19.730  54.666 0.0000000000
62682  25.395  -19.767  54.315 0.0000000000
63930  25.506  -19.164  54.410 0.0000000000
63942  24.521  -18.963  53.548 0.0000000000
82157  42.721  -4.171  32.974 0.0000000000
82170  41.412  -3.779  31.978 0.0000000000
81106  39.247  -4.490  30.691 0.0000000000
63933  20.294  -18.858  54.374 0.0000000000
61470  19.399  -19.519  54.367 0.0000000000
61463  18.801  -19.705  54.734 0.0000000000
58991  15.814  -20.094  55.078 0.0000000000
59005  14.976  -20.667  54.867 0.0000000000
60150  13.585  -19.998  59.421 0.0000000000
60187  11.984  -20.762  57.965 0.0000000000
58993  11.699  -21.747  56.424 0.0000000000
59008  11.940  -21.855  55.650 0.0000000000
73743  32.934  -11.212  45.472 0.0000000000
73742  33.671  -11.112  45.873 0.0000000000
72492  32.945  -12.437  46.026 0.0000000000
68738  35.966  -15.190  47.457 0.0000000000
70004  35.003  -15.104  46.967 0.0000000000
70005  34.152  -14.943  46.851 0.0000000000
70006  33.478  -14.700  46.249 0.0000000000
70016  33.754  -15.442  46.204 0.0000000000
67648  33.240  -16.544  44.778 0.0000000000
66487  33.300  -17.039  44.994 0.0000000000
62808  34.954  -20.530  45.477 0.0000000000
64046  34.576  -20.029  44.919 0.0000000000
62822  34.574  -20.676  44.337 0.0000000000
62823  34.784  -20.974  43.857 0.0000000000
61664  34.649  -21.599  42.271 0.0000000000
57889  31.134  -21.690  53.496 0.0000000000
57862  32.540  -22.414  53.888 0.0000000000
57888  31.926  -22.015  53.106 0.0000000000
57914  32.319  -22.356  52.210 0.0000000000
59122  32.605  -22.027  49.874 0.0000000000
57963  33.038  -22.588  49.523 0.0000000000
57945  34.554  -24.261  49.688 0.0000000000
57960  34.779  -24.098  48.325 0.0000000000
59142  35.410  -23.583  48.108 0.0000000000
59162  35.785  -23.102  47.694 0.0000000000
57976  34.371  -23.918  47.403 0.0000000000
57994  33.871  -23.691  46.924 0.0000000000
58015  33.358  -23.385  46.157 0.0000000000
59198  30.334  -22.354  44.303 0.0000000000
59212  30.844  -22.949  44.162 0.0000000000
59233  30.505  -23.181  43.285 0.0000000000
136030  31.101  -23.376  43.272 0.0000000000
136025  31.550  -23.400  43.264 0.0000000000
58064  30.657  -23.350  42.748 0.0000000000
75136  35.117  -9.286  40.501 0.0000000000
76389  33.544  -9.011  40.651 0.0000000000
76390  33.004  -9.012  40.248 0.0000000000
72577  30.163  -12.162  39.499 0.0000000000
73812  30.690  -11.206  39.780 0.0000000000
90155  47.843  2.299  22.786 0.0000000000
75208  37.891  -9.886  36.368 0.0000000000
73841  36.976  -9.644  36.528 0.0000000000
73842  36.139  -9.534  36.769 0.0000000000
73845  33.598  -9.627  37.238 0.0000000000
78817  40.040  -7.236  38.038 0.0000000000
77626  38.845  -7.755  38.999 0.0000000000
77653  39.066  -8.400  38.046 0.0000000000
60304  17.910  -20.808  49.327 0.0000000000
60270  16.709  -20.632  50.988 0.0000000000
60248  16.417  -20.630  51.727 0.0000000000
59040  25.196  -22.619  53.456 0.0000000000
57895  25.466  -23.376  53.541 0.0000000000
59066  24.635  -23.431  52.792 0.0000000000
59110  24.638  -23.197  50.723 0.0000000000
59111  24.173  -22.061  50.453 0.0000000000
59128  24.335  -22.563  49.722 0.0000000000
59167  23.585  -22.271  48.200 0.0000000000
60340  23.315  -22.060  47.506 0.0000000000
60341  22.236  -22.135  47.379 0.0000000000
83388  40.824  -2.663  28.741 0.0000000000
83387  41.645  -2.419  28.910 0.0000000000
84543  40.529  -2.429  28.135 0.0000000000
67535  25.175  -16.779  55.056 0.0000000000
67521  26.155  -16.247  56.114 0.0000000000
77679  41.888  -7.987  34.969 0.0000000000
78866  41.127  -7.353  33.952 0.0000000000
78867  40.572  -7.643  33.625 0.0000000000
80036  41.467  -6.387  33.639 0.0000000000
81092  40.924  -4.729  32.119 0.0000000000
81108  37.429  -5.600  30.600 0.0000000000
62667  20.456  -18.409  57.520 0.0000000000
61453  19.479  -19.224  56.399 0.0000000000
61445  19.640  -18.832  57.522 0.0000000000
60164  17.522  -18.647  57.614 0.0000000000
60184  14.699  -19.596  57.231 0.0000000000
67623  36.598  -16.142  48.251 0.0000000000
68737  36.345  -15.500  47.946 0.0000000000
68750  35.775  -15.703  47.454 0.0000000000
67645  34.645  -16.952  46.736 0.0000000000
66485  34.604  -17.495  46.288 0.0000000000
65255  34.942  -17.953  46.470 0.0000000000
64037  35.366  -19.422  45.951 0.0000000000
64031  35.590  -19.307  46.638 0.0000000000
62807  35.291  -19.955  45.755 0.0000000000
61614  35.245  -22.006  44.914 0.0000000000
61504  29.741  -20.544  51.302 0.0000000000
60261  30.826  -21.233  51.131 0.0000000000
61503  30.429  -20.803  51.018 0.0000000000
60278  30.880  -21.044  50.275 0.0000000000
60296  31.093  -20.930  49.045 0.0000000000
61548  30.427  -20.240  48.474 0.0000000000
59164  32.398  -21.986  47.667 0.0000000000
59184  31.294  -21.929  45.804 0.0000000000
59185  30.733  -21.836  44.905 0.0000000000
60397  29.619  -22.026  43.663 0.0000000000
75105  32.397  -10.341  42.300 0.0000000000
73799  31.427  -10.890  41.071 0.0000000000
72563  30.841  -11.471  41.161 0.0000000000
71268  30.544  -12.714  42.173 0.0000000000
72551  30.531  -12.501  41.712 0.0000000000
72564  30.463  -12.105  40.868 0.0000000000
90151  48.223  3.083  24.223 0.0000000000
88996  47.781  2.635  25.113 0.0000000000
90152  47.691  2.529  23.575 0.0000000000
87878  47.430  0.705  21.860 0.0000000000
77714  35.878  -7.946  32.456 0.0000000000
76508  36.252  -8.499  32.667 0.0000000000
76493  35.090  -8.631  33.570 0.0000000000
73900  34.794  -9.759  35.416 0.0000000000
72643  35.012  -9.925  36.147 0.0000000000
76440  40.290  -8.609  36.981 0.0000000000
77663  40.873  -8.269  36.850 0.0000000000
75236  41.412  -9.009  35.317 0.0000000000
76489  39.293  -9.372  33.941 0.0000000000
76504  38.994  -9.351  33.248 0.0000000000
76505  38.620  -9.301  32.788 0.0000000000
56559  32.453  -23.129  56.363 0.0000000000
56576  31.702  -22.412  55.884 0.0000000000
57819  31.666  -22.310  55.597 0.0000000000
57839  31.569  -22.080  54.964 0.0000000000
57864  30.636  -21.639  54.034 0.0000000000
59038  30.404  -21.551  53.419 0.0000000000
57917  26.368  -23.588  52.499 0.0000000000
57916  26.747  -22.670  52.104 0.0000000000
59089  26.857  -22.210  51.849 0.0000000000
59126  26.149  -23.280  50.118 0.0000000000
59107  26.905  -22.476  51.493 0.0000000000
59105  27.590  -21.107  51.506 0.0000000000
60279  28.059  -20.735  51.483 0.0000000000
60263  29.219  -20.774  51.783 0.0000000000
61517  28.258  -20.348  50.881 0.0000000000
62733  28.205  -20.184  50.149 0.0000000000
62760  27.716  -19.840  48.795 0.0000000000
62761  27.013  -20.016  48.452 0.0000000000
62772  27.293  -19.829  47.923 0.0000000000
62784  27.121  -19.554  46.855 0.0000000000
62811  26.624  -19.335  44.305 0.0000000000
60382  22.358  -20.940  46.350 0.0000000000
60383  21.898  -21.121  45.648 0.0000000000
85670  45.464  -0.536  29.788 0.0000000000
85677  44.268  -1.141  29.300 0.0000000000
85676  45.093  -0.470  29.242 0.0000000000
85669  45.983  -0.584  29.441 0.0000000000
85675  46.002  -0.592  28.808 0.0000000000
85681  46.083  -0.425  28.267 0.0000000000
84561  45.891  -0.083  27.612 0.0000000000
84562  45.109  -0.022  27.419 0.0000000000
85686  45.814  0.134  27.275 0.0000000000
85693  45.490  0.229  26.752 0.0000000000
86820  45.506  0.408  25.742 0.0000000000
61507  20.392  -19.933  51.075 0.0000000000
62714  21.179  -19.342  52.151 0.0000000000
65186  22.282  -18.082  53.139 0.0000000000
63943  21.349  -18.477  53.543 0.0000000000
63944  20.592  -18.878  53.768 0.0000000000
63932  20.945  -18.645  54.754 0.0000000000
62684  20.458  -18.768  55.616 0.0000000000
62676  20.471  -18.674  56.415 0.0000000000
67523  24.288  -16.362  55.514 0.0000000000
66361  23.470  -16.329  56.057 0.0000000000
65153  22.812  -16.801  56.559 0.0000000000
66331  23.236  -16.557  58.068 0.0000000000
65141  21.989  -17.159  56.911 0.0000000000
63908  20.917  -18.242  56.676 0.0000000000
62656  20.513  -18.392  58.674 0.0000000000
62646  20.508  -18.567  59.650 0.0000000000
62645  21.154  -18.306  60.339 0.0000000000
56524  33.114  -22.950  57.228 0.0000000000
56542  31.939  -22.739  57.242 0.0000000000
57807  30.141  -21.992  56.061 0.0000000000
58977  29.456  -21.731  56.754 0.0000000000
57808  29.229  -21.634  55.665 0.0000000000
57809  28.340  -21.457  55.150 0.0000000000
57810  27.688  -21.439  54.765 0.0000000000
57825  26.579  -21.672  53.904 0.0000000000
58989  27.333  -21.003  55.089 0.0000000000
59000  26.847  -21.299  54.433 0.0000000000
57846  25.705  -22.352  53.681 0.0000000000
59041  25.421  -21.831  53.039 0.0000000000
60227  24.691  -21.173  52.300 0.0000000000
61469  24.886  -20.367  52.829 0.0000000000
60228  23.907  -20.701  52.022 0.0000000000
60244  22.787  -20.095  51.073 0.0000000000
84531  43.514  -2.377  32.030 0.0000000000
83347  43.001  -3.440  33.031 0.0000000000
83354  43.152  -2.765  31.809 0.0000000000
83363  42.104  -2.636  30.589 0.0000000000
81104  40.646  -4.045  31.380 0.0000000000
82191  41.106  -3.315  30.245 0.0000000000
83375  41.092  -3.039  29.404 0.0000000000
61493  19.427  -20.154  51.826 0.0000000000
60229  18.652  -20.502  52.589 0.0000000000
59068  17.416  -20.430  52.295 0.0000000000
59042  17.445  -20.496  52.721 0.0000000000
59043  16.781  -20.498  52.877 0.0000000000
61454  18.808  -19.495  55.751 0.0000000000
60193  18.167  -19.754  55.049 0.0000000000
60207  17.530  -20.201  54.476 0.0000000000
59002  17.246  -20.451  53.882 0.0000000000
59070  16.162  -20.656  52.273 0.0000000000
59072  14.194  -22.371  52.164 0.0000000000
60148  15.866  -19.179  59.645 0.0000000000
60151  12.991  -20.217  59.842 0.0000000000
60169  12.801  -20.148  58.795 0.0000000000
60168  13.761  -19.875  58.713 0.0000000000
60210  14.104  -20.831  55.506 0.0000000000
59007  13.794  -21.296  55.196 0.0000000000
59024  13.354  -21.654  54.660 0.0000000000
59025  12.289  -21.884  54.798 0.0000000000
59048  12.518  -22.228  53.947 0.0000000000
53899  6.332  -27.561  61.276 0.0000000000
76387  37.818  -8.516  40.986 0.0000000000
75086  32.512  -10.418  43.239 0.0000000000
73756  32.413  -11.268  44.894 0.0000000000
71219  32.829  -13.463  45.865 0.0000000000
71232  33.168  -14.520  45.885 0.0000000000
70018  32.777  -14.916  45.222 0.0000000000
71233  32.565  -14.050  45.194 0.0000000000
70038  32.097  -15.021  44.334 0.0000000000
65307  33.628  -19.842  42.372 0.0000000000
65265  34.048  -18.333  45.473 0.0000000000
65276  33.734  -18.898  44.979 0.0000000000
65289  34.299  -19.819  44.685 0.0000000000
65290  33.991  -19.731  44.359 0.0000000000
61687  33.847  -21.463  41.291 0.0000000000
61688  33.230  -22.294  41.136 0.0000000000
61546  36.210  -20.230  49.231 0.0000000000
56574  32.814  -23.520  55.572 0.0000000000
56593  33.251  -23.817  54.871 0.0000000000
56612  33.662  -23.886  54.332 0.0000000000
56614  33.107  -22.828  53.791 0.0000000000
57861  33.971  -23.499  54.128 0.0000000000
59084  31.920  -21.984  51.519 0.0000000000
57948  32.990  -22.484  50.463 0.0000000000
57932  33.248  -22.890  51.147 0.0000000000
57883  34.289  -21.953  52.282 0.0000000000
59083  34.831  -21.607  51.803 0.0000000000
59120  35.276  -21.903  49.979 0.0000000000
59119  35.297  -21.252  50.223 0.0000000000
59139  35.592  -21.482  49.672 0.0000000000
61547  36.083  -20.740  48.439 0.0000000000
60333  36.347  -21.333  48.002 0.0000000000
60356  36.191  -22.042  46.663 0.0000000000
60377  35.487  -21.997  46.127 0.0000000000
60378  35.152  -22.450  45.325 0.0000000000
58016  32.682  -23.208  46.307 0.0000000000
60413  31.902  -23.341  42.517 0.0000000000
76388  37.375  -9.058  40.480 0.0000000000
75152  34.974  -9.163  39.448 0.0000000000
73846  32.422  -9.621  37.473 0.0000000000
75155  32.235  -9.710  39.333 0.0000000000
75173  32.182  -9.856  38.718 0.0000000000
73826  32.225  -9.748  38.200 0.0000000000
73867  32.487  -9.673  36.836 0.0000000000
87875  45.794  0.874  22.899 0.0000000000
56543  31.481  -22.540  56.901 0.0000000000
56632  33.470  -22.960  53.565 0.0000000000
57783  31.127  -22.283  57.806 0.0000000000
57785  10.046  -22.661  58.364 0.0000000000
57795  31.167  -22.372  57.246 0.0000000000
57796  30.285  -22.122  56.824 0.0000000000
57797  29.664  -21.855  56.295 0.0000000000
57824  27.132  -21.533  54.212 0.0000000000
57837  34.063  -24.063  54.410 0.0000000000
57838  32.264  -22.374  54.555 0.0000000000
57845  26.118  -22.119  53.697 0.0000000000
57870  25.663  -22.726  53.800 0.0000000000
57894  26.256  -23.275  53.261 0.0000000000
57909  34.579  -22.353  51.175 0.0000000000
57915  26.817  -21.921  52.008 0.0000000000
57918  25.468  -24.132  52.828 0.0000000000
57934  26.796  -23.138  51.608 0.0000000000
57935  26.359  -23.622  51.684 0.0000000000
57993  34.418  -23.690  46.851 0.0000000000
58986  29.272  -21.676  56.155 0.0000000000
59016  26.338  -21.673  53.844 0.0000000000
59017  25.987  -21.720  53.735 0.0000000000
59065  27.673  -21.454  52.705 0.0000000000
59069  16.924  -20.426  52.334 0.0000000000
59092  24.319  -22.076  51.000 0.0000000000
59106  27.231  -21.650  51.288 0.0000000000
59125  27.077  -22.588  50.467 0.0000000000
59180  36.171  -22.543  47.320 0.0000000000
59182  34.782  -23.429  46.367 0.0000000000
60191  27.002  -20.587  55.093 0.0000000000
60217  25.898  -21.323  53.646 0.0000000000
60335  30.753  -20.877  46.971 0.0000000000
61428  20.170  -18.643  58.915 0.0000000000
61451  26.443  -19.987  55.024 0.0000000000
61460  25.632  -20.327  54.100 0.0000000000
61461  25.353  -20.367  53.564 0.0000000000
61476  24.076  -20.344  52.303 0.0000000000
61505  28.904  -20.506  51.391 0.0000000000
61516  29.230  -20.254  50.886 0.0000000000
61519  20.617  -19.807  50.286 0.0000000000
61531  27.465  -21.168  49.481 0.0000000000
61553  19.392  -21.047  47.820 0.0000000000
61615  29.916  -21.006  45.179 0.0000000000
61617  24.443  -19.742  46.143 0.0000000000
62674  26.327  -19.621  54.951 0.0000000000
62683  25.193  -20.003  53.923 0.0000000000
62691  24.960  -19.542  53.884 0.0000000000
62712  22.907  -19.549  51.739 0.0000000000
62713  22.125  -19.373  51.710 0.0000000000
62732  28.865  -20.054  50.321 0.0000000000
62745  29.529  -20.063  49.715 0.0000000000
62747  27.862  -20.146  49.640 0.0000000000
62786  25.299  -19.657  46.853 0.0000000000
62796  35.295  -20.811  45.947 0.0000000000
63919  26.056  -19.433  54.726 0.0000000000
63941  24.832  -19.055  54.040 0.0000000000
63957  23.013  -19.231  51.976 0.0000000000
64023  35.867  -19.278  47.913 0.0000000000
65174  24.790  -18.307  54.108 0.0000000000
66362  22.918  -16.730  55.697 0.0000000000
66373  26.022  -17.490  55.145 0.0000000000
66498  33.728  -18.215  45.371 0.0000000000
67549  24.863  -17.197  54.625 0.0000000000
67550  24.498  -17.234  54.511 0.0000000000
67670  32.015  -16.143  44.327 0.0000000000
68752  34.700  -15.369  46.890 0.0000000000
71256  30.037  -13.697  42.843 0.0000000000
72642  35.583  -10.128  36.007 0.0000000000
72663  35.744  -10.231  35.839 0.0000000000
72682  32.540  -9.734  35.224 0.0000000000
73911  38.451  -10.524  33.260 0.0000000000
75206  40.895  -9.247  36.168 0.0000000000
75224  41.463  -9.046  35.716 0.0000000000
75249  37.583  -10.062  33.053 0.0000000000
75266  38.398  -9.840  32.866 0.0000000000
75267  38.026  -9.964  32.804 0.0000000000
76377  33.329  -9.186  41.176 0.0000000000
76379  32.475  -9.453  40.556 0.0000000000
76391  32.549  -9.321  39.888 0.0000000000
76407  33.203  -9.132  39.592 0.0000000000
76408  32.784  -9.339  39.424 0.0000000000
76490  37.509  -9.721  32.814 0.0000000000
77639  39.248  -7.984  38.279 0.0000000000
78854  41.717  -7.364  34.518 0.0000000000
78880  36.408  -6.693  31.714 0.0000000000
80004  39.710  -6.571  38.679 0.0000000000
80042  36.425  -6.579  31.523 0.0000000000
82158  42.393  -4.125  32.671 0.0000000000
84576  44.707  -0.220  27.018 0.0000000000
86802  45.077  -0.572  30.171 0.0000000000
86814  46.091  0.627  25.814 0.0000000000
87859  46.255  0.704  25.659 0.0000000000
87874  46.179  1.209  22.641 0.0000000000
91283  48.810  2.997  22.176 0.0000000000
136029  31.598  -23.311  43.788 0.0000000000
