#!ascii label  , from subject sub.01.bl.02 vox2ras=TkReg
1000
100757  41.164  14.416  26.622 0.0000000000
101795  44.144  14.180  15.208 0.0000000000
105395  40.091  17.403  16.204 0.0000000000
96969  45.242  8.776  6.814 0.0000000000
101732  38.348  13.702  20.030 0.0000000000
107077  46.021  19.697  19.982 0.0000000000
100910  46.107  12.658  9.146 0.0000000000
102822  35.625  14.237  8.940 0.0000000000
102678  48.971  14.679  21.667 0.0000000000
103570  42.938  15.837  21.317 0.0000000000
98909  40.847  11.228  15.963 0.0000000000
107947  37.327  20.717  12.151 0.0000000000
104595  39.667  15.600  9.189 0.0000000000
105404  46.683  17.182  15.545 0.0000000000
104602  45.242  16.293  8.411 0.0000000000
104621  35.748  16.974  6.906 0.0000000000
104406  44.740  16.421  24.968 0.0000000000
103528  42.240  15.570  24.667 0.0000000000
100829  39.955  11.876  17.864 0.0000000000
107906  41.360  20.670  16.764 0.0000000000
108786  40.932  21.250  12.902 0.0000000000
106273  37.939  18.817  15.527 0.0000000000
105437  37.077  16.752  12.414 0.0000000000
104532  39.964  16.323  13.123 0.0000000000
102722  46.507  14.617  18.074 0.0000000000
104464  47.691  16.081  18.731 0.0000000000
103608  46.499  15.378  15.277 0.0000000000
99002  49.111  10.854  6.808 0.0000000000
103668  46.552  15.276  8.910 0.0000000000
101901  47.118  13.189  5.988 0.0000000000
101904  43.880  14.528  5.831 0.0000000000
99004  44.421  10.398  7.258 0.0000000000
95812  41.641  7.547  9.167 0.0000000000
100771  38.480  12.699  26.334 0.0000000000
102673  39.468  14.465  23.950 0.0000000000
106248  42.479  18.595  18.840 0.0000000000
100879  42.887  12.022  12.786 0.0000000000
102781  45.135  14.449  12.455 0.0000000000
98976  44.921  10.681  9.850 0.0000000000
98016  46.687  9.827  8.429 0.0000000000
105350  51.700  17.118  23.842 0.0000000000
104383  48.719  16.127  25.041 0.0000000000
103554  46.200  15.654  22.276 0.0000000000
102724  44.382  14.181  18.473 0.0000000000
103581  40.228  15.540  20.805 0.0000000000
101747  41.518  13.758  18.165 0.0000000000
100852  42.118  12.631  15.224 0.0000000000
97967  42.214  9.523  13.127 0.0000000000
102634  36.054  13.877  26.449 0.0000000000
107993  40.890  20.430  7.771 0.0000000000
107161  37.568  19.622  7.791 0.0000000000
106311  35.771  18.125  10.037 0.0000000000
103648  37.307  14.977  10.242 0.0000000000
101877  39.909  13.571  8.196 0.0000000000
105360  47.966  16.975  21.834 0.0000000000
104460  45.249  16.803  19.328 0.0000000000
104504  43.903  16.672  15.559 0.0000000000
103637  46.106  15.436  11.868 0.0000000000
104557  45.680  16.469  11.875 0.0000000000
104544  42.841  16.049  12.448 0.0000000000
104592  42.255  16.161  9.094 0.0000000000
102832  41.778  14.865  7.352 0.0000000000
105474  34.899  17.717  6.921 0.0000000000
106341  35.670  18.626  6.953 0.0000000000
103489  43.319  14.748  26.430 0.0000000000
102643  41.866  14.612  25.993 0.0000000000
106254  40.398  18.561  17.588 0.0000000000
107908  39.498  20.225  16.263 0.0000000000
105396  39.090  18.138  16.298 0.0000000000
105419  38.112  17.537  14.493 0.0000000000
105417  40.305  16.667  14.271 0.0000000000
102736  45.732  14.519  17.371 0.0000000000
102735  46.578  14.843  17.053 0.0000000000
102755  45.969  15.100  15.369 0.0000000000
98035  47.022  9.834  6.411 0.0000000000
100933  48.107  12.528  5.630 0.0000000000
99013  45.741  10.575  6.227 0.0000000000
99978  45.687  11.993  6.625 0.0000000000
98026  44.694  9.554  6.695 0.0000000000
96971  43.382  8.458  7.434 0.0000000000
95836  43.917  7.905  7.388 0.0000000000
100789  37.478  12.552  24.524 0.0000000000
107888  43.702  20.352  18.496 0.0000000000
107079  44.066  19.512  19.464 0.0000000000
98958  43.311  10.600  11.801 0.0000000000
99947  43.579  11.491  11.614 0.0000000000
97990  44.269  9.846  10.720 0.0000000000
95822  47.094  8.177  8.623 0.0000000000
95832  47.512  7.766  8.000 0.0000000000
96967  47.124  8.713  7.669 0.0000000000
104436  44.694  16.334  22.953 0.0000000000
104422  46.246  16.297  23.736 0.0000000000
103555  45.148  15.883  22.191 0.0000000000
102690  45.142  14.809  20.760 0.0000000000
102700  43.758  14.637  20.132 0.0000000000
102692  38.325  14.852  21.883 0.0000000000
103559  39.420  15.225  22.741 0.0000000000
102718  39.178  14.120  19.743 0.0000000000
99885  40.236  11.203  17.010 0.0000000000
101748  40.701  13.619  18.345 0.0000000000
100827  41.289  12.744  17.111 0.0000000000
100826  42.002  13.192  16.800 0.0000000000
99910  41.400  11.693  15.534 0.0000000000
99931  41.927  11.365  13.883 0.0000000000
98935  41.432  10.213  14.337 0.0000000000
95751  43.398  7.638  13.278 0.0000000000
107946  38.415  21.169  12.678 0.0000000000
107955  40.976  20.851  11.308 0.0000000000
107968  39.123  21.067  10.138 0.0000000000
107994  39.610  20.570  8.038 0.0000000000
107984  38.022  20.608  9.226 0.0000000000
107146  36.482  18.839  8.907 0.0000000000
107971  36.583  19.725  10.313 0.0000000000
104564  38.622  15.770  11.118 0.0000000000
104565  37.529  15.720  11.067 0.0000000000
103646  38.838  15.265  9.608 0.0000000000
102820  38.381  14.258  8.442 0.0000000000
103684  39.419  14.727  7.365 0.0000000000
102676  50.428  14.809  23.039 0.0000000000
105356  49.923  17.075  22.705 0.0000000000
104443  49.255  15.760  21.354 0.0000000000
104489  47.167  16.297  16.873 0.0000000000
104465  46.883  16.357  18.599 0.0000000000
104477  45.808  16.643  17.549 0.0000000000
104479  43.895  16.535  17.459 0.0000000000
104514  45.332  17.047  15.286 0.0000000000
101843  45.048  13.171  10.843 0.0000000000
102780  45.757  14.982  12.209 0.0000000000
102795  46.211  14.442  10.700 0.0000000000
104601  46.094  15.997  8.713 0.0000000000
104588  46.228  15.943  9.933 0.0000000000
104589  45.500  16.413  9.605 0.0000000000
104543  43.905  16.284  12.411 0.0000000000
104574  43.669  16.316  10.373 0.0000000000
104575  42.533  16.243  10.239 0.0000000000
104591  43.381  16.248  9.216 0.0000000000
100920  44.395  12.396  8.185 0.0000000000
102831  43.041  14.813  7.174 0.0000000000
101858  43.403  12.891  8.914 0.0000000000
101844  42.492  12.632  10.007 0.0000000000
107867  48.120  20.140  20.323 0.0000000000
103686  34.707  16.161  7.589 0.0000000000
103672  35.255  15.588  8.571 0.0000000000
104359  46.170  16.792  27.184 0.0000000000
103487  44.611  15.761  26.601 0.0000000000
104407  43.800  16.108  25.224 0.0000000000
104426  42.448  16.170  23.251 0.0000000000
100806  39.160  12.798  19.099 0.0000000000
108745  40.830  21.177  15.360 0.0000000000
107928  39.189  21.042  14.729 0.0000000000
107119  37.079  20.017  14.029 0.0000000000
107125  36.335  19.358  12.588 0.0000000000
106288  37.107  18.032  13.837 0.0000000000
104534  38.282  16.463  12.832 0.0000000000
104563  39.637  15.949  11.031 0.0000000000
102696  47.906  14.718  20.195 0.0000000000
103585  48.666  15.644  19.581 0.0000000000
102721  47.190  15.078  17.686 0.0000000000
103593  47.387  15.666  17.226 0.0000000000
103606  47.372  16.233  15.262 0.0000000000
100918  47.462  12.587  8.211 0.0000000000
101872  47.017  13.609  8.615 0.0000000000
101871  47.652  13.364  7.760 0.0000000000
102830  46.997  14.505  7.147 0.0000000000
103691  45.612  15.389  6.264 0.0000000000
104629  44.178  16.141  6.013 0.0000000000
101902  45.747  13.671  6.243 0.0000000000
100928  45.005  12.388  7.547 0.0000000000
98997  43.383  10.391  8.407 0.0000000000
94668  42.346  7.230  8.576 0.0000000000
100759  39.628  13.604  26.750 0.0000000000
101712  40.132  14.017  25.442 0.0000000000
101716  39.133  13.596  24.657 0.0000000000
101721  38.266  13.840  23.462 0.0000000000
101729  37.276  13.803  21.259 0.0000000000
107904  43.002  20.643  17.063 0.0000000000
107087  41.732  19.482  18.167 0.0000000000
105375  41.535  17.963  18.136 0.0000000000
101808  43.469  13.295  13.510 0.0000000000
101807  44.135  13.983  14.050 0.0000000000
101817  44.187  13.606  12.720 0.0000000000
100887  44.565  12.579  10.991 0.0000000000
99960  45.554  11.689  9.415 0.0000000000
96943  45.738  9.053  9.253 0.0000000000
98004  45.911  9.922  8.998 0.0000000000
99970  46.460  11.614  8.696 0.0000000000
98015  47.814  9.626  7.938 0.0000000000
96981  46.848  9.159  6.933 0.0000000000
95834  45.563  7.960  7.298 0.0000000000
94678  44.726  7.326  7.676 0.0000000000
104381  50.463  16.380  25.187 0.0000000000
103524  48.878  15.591  23.908 0.0000000000
104385  46.629  16.577  25.548 0.0000000000
103542  47.616  15.698  23.587 0.0000000000
103566  47.781  14.749  21.697 0.0000000000
102697  46.870  14.385  20.028 0.0000000000
102723  45.477  14.387  18.319 0.0000000000
101773  44.363  14.203  16.929 0.0000000000
103529  41.177  15.029  24.592 0.0000000000
103557  41.431  16.195  22.355 0.0000000000
103571  41.891  16.071  21.459 0.0000000000
102717  40.107  14.344  19.346 0.0000000000
102716  41.116  14.506  19.314 0.0000000000
102701  42.762  14.865  19.930 0.0000000000
101737  43.113  14.121  18.651 0.0000000000
101760  43.497  13.755  17.349 0.0000000000
101785  43.474  13.768  15.824 0.0000000000
100862  42.364  12.520  14.371 0.0000000000
99940  42.528  11.305  12.994 0.0000000000
96917  43.044  8.950  12.276 0.0000000000
96889  42.131  8.284  13.743 0.0000000000
95768  43.410  8.094  12.382 0.0000000000
101685  38.970  13.857  26.786 0.0000000000
100761  37.755  12.860  26.569 0.0000000000
100774  35.253  12.603  25.614 0.0000000000
107980  42.646  20.342  9.227 0.0000000000
108007  40.929  20.423  6.533 0.0000000000
106331  36.775  18.742  7.287 0.0000000000
105460  36.305  17.633  8.278 0.0000000000
104596  35.610  16.296  9.001 0.0000000000
106301  35.878  18.088  11.465 0.0000000000
104581  35.978  16.164  10.604 0.0000000000
102797  36.250  14.936  9.659 0.0000000000
106237  46.712  18.406  21.487 0.0000000000
104452  47.531  16.524  20.432 0.0000000000
105365  45.916  17.194  20.768 0.0000000000
106242  44.886  18.541  20.481 0.0000000000
105370  43.770  17.621  19.402 0.0000000000
104480  42.849  16.687  17.423 0.0000000000
104495  41.942  16.579  16.243 0.0000000000
102761  45.711  15.151  14.223 0.0000000000
103621  46.265  15.713  13.785 0.0000000000
104525  47.009  16.931  13.835 0.0000000000
103645  46.441  15.530  10.614 0.0000000000
104556  46.029  16.247  12.211 0.0000000000
104526  46.409  17.222  13.547 0.0000000000
104516  44.059  16.756  14.589 0.0000000000
104517  42.991  16.613  14.376 0.0000000000
104507  41.290  16.626  14.740 0.0000000000
104531  40.976  16.351  13.127 0.0000000000
104562  40.604  16.288  11.087 0.0000000000
104593  41.166  16.102  8.961 0.0000000000
104617  43.056  15.452  7.162 0.0000000000
104618  41.670  15.460  7.439 0.0000000000
104620  40.398  15.336  7.478 0.0000000000
102817  40.427  14.033  7.654 0.0000000000
95800  40.886  7.577  10.098 0.0000000000
107172  35.793  19.676  6.785 0.0000000000
107171  36.627  19.768  6.221 0.0000000000
101681  41.761  14.583  26.935 0.0000000000
101695  42.739  14.230  26.979 0.0000000000
101696  41.947  14.541  26.461 0.0000000000
105382  39.914  18.067  16.996 0.0000000000
105383  39.464  18.470  16.819 0.0000000000
105408  39.199  17.377  15.348 0.0000000000
105407  40.445  16.913  14.997 0.0000000000
102748  45.026  14.399  16.729 0.0000000000
102747  45.868  14.751  16.413 0.0000000000
102756  45.066  14.529  15.785 0.0000000000
98036  46.007  9.925  6.172 0.0000000000
99012  46.573  10.713  6.057 0.0000000000
96983  45.444  9.477  6.432 0.0000000000
96970  44.220  8.678  7.129 0.0000000000
107875  46.859  20.511  19.621 0.0000000000
107876  45.833  20.279  19.306 0.0000000000
107877  44.856  20.206  19.168 0.0000000000
107078  44.990  19.501  19.921 0.0000000000
97991  43.707  9.819  11.422 0.0000000000
96928  44.172  8.958  11.092 0.0000000000
96954  47.451  8.172  8.243 0.0000000000
94675  48.076  7.021  7.920 0.0000000000
101881  35.873  13.942  8.996 0.0000000000
104437  43.796  16.246  22.639 0.0000000000
103556  44.454  16.030  22.277 0.0000000000
103569  44.196  15.521  21.454 0.0000000000
102691  44.342  14.864  20.629 0.0000000000
103578  43.318  15.214  20.690 0.0000000000
102706  37.765  14.096  20.939 0.0000000000
102705  38.480  14.528  20.658 0.0000000000
102719  38.688  13.944  19.969 0.0000000000
99899  40.639  11.515  16.609 0.0000000000
99898  41.057  11.816  16.226 0.0000000000
100841  41.480  12.455  16.284 0.0000000000
99921  41.511  11.079  14.672 0.0000000000
98922  40.953  10.488  15.289 0.0000000000
107957  38.272  20.970  11.311 0.0000000000
108816  38.283  20.855  9.694 0.0000000000
107958  37.204  20.535  11.029 0.0000000000
107970  37.008  20.045  9.982 0.0000000000
107959  36.499  19.884  10.779 0.0000000000
104578  39.399  15.696  9.868 0.0000000000
104579  38.429  15.488  10.347 0.0000000000
103670  39.166  14.921  7.973 0.0000000000
103658  39.430  15.371  8.882 0.0000000000
103551  49.517  14.951  21.751 0.0000000000
104432  49.784  16.085  21.912 0.0000000000
103564  49.223  15.233  20.847 0.0000000000
104501  46.725  16.969  16.005 0.0000000000
104490  46.512  16.795  16.606 0.0000000000
105393  46.192  16.991  16.294 0.0000000000
104502  45.452  16.887  15.841 0.0000000000
105415  45.979  17.370  15.134 0.0000000000
101857  45.876  13.229  9.743 0.0000000000
101842  45.684  13.664  10.550 0.0000000000
101841  46.228  14.141  10.269 0.0000000000
104614  45.809  15.952  7.762 0.0000000000
104573  44.731  16.521  10.515 0.0000000000
104590  44.491  16.395  9.375 0.0000000000
104603  44.195  16.200  8.167 0.0000000000
100921  43.818  12.349  8.731 0.0000000000
101874  43.559  13.581  8.053 0.0000000000
100911  43.361  12.252  9.357 0.0000000000
100912  42.870  12.177  9.918 0.0000000000
105480  35.232  17.587  6.798 0.0000000000
104623  34.581  16.627  7.093 0.0000000000
104622  35.088  16.436  7.100 0.0000000000
103685  35.055  15.943  7.788 0.0000000000
104609  35.688  16.496  7.850 0.0000000000
104360  45.252  16.438  27.451 0.0000000000
103476  44.514  15.760  27.188 0.0000000000
103507  43.165  15.271  25.739 0.0000000000
104388  43.825  15.765  25.805 0.0000000000
103527  43.097  16.010  24.634 0.0000000000
103543  43.176  16.169  23.984 0.0000000000
103544  42.621  15.950  23.902 0.0000000000
108725  42.044  21.165  16.157 0.0000000000
108744  41.668  21.343  15.317 0.0000000000
108726  41.090  21.129  16.079 0.0000000000
107106  38.378  19.635  15.869 0.0000000000
107918  39.281  20.613  15.588 0.0000000000
107107  37.771  19.733  15.358 0.0000000000
107930  37.572  20.490  14.224 0.0000000000
107114  37.302  19.713  14.686 0.0000000000
106282  36.735  19.020  13.987 0.0000000000
106281  37.232  18.580  14.526 0.0000000000
105428  39.262  16.568  13.442 0.0000000000
105429  38.551  16.774  13.555 0.0000000000
104533  39.118  16.362  12.864 0.0000000000
104548  38.864  15.960  12.074 0.0000000000
104547  39.862  15.971  12.096 0.0000000000
102710  47.503  14.782  18.941 0.0000000000
102746  46.682  15.202  16.101 0.0000000000
102734  47.101  15.296  16.735 0.0000000000
103601  47.085  15.442  15.977 0.0000000000
103600  47.342  15.784  16.173 0.0000000000
103607  46.962  15.572  15.415 0.0000000000
99968  48.050  11.663  7.681 0.0000000000
100917  48.256  12.492  7.480 0.0000000000
100926  48.920  12.405  6.991 0.0000000000
101909  47.447  12.810  5.687 0.0000000000
102829  47.492  13.730  6.682 0.0000000000
102839  47.333  13.564  6.301 0.0000000000
103690  46.375  15.092  6.883 0.0000000000
102840  46.523  14.237  6.425 0.0000000000
102841  45.419  14.739  5.792 0.0000000000
99979  45.278  11.420  6.931 0.0000000000
100927  45.470  12.493  6.935 0.0000000000
99971  44.602  11.401  7.760 0.0000000000
98996  44.039  10.696  7.916 0.0000000000
98017  43.351  9.751  7.994 0.0000000000
95823  42.758  7.522  8.081 0.0000000000
100770  39.401  13.108  26.446 0.0000000000
101699  39.492  13.065  26.097 0.0000000000
100787  38.930  12.810  25.398 0.0000000000
101717  38.018  13.007  24.153 0.0000000000
101722  37.182  13.100  23.443 0.0000000000
101726  37.373  13.865  22.396 0.0000000000
101730  36.622  13.269  21.622 0.0000000000
107083  42.980  19.499  18.757 0.0000000000
107889  43.009  20.130  18.214 0.0000000000
107084  42.265  19.189  18.572 0.0000000000
106249  41.844  18.538  18.452 0.0000000000
100869  43.037  12.710  13.057 0.0000000000
101818  43.504  13.064  12.858 0.0000000000
100878  43.488  12.467  12.274 0.0000000000
98968  44.457  10.711  10.496 0.0000000000
99946  44.192  11.550  10.981 0.0000000000
99953  44.863  11.656  10.211 0.0000000000
99961  45.157  11.177  9.696 0.0000000000
96935  45.282  8.482  9.866 0.0000000000
96942  46.488  8.398  8.969 0.0000000000
96955  46.939  8.794  8.321 0.0000000000
96956  46.337  9.377  8.732 0.0000000000
98983  46.157  10.730  8.831 0.0000000000
98995  47.087  10.666  8.330 0.0000000000
95833  46.619  7.842  7.533 0.0000000000
96968  46.247  8.608  7.102 0.0000000000
105320  48.974  16.842  26.295 0.0000000000
105329  49.875  16.752  25.813 0.0000000000
104382  49.548  16.174  25.257 0.0000000000
104401  50.138  15.651  24.554 0.0000000000
103504  48.922  15.806  24.498 0.0000000000
104386  45.321  16.269  25.961 0.0000000000
104371  46.345  16.580  26.542 0.0000000000
104421  46.948  15.816  23.499 0.0000000000
103553  47.358  15.389  22.603 0.0000000000
103567  46.785  15.074  21.597 0.0000000000
102688  47.320  14.545  20.955 0.0000000000
102689  46.231  14.544  20.888 0.0000000000
102699  44.712  14.493  20.045 0.0000000000
102712  45.129  14.351  19.234 0.0000000000
102737  44.730  14.263  17.577 0.0000000000
101744  44.024  14.008  17.787 0.0000000000
102668  39.767  14.301  24.596 0.0000000000
102667  40.443  14.472  24.840 0.0000000000
102672  40.093  14.659  24.338 0.0000000000
103573  39.810  15.692  21.743 0.0000000000
103558  40.495  15.818  22.667 0.0000000000
103572  40.820  15.958  21.592 0.0000000000
103580  41.278  15.550  20.704 0.0000000000
100812  39.553  12.191  18.411 0.0000000000
101740  39.554  13.412  19.029 0.0000000000
101749  40.064  13.176  18.522 0.0000000000
101763  40.979  13.142  17.739 0.0000000000
102728  40.671  14.135  18.844 0.0000000000
102727  41.336  14.139  18.674 0.0000000000
102702  41.727  15.014  19.907 0.0000000000
102715  42.161  14.418  19.070 0.0000000000
101738  42.746  14.232  18.800 0.0000000000
101746  42.433  13.888  18.324 0.0000000000
100840  42.085  12.994  15.981 0.0000000000
101761  42.702  13.534  17.480 0.0000000000
101775  42.915  13.425  16.549 0.0000000000
101786  42.691  13.247  15.528 0.0000000000
101797  42.543  13.001  14.931 0.0000000000
98947  41.712  10.495  13.807 0.0000000000
98946  42.139  10.371  13.168 0.0000000000
97981  42.576  9.681  12.606 0.0000000000
96918  42.503  9.081  12.826 0.0000000000
95738  42.259  7.778  14.184 0.0000000000
95767  44.432  7.646  12.320 0.0000000000
102646  38.577  14.444  26.391 0.0000000000
102633  36.712  13.868  26.480 0.0000000000
102632  37.249  13.734  26.584 0.0000000000
101687  36.955  13.268  26.484 0.0000000000
100762  37.018  12.774  26.247 0.0000000000
101702  36.568  12.908  26.247 0.0000000000
107967  40.488  20.725  10.291 0.0000000000
107966  41.751  20.635  10.295 0.0000000000
107981  41.364  20.476  9.120 0.0000000000
107992  42.235  20.142  7.978 0.0000000000
108006  41.855  20.235  6.746 0.0000000000
108010  38.189  20.051  7.457 0.0000000000
107169  37.678  19.616  6.858 0.0000000000
107170  37.019  19.362  6.486 0.0000000000
107162  37.034  19.002  7.410 0.0000000000
106310  36.141  18.396  9.475 0.0000000000
106317  36.248  18.007  8.837 0.0000000000
106318  35.961  17.770  9.386 0.0000000000
105454  35.749  17.101  9.834 0.0000000000
105431  36.613  17.834  12.814 0.0000000000
106295  36.226  18.357  12.359 0.0000000000
105438  36.466  17.228  12.103 0.0000000000
103640  36.758  15.525  10.795 0.0000000000
103649  36.280  15.374  10.156 0.0000000000
102796  36.608  14.733  9.799 0.0000000000
102805  37.255  14.204  9.562 0.0000000000
101878  39.070  13.592  8.266 0.0000000000
106223  51.051  17.946  23.102 0.0000000000
106231  48.670  17.692  22.306 0.0000000000
106230  49.532  18.237  22.698 0.0000000000
106236  47.825  18.099  22.133 0.0000000000
107067  47.598  19.086  21.609 0.0000000000
103586  48.044  15.561  19.146 0.0000000000
104456  48.945  15.984  19.886 0.0000000000
104457  48.245  16.176  19.548 0.0000000000
104466  45.984  16.587  18.511 0.0000000000
104459  46.165  16.584  19.586 0.0000000000
105368  45.354  17.088  20.092 0.0000000000
105366  45.200  17.742  20.561 0.0000000000
105369  44.672  17.584  19.915 0.0000000000
104461  44.496  16.962  19.203 0.0000000000
104493  43.828  16.552  16.508 0.0000000000
104469  43.205  16.917  18.135 0.0000000000
104481  42.100  16.667  17.077 0.0000000000
104494  42.914  16.605  16.370 0.0000000000
102772  44.961  14.531  13.546 0.0000000000
103628  46.020  15.719  12.794 0.0000000000
103620  46.477  16.305  13.411 0.0000000000
103627  46.165  16.079  12.480 0.0000000000
102803  46.691  14.514  9.193 0.0000000000
102794  46.479  14.692  10.184 0.0000000000
103656  46.547  15.236  9.777 0.0000000000
104571  46.198  16.176  11.145 0.0000000000
104541  45.930  16.812  12.842 0.0000000000
104527  45.335  17.143  13.818 0.0000000000
104542  45.042  16.749  12.651 0.0000000000
103629  43.409  16.014  12.127 0.0000000000
104528  44.098  16.598  13.552 0.0000000000
104529  42.973  16.313  13.404 0.0000000000
104518  42.010  16.521  14.176 0.0000000000
104530  41.939  16.430  13.253 0.0000000000
104519  41.023  16.481  14.080 0.0000000000
104545  41.845  16.368  12.280 0.0000000000
104561  41.668  16.333  11.219 0.0000000000
104576  41.415  16.360  10.077 0.0000000000
103699  43.787  15.696  5.016 0.0000000000
104630  43.675  15.901  6.212 0.0000000000
103692  43.588  15.559  5.911 0.0000000000
102815  42.378  14.524  7.847 0.0000000000
103681  42.299  15.196  7.202 0.0000000000
103682  41.162  15.165  7.105 0.0000000000
102833  40.720  14.680  7.399 0.0000000000
102816  41.342  14.443  7.866 0.0000000000
101845  41.942  12.865  10.180 0.0000000000
101860  41.481  13.476  9.435 0.0000000000
96945  41.661  8.462  8.992 0.0000000000
95813  41.128  8.140  9.503 0.0000000000
106334  35.051  18.556  7.134 0.0000000000
105479  35.739  17.754  6.894 0.0000000000
103477  43.521  15.335  27.316 0.0000000000
102640  43.340  14.511  27.348 0.0000000000
102656  42.998  14.627  26.240 0.0000000000
103508  41.896  15.099  25.312 0.0000000000
107088  40.841  19.466  17.673 0.0000000000
107907  40.406  20.410  16.530 0.0000000000
107097  39.687  19.619  16.915 0.0000000000
106264  39.185  18.914  16.725 0.0000000000
105397  38.495  18.463  15.898 0.0000000000
106280  37.828  18.181  15.088 0.0000000000
105418  39.488  16.791  14.162 0.0000000000
104520  40.332  16.491  13.774 0.0000000000
99010  48.539  10.830  6.388 0.0000000000
99983  49.052  11.583  6.230 0.0000000000
99011  47.608  10.805  6.197 0.0000000000
99985  47.147  11.757  5.736 0.0000000000
100934  46.557  12.543  6.049 0.0000000000
99986  46.009  11.561  6.208 0.0000000000
99014  45.132  10.457  6.557 0.0000000000
98027  43.653  9.358  7.493 0.0000000000
95837  43.162  7.737  7.574 0.0000000000
94680  43.157  7.277  7.896 0.0000000000
100783  38.325  12.507  25.679 0.0000000000
100784  37.532  12.366  25.212 0.0000000000
107887  44.630  20.576  18.496 0.0000000000
106245  43.530  18.640  19.444 0.0000000000
99939  43.075  11.395  12.310 0.0000000000
98969  43.879  10.660  11.150 0.0000000000
97997  44.744  9.940  10.044 0.0000000000
96966  47.599  8.418  8.026 0.0000000000
94676  47.061  7.104  7.933 0.0000000000
105321  48.305  16.764  26.603 0.0000000000
104423  45.191  16.562  23.888 0.0000000000
104405  45.881  16.519  24.766 0.0000000000
103568  45.615  15.213  21.525 0.0000000000
102713  44.151  14.271  19.350 0.0000000000
102681  38.557  14.653  22.822 0.0000000000
103547  39.559  14.919  23.457 0.0000000000
103560  38.791  15.052  22.295 0.0000000000
103582  39.340  15.344  20.961 0.0000000000
102704  39.632  14.891  20.199 0.0000000000
100811  40.365  12.837  18.118 0.0000000000
100828  40.451  12.096  17.498 0.0000000000
101762  41.807  13.438  17.567 0.0000000000
99909  41.776  12.161  15.317 0.0000000000
99920  41.846  11.906  14.838 0.0000000000
99932  41.609  10.793  14.164 0.0000000000
97968  41.779  9.708  13.653 0.0000000000
95737  43.402  7.477  14.317 0.0000000000
95750  44.482  7.546  13.359 0.0000000000
108787  39.898  21.242  12.881 0.0000000000
108803  40.573  21.223  12.139 0.0000000000
107956  39.631  21.181  11.654 0.0000000000
107982  40.086  20.660  9.093 0.0000000000
107983  38.971  20.890  9.098 0.0000000000
107995  38.596  20.482  8.217 0.0000000000
107996  37.812  20.043  8.356 0.0000000000
107154  37.075  19.451  8.391 0.0000000000
107145  36.770  19.566  9.370 0.0000000000
107137  36.268  19.187  10.135 0.0000000000
107138  35.831  18.524  10.448 0.0000000000
104549  37.778  16.269  12.150 0.0000000000
104550  36.968  16.332  11.916 0.0000000000
104580  37.874  15.338  10.399 0.0000000000
103647  38.217  14.984  9.944 0.0000000000
102804  38.020  14.293  9.067 0.0000000000
103659  38.598  14.753  8.954 0.0000000000
102819  38.777  14.460  7.974 0.0000000000
101893  39.493  13.761  7.706 0.0000000000
104419  50.926  16.398  23.657 0.0000000000
105352  50.518  17.165  23.100 0.0000000000
104431  50.372  16.152  22.444 0.0000000000
104433  49.045  16.259  21.921 0.0000000000
104444  48.652  16.354  21.301 0.0000000000
104475  47.297  16.081  17.844 0.0000000000
104476  46.637  16.452  17.635 0.0000000000
104467  45.064  16.593  18.462 0.0000000000
104478  44.883  16.397  17.531 0.0000000000
104492  44.760  16.506  16.576 0.0000000000
104503  44.718  16.713  15.740 0.0000000000
101830  44.924  13.675  11.502 0.0000000000
101829  45.535  14.089  11.289 0.0000000000
102788  45.962  14.576  11.362 0.0000000000
102787  46.395  15.090  11.066 0.0000000000
104572  45.647  16.503  10.760 0.0000000000
104558  44.878  16.590  11.591 0.0000000000
104559  43.906  16.280  11.435 0.0000000000
103639  43.400  16.057  11.778 0.0000000000
104560  42.859  16.107  11.458 0.0000000000
104604  43.124  15.958  8.108 0.0000000000
101892  43.870  14.265  6.562 0.0000000000
101875  42.100  14.060  8.608 0.0000000000
101859  42.736  13.150  9.415 0.0000000000
107868  47.307  20.265  20.227 0.0000000000
105475  34.574  17.454  7.335 0.0000000000
102823  35.263  14.663  8.871 0.0000000000
104372  45.374  16.246  26.899 0.0000000000
103488  43.730  15.092  26.765 0.0000000000
104387  44.377  16.058  25.795 0.0000000000
104424  43.914  16.451  23.975 0.0000000000
104425  43.120  16.286  23.411 0.0000000000
104446  43.290  16.153  21.957 0.0000000000
101741  38.808  13.348  19.535 0.0000000000
100807  38.599  12.332  19.258 0.0000000000
100813  38.880  11.800  18.826 0.0000000000
99886  39.803  11.376  17.626 0.0000000000
98910  40.458  10.509  16.278 0.0000000000
98923  40.613  10.023  15.705 0.0000000000
97945  40.766  9.531  15.378 0.0000000000
108758  41.127  21.285  14.591 0.0000000000
108772  40.359  21.076  13.939 0.0000000000
107917  39.975  20.646  15.804 0.0000000000
107927  39.841  20.871  15.165 0.0000000000
107937  39.710  21.034  14.264 0.0000000000
108774  38.688  21.219  13.585 0.0000000000
107938  38.068  20.992  13.727 0.0000000000
107940  36.698  20.189  12.714 0.0000000000
107948  36.494  20.127  11.799 0.0000000000
107120  36.685  19.628  13.517 0.0000000000
106289  36.641  18.484  13.425 0.0000000000
105430  37.363  17.312  13.201 0.0000000000
102687  48.280  14.575  21.120 0.0000000000
102709  48.502  15.061  19.607 0.0000000000
103588  47.552  15.548  18.243 0.0000000000
104500  47.175  16.719  15.857 0.0000000000
105403  47.168  17.087  15.190 0.0000000000
100919  46.805  12.307  8.594 0.0000000000
101856  46.373  13.709  9.572 0.0000000000
100909  46.750  12.998  8.817 0.0000000000
102814  47.001  14.367  8.080 0.0000000000
101889  48.361  13.192  6.911 0.0000000000
102813  47.537  13.840  7.293 0.0000000000
103678  46.460  15.327  7.772 0.0000000000
103679  45.958  15.705  7.061 0.0000000000
104615  44.993  16.116  6.992 0.0000000000
104628  44.751  15.918  5.790 0.0000000000
102847  44.742  15.012  5.181 0.0000000000
101903  44.445  14.288  5.714 0.0000000000
100935  45.876  12.558  6.448 0.0000000000
101890  45.547  13.072  6.681 0.0000000000
101891  44.854  13.456  7.001 0.0000000000
101873  44.519  13.019  7.759 0.0000000000
99972  44.041  11.386  8.399 0.0000000000
98998  42.713  10.118  8.827 0.0000000000
96958  42.224  8.598  8.478 0.0000000000
96957  42.718  8.342  7.945 0.0000000000
95824  42.169  7.945  8.473 0.0000000000
100758  40.466  14.080  26.636 0.0000000000
101697  40.973  14.117  25.914 0.0000000000
101698  39.920  13.547  26.015 0.0000000000
100788  38.313  12.644  24.916 0.0000000000
102674  38.885  14.329  23.491 0.0000000000
101725  37.992  14.255  22.783 0.0000000000
102693  37.823  14.320  21.559 0.0000000000
101733  37.690  13.465  20.415 0.0000000000
108724  43.068  21.088  16.317 0.0000000000
107905  42.256  20.680  16.932 0.0000000000
107895  43.470  20.679  17.641 0.0000000000
107896  42.478  20.275  17.737 0.0000000000
107897  41.560  20.194  17.483 0.0000000000
106253  41.145  18.550  18.050 0.0000000000
105381  41.162  17.429  17.314 0.0000000000
100888  43.945  12.229  11.478 0.0000000000
100877  44.173  12.951  11.755 0.0000000000
100899  45.160  12.655  10.416 0.0000000000
100898  45.557  12.702  9.850 0.0000000000
96936  44.734  9.103  10.074 0.0000000000
96944  45.055  9.478  9.676 0.0000000000
98005  45.254  9.944  9.501 0.0000000000
98984  45.447  10.685  9.356 0.0000000000
99969  47.330  11.589  8.252 0.0000000000
98994  47.906  10.758  7.792 0.0000000000
98013  48.780  10.531  7.333 0.0000000000
98024  48.350  9.954  7.200 0.0000000000
98033  48.709  10.305  6.812 0.0000000000
96982  46.117  9.273  6.582 0.0000000000
95835  44.688  8.133  7.236 0.0000000000
104399  51.446  16.574  24.253 0.0000000000
103522  50.478  15.441  23.757 0.0000000000
103523  49.863  14.903  23.764 0.0000000000
103540  49.249  15.099  22.868 0.0000000000
104358  47.184  16.682  27.055 0.0000000000
104370  47.357  16.633  26.261 0.0000000000
104384  47.731  16.427  25.287 0.0000000000
104404  47.131  16.189  24.362 0.0000000000
104403  48.172  16.031  24.400 0.0000000000
103525  48.161  15.719  23.803 0.0000000000
103541  48.316  15.341  23.152 0.0000000000
103565  48.335  14.604  21.649 0.0000000000
102711  46.248  14.383  19.104 0.0000000000
102698  45.727  14.356  20.039 0.0000000000
101784  44.272  14.253  16.219 0.0000000000
102658  41.381  14.572  25.422 0.0000000000
103509  41.368  14.799  25.029 0.0000000000
103546  40.258  15.167  23.764 0.0000000000
103545  41.582  15.813  23.519 0.0000000000
104439  42.124  16.251  22.665 0.0000000000
104448  41.977  16.283  22.108 0.0000000000
101739  40.181  13.786  18.760 0.0000000000
102703  40.681  14.982  20.039 0.0000000000
103579  42.335  15.505  20.602 0.0000000000
102714  43.210  14.393  19.239 0.0000000000
102725  43.669  14.133  18.789 0.0000000000
101745  43.419  13.901  18.141 0.0000000000
101759  44.059  14.053  17.296 0.0000000000
101774  43.754  13.916  16.717 0.0000000000
101796  43.186  13.393  14.648 0.0000000000
100861  42.853  12.873  13.780 0.0000000000
100870  42.539  12.159  13.448 0.0000000000
98959  42.747  10.515  12.451 0.0000000000
97980  43.123  9.772  12.024 0.0000000000
95784  43.743  8.603  11.795 0.0000000000
97944  41.178  9.486  14.724 0.0000000000
97956  41.551  9.438  14.152 0.0000000000
96903  42.163  8.858  13.432 0.0000000000
95752  42.630  8.113  13.272 0.0000000000
95769  42.704  8.559  12.808 0.0000000000
101683  40.680  14.540  26.754 0.0000000000
101684  39.933  14.183  26.760 0.0000000000
100760  38.724  13.147  26.804 0.0000000000
101701  38.325  14.048  26.696 0.0000000000
101686  37.912  13.558  26.754 0.0000000000
100772  37.370  12.508  25.870 0.0000000000
101703  35.936  13.268  26.157 0.0000000000
99825  35.539  11.904  25.493 0.0000000000
108022  40.378  20.599  5.702 0.0000000000
108008  40.035  20.515  6.853 0.0000000000
108023  39.322  20.508  5.980 0.0000000000
108038  39.604  20.714  4.732 0.0000000000
106340  36.328  18.631  6.878 0.0000000000
105473  36.167  17.733  7.136 0.0000000000
107155  36.716  18.801  7.981 0.0000000000
105467  36.351  17.698  7.705 0.0000000000
104608  36.119  17.135  7.425 0.0000000000
102807  35.448  14.990  9.009 0.0000000000
107130  36.049  19.157  11.458 0.0000000000
106302  35.719  18.026  10.710 0.0000000000
104566  36.447  16.191  11.279 0.0000000000
105445  35.868  17.115  10.888 0.0000000000
105453  35.814  16.619  10.319 0.0000000000
104582  35.748  16.050  9.877 0.0000000000
103661  36.013  15.133  9.587 0.0000000000
102806  36.028  14.543  9.266 0.0000000000
101865  36.479  13.804  9.467 0.0000000000
101880  38.095  13.972  8.668 0.0000000000
106224  50.331  17.990  23.170 0.0000000000
107071  48.244  19.648  21.044 0.0000000000
107072  47.063  19.656  21.009 0.0000000000
107073  46.179  19.338  20.665 0.0000000000
104450  49.101  15.889  20.568 0.0000000000
104451  48.497  16.314  20.406 0.0000000000
104445  47.959  16.599  21.082 0.0000000000
104458  47.260  16.398  19.481 0.0000000000
104453  46.694  16.584  20.255 0.0000000000
105361  47.203  17.167  21.461 0.0000000000
106238  46.110  17.873  21.262 0.0000000000
106241  45.711  18.455  21.042 0.0000000000
107074  45.482  19.172  20.506 0.0000000000
106244  44.233  18.590  19.879 0.0000000000
105371  42.957  18.037  19.110 0.0000000000
104468  43.998  16.721  18.515 0.0000000000
105373  43.218  17.363  18.722 0.0000000000
105374  42.283  17.538  18.315 0.0000000000
105380  42.038  17.009  17.619 0.0000000000
105394  41.089  16.924  15.882 0.0000000000
102762  44.996  14.602  14.704 0.0000000000
102771  45.676  15.117  13.160 0.0000000000
103615  46.443  15.514  14.745 0.0000000000
103614  46.988  16.213  14.446 0.0000000000
104513  47.303  16.845  14.553 0.0000000000
105414  46.897  17.288  14.641 0.0000000000
103636  46.302  15.797  11.550 0.0000000000
104540  46.361  16.630  13.101 0.0000000000
105426  46.223  17.459  14.247 0.0000000000
105427  45.615  17.328  14.584 0.0000000000
104515  44.945  16.995  14.907 0.0000000000
104505  42.940  16.699  15.384 0.0000000000
104506  41.896  16.557  15.164 0.0000000000
105406  41.163  16.753  15.211 0.0000000000
104546  40.812  16.295  12.159 0.0000000000
104577  40.342  16.211  9.940 0.0000000000
104594  40.112  15.699  8.811 0.0000000000
104616  43.840  16.052  7.034 0.0000000000
103680  43.257  15.249  6.759 0.0000000000
104605  42.009  15.870  8.068 0.0000000000
104606  40.978  15.768  8.003 0.0000000000
103669  39.803  15.405  8.181 0.0000000000
103683  40.100  15.115  7.371 0.0000000000
102834  39.734  14.292  7.414 0.0000000000
102818  39.877  13.816  7.569 0.0000000000
101876  40.914  13.887  8.475 0.0000000000
94679  43.690  7.241  7.832 0.0000000000
94655  42.267  6.582  9.146 0.0000000000
95811  45.962  8.340  9.553 0.0000000000
96904  41.766  9.152  13.850 0.0000000000
96929  43.569  9.196  11.743 0.0000000000
98014  48.451  10.305  7.480 0.0000000000
98023  48.824  10.365  7.159 0.0000000000
98025  47.623  9.510  7.129 0.0000000000
98028  43.074  8.846  7.760 0.0000000000
98034  48.081  10.088  6.630 0.0000000000
98037  45.353  9.968  6.306 0.0000000000
98992  49.007  10.700  7.239 0.0000000000
98993  48.639  10.927  7.441 0.0000000000
99003  49.093  11.133  7.189 0.0000000000
99005  43.733  10.093  7.773 0.0000000000
99952  45.251  12.179  9.968 0.0000000000
99962  43.525  11.353  8.976 0.0000000000
99976  49.204  11.666  6.859 0.0000000000
99977  48.773  11.706  7.311 0.0000000000
99984  48.191  11.705  5.872 0.0000000000
99987  45.525  10.978  6.428 0.0000000000
99992  47.722  12.155  5.598 0.0000000000
99993  47.432  12.253  5.580 0.0000000000
100756  41.475  14.521  26.668 0.0000000000
100767  41.611  14.488  26.463 0.0000000000
100768  41.112  14.254  26.290 0.0000000000
100769  40.199  13.784  26.349 0.0000000000
100782  39.086  12.729  26.009 0.0000000000
100842  40.965  12.144  16.740 0.0000000000
100853  41.742  12.410  15.658 0.0000000000
100925  49.142  12.340  6.451 0.0000000000
100932  48.830  12.456  5.821 0.0000000000
100939  47.627  12.553  5.557 0.0000000000
100940  47.216  12.535  5.674 0.0000000000
101679  42.960  14.158  27.543 0.0000000000
101680  42.430  14.441  27.279 0.0000000000
101682  41.288  14.659  26.845 0.0000000000
101688  36.416  13.553  26.419 0.0000000000
101694  43.150  14.168  27.243 0.0000000000
101700  38.746  14.119  26.726 0.0000000000
101711  40.838  14.241  25.525 0.0000000000
101713  39.465  13.226  25.653 0.0000000000
101715  39.837  14.132  24.948 0.0000000000
101720  38.932  14.050  23.906 0.0000000000
101879  38.500  13.879  8.319 0.0000000000
101888  48.928  12.763  6.652 0.0000000000
101894  39.043  13.901  7.678 0.0000000000
101895  38.774  14.040  7.752 0.0000000000
101899  48.901  12.972  6.295 0.0000000000
101900  48.069  13.145  6.091 0.0000000000
101908  47.721  12.902  5.701 0.0000000000
101910  44.976  14.500  5.544 0.0000000000
101911  44.548  14.688  5.235 0.0000000000
102629  40.292  14.819  26.673 0.0000000000
102641  43.212  14.392  26.805 0.0000000000
102642  42.587  14.519  26.392 0.0000000000
102657  42.346  14.811  25.880 0.0000000000
102659  40.787  14.367  25.259 0.0000000000
102664  50.299  14.962  23.465 0.0000000000
102665  50.214  14.830  23.149 0.0000000000
102666  41.039  14.608  24.979 0.0000000000
102670  50.407  15.055  23.167 0.0000000000
102671  50.277  14.889  22.674 0.0000000000
102677  50.245  14.712  22.313 0.0000000000
102679  48.649  14.592  21.574 0.0000000000
102680  39.177  14.715  23.296 0.0000000000
102682  37.966  14.447  22.297 0.0000000000
102684  50.382  15.285  22.469 0.0000000000
102685  50.305  15.204  22.248 0.0000000000
102686  48.970  14.719  21.223 0.0000000000
102695  48.786  14.823  20.446 0.0000000000
102726  41.872  14.058  18.551 0.0000000000
102745  47.106  15.391  16.239 0.0000000000
102754  46.546  15.313  15.551 0.0000000000
102789  45.472  14.387  11.744 0.0000000000
102821  37.873  14.072  8.927 0.0000000000
102835  38.993  14.379  7.553 0.0000000000
102836  38.669  14.187  7.939 0.0000000000
102842  43.868  14.755  5.446 0.0000000000
102843  43.626  14.958  6.073 0.0000000000
102848  44.120  14.967  5.006 0.0000000000
102849  43.712  15.209  5.347 0.0000000000
103503  49.359  15.667  24.518 0.0000000000
103505  44.591  15.915  26.204 0.0000000000
103506  44.037  15.636  26.224 0.0000000000
103526  47.776  15.931  24.023 0.0000000000
103530  40.515  14.813  24.398 0.0000000000
103538  50.561  15.570  23.187 0.0000000000
103539  49.934  14.794  22.681 0.0000000000
103549  50.529  15.678  22.828 0.0000000000
103550  50.089  15.084  21.984 0.0000000000
103552  48.553  14.891  22.097 0.0000000000
103562  50.372  15.542  22.334 0.0000000000
103563  50.288  15.391  22.159 0.0000000000
103574  38.970  15.227  21.703 0.0000000000
103576  49.015  15.419  20.077 0.0000000000
103577  43.898  15.008  20.742 0.0000000000
103613  47.322  16.523  14.805 0.0000000000
103630  43.117  15.912  11.954 0.0000000000
103638  43.678  16.144  11.943 0.0000000000
103641  36.329  15.785  10.757 0.0000000000
103650  35.886  15.475  9.732 0.0000000000
103657  39.786  15.512  8.602 0.0000000000
103660  37.927  14.520  9.616 0.0000000000
103662  35.610  15.396  9.302 0.0000000000
103671  38.715  14.596  8.274 0.0000000000
103697  44.962  15.490  5.404 0.0000000000
103698  44.391  15.593  4.952 0.0000000000
104357  47.871  16.679  26.720 0.0000000000
104368  48.970  16.370  25.750 0.0000000000
104369  48.280  16.524  26.053 0.0000000000
104380  51.228  16.593  24.987 0.0000000000
104400  50.798  16.134  24.405 0.0000000000
104402  48.681  15.886  24.471 0.0000000000
104418  51.427  16.658  23.872 0.0000000000
104420  50.679  16.605  23.127 0.0000000000
104430  50.598  16.066  22.948 0.0000000000
104434  46.493  15.878  23.017 0.0000000000
104435  45.680  16.207  22.970 0.0000000000
104438  42.879  16.342  22.649 0.0000000000
104441  50.603  16.016  22.571 0.0000000000
104442  50.305  16.133  22.017 0.0000000000
104447  42.521  16.288  21.986 0.0000000000
104491  45.689  16.748  16.593 0.0000000000
104512  47.337  16.770  15.071 0.0000000000
104607  40.352  15.475  7.819 0.0000000000
104619  40.752  15.412  7.445 0.0000000000
104631  35.453  17.258  6.764 0.0000000000
104632  35.180  16.934  6.662 0.0000000000
104633  34.846  16.685  6.753 0.0000000000
104638  44.586  15.872  5.199 0.0000000000
104639  44.219  16.128  5.168 0.0000000000
104640  43.768  16.057  5.501 0.0000000000
105330  49.322  16.531  25.786 0.0000000000
105351  51.100  17.233  23.373 0.0000000000
105357  49.214  16.980  22.399 0.0000000000
105358  48.560  16.862  22.101 0.0000000000
105362  46.479  17.488  21.248 0.0000000000
105364  46.715  16.879  20.907 0.0000000000
105392  46.450  17.048  16.061 0.0000000000
105405  46.080  17.119  15.913 0.0000000000
105409  38.379  18.030  15.509 0.0000000000
105413  47.297  17.078  14.837 0.0000000000
105416  45.485  17.229  14.950 0.0000000000
105420  37.409  17.840  14.053 0.0000000000
105425  46.726  17.315  14.020 0.0000000000
105446  35.715  17.596  10.387 0.0000000000
105461  36.022  17.173  8.729 0.0000000000
105468  36.206  17.153  7.960 0.0000000000
105481  34.782  17.126  6.770 0.0000000000
106229  51.452  18.358  23.038 0.0000000000
106232  48.214  17.407  22.146 0.0000000000
106240  46.349  19.031  21.119 0.0000000000
106246  43.011  18.806  19.160 0.0000000000
106255  39.706  18.799  17.196 0.0000000000
106265  38.621  18.915  16.186 0.0000000000
106274  37.470  19.205  15.098 0.0000000000
106325  36.455  18.239  8.189 0.0000000000
106332  36.554  18.491  7.450 0.0000000000
106333  35.166  18.075  6.924 0.0000000000
106339  36.771  18.772  7.042 0.0000000000
107055  51.217  18.365  22.932 0.0000000000
107056  50.918  18.364  22.921 0.0000000000
107076  46.633  19.957  20.333 0.0000000000
107080  43.423  19.262  19.197 0.0000000000
107082  43.635  19.799  19.023 0.0000000000
107086  42.466  19.750  18.338 0.0000000000
107089  40.121  19.280  17.444 0.0000000000
107096  40.356  19.811  17.199 0.0000000000
107098  38.970  19.614  16.416 0.0000000000
107115  36.931  19.405  14.199 0.0000000000
107131  35.823  18.643  10.868 0.0000000000
107136  36.677  19.621  9.842 0.0000000000
107153  37.483  19.730  8.268 0.0000000000
107163  36.758  18.762  7.593 0.0000000000
107878  44.129  20.208  19.033 0.0000000000
107898  40.880  20.149  17.176 0.0000000000
107909  38.852  20.180  15.988 0.0000000000
107919  38.430  20.453  15.368 0.0000000000
107920  37.772  20.342  14.900 0.0000000000
107929  38.281  20.875  14.477 0.0000000000
107936  39.900  20.971  14.585 0.0000000000
107939  37.323  20.567  13.317 0.0000000000
107945  39.264  21.273  12.580 0.0000000000
107969  38.026  20.834  10.174 0.0000000000
107985  37.333  19.963  8.970 0.0000000000
107997  37.430  19.809  8.504 0.0000000000
108711  43.521  21.080  16.938 0.0000000000
108727  40.494  20.920  15.865 0.0000000000
108746  40.306  20.937  15.411 0.0000000000
108757  42.091  21.434  14.413 0.0000000000
108759  40.392  21.056  14.842 0.0000000000
108760  38.784  21.169  14.140 0.0000000000
108761  38.431  21.122  13.997 0.0000000000
108773  39.394  21.173  13.813 0.0000000000
108788  39.128  21.280  13.112 0.0000000000
108815  38.548  21.000  9.841 0.0000000000
108829  38.800  21.034  9.645 0.0000000000
108830  38.524  20.912  9.501 0.0000000000
