#!ascii label  , from subject sub.01.bl.02 vox2ras=TkReg
890
80692  13.276  -6.246  -19.137 0.2500000000
80691  14.050  -6.124  -19.838 0.2500000000
79601  13.866  -7.285  -19.553 0.7500000000
84004  12.733  -3.548  -20.181 0.2500000000
84003  13.333  -3.656  -20.508 0.1250000000
84014  13.676  -3.436  -21.094 0.3750000000
82845  13.748  -4.035  -20.215 0.2500000000
81753  13.152  -4.989  -19.416 0.2500000000
81740  13.926  -5.379  -19.763 0.3750000000
79616  14.464  -7.002  -20.227 0.8750000000
80707  14.783  -6.358  -20.714 0.8750000000
79615  15.253  -7.270  -20.531 0.8750000000
82860  14.121  -4.007  -20.851 0.3750000000
82844  14.235  -4.390  -20.718 0.3750000000
81751  14.281  -5.156  -20.443 0.7500000000
80721  15.726  -6.188  -21.432 1.0000000000
81767  14.950  -5.710  -21.320 1.0000000000
80706  15.590  -6.701  -21.010 1.0000000000
79614  16.122  -7.475  -21.029 1.0000000000
84015  12.812  -2.744  -20.858 0.2500000000
84013  14.161  -3.835  -21.612 0.7500000000
82859  14.499  -4.502  -21.525 0.8750000000
81765  16.497  -5.519  -21.858 1.0000000000
81766  15.755  -5.355  -21.875 1.0000000000
82858  15.305  -4.736  -22.154 1.0000000000
80719  17.307  -6.679  -22.047 1.0000000000
80720  16.629  -6.267  -21.710 1.0000000000
79631  17.006  -7.262  -21.919 1.0000000000
80705  16.136  -6.765  -21.380 1.0000000000
84029  13.718  -2.708  -21.865 0.6250000000
84027  15.209  -3.894  -22.734 1.0000000000
84028  14.317  -3.582  -22.199 0.8750000000
82874  15.030  -4.311  -22.325 1.0000000000
81782  17.792  -5.608  -22.756 1.0000000000
81783  17.060  -5.409  -22.050 1.0000000000
81784  16.366  -5.180  -22.085 1.0000000000
82873  16.019  -4.649  -22.702 1.0000000000
80739  17.564  -6.197  -22.210 1.0000000000
80740  17.195  -6.144  -21.921 1.0000000000
80737  19.507  -6.468  -22.762 1.0000000000
80718  17.758  -6.699  -22.105 1.0000000000
89562  12.420  1.802  -22.017 0.2500000000
85161  13.097  -2.177  -21.412 0.2500000000
85178  13.584  -1.923  -21.941 0.3750000000
85177  14.191  -2.329  -22.540 1.0000000000
85176  15.008  -3.164  -23.007 1.0000000000
82892  15.901  -4.187  -23.763 1.0000000000
84042  15.573  -3.808  -23.349 1.0000000000
81801  18.244  -5.481  -23.062 1.0000000000
82872  17.238  -4.953  -22.840 1.0000000000
82891  16.788  -4.381  -23.438 1.0000000000
82890  17.882  -4.900  -23.377 1.0000000000
81781  18.637  -5.869  -22.788 1.0000000000
81800  18.770  -5.401  -23.151 1.0000000000
81799  19.742  -5.616  -23.289 1.0000000000
88428  13.272  1.013  -22.810 0.5000000000
88403  12.388  0.823  -21.660 0.3750000000
87406  12.872  0.190  -21.884 0.3750000000
87389  13.068  -0.288  -21.743 0.5000000000
87405  13.532  -0.257  -22.301 0.5000000000
86349  14.997  -1.582  -23.429 0.8750000000
85188  14.835  -2.407  -23.368 1.0000000000
86360  15.401  -1.974  -23.796 1.0000000000
82908  16.350  -3.992  -24.132 1.0000000000
85199  14.321  -3.401  -24.652 1.0000000000
82907  17.353  -3.819  -23.912 1.0000000000
82905  19.249  -4.037  -23.789 1.0000000000
82889  19.006  -4.748  -23.534 1.0000000000
89575  12.880  1.540  -22.781 0.5000000000
88416  13.503  0.541  -22.623 0.5000000000
88427  13.961  0.835  -22.889 0.6250000000
87416  14.960  0.019  -23.608 0.6250000000
86348  15.192  -0.890  -23.601 1.0000000000
87404  14.118  -0.337  -22.724 0.7500000000
86369  15.909  -2.139  -24.052 1.0000000000
85203  19.087  -2.673  -25.011 1.0000000000
85204  18.515  -2.256  -25.184 1.0000000000
84061  17.007  -3.073  -25.020 1.0000000000
84071  16.592  -3.109  -25.142 1.0000000000
84058  19.316  -2.972  -24.770 1.0000000000
84050  18.086  -3.197  -24.173 1.0000000000
84051  17.377  -3.268  -24.489 1.0000000000
84048  19.854  -3.201  -24.448 0.8750000000
84041  19.731  -3.644  -23.875 1.0000000000
82888  20.030  -4.468  -23.559 0.8750000000
89586  13.433  1.405  -22.971 0.5000000000
88426  14.465  0.786  -23.708 0.8750000000
87433  17.220  -0.566  -25.133 1.0000000000
87434  16.558  -0.644  -24.476 1.0000000000
86366  17.721  -1.492  -25.500 1.0000000000
85207  16.012  -2.825  -25.036 1.0000000000
86357  19.220  -1.268  -25.030 1.0000000000
85186  20.387  -2.899  -24.417 1.0000000000
85194  20.452  -1.943  -24.480 1.0000000000
90703  13.248  2.016  -23.095 0.5000000000
89585  13.968  1.585  -23.155 0.8750000000
89594  14.750  1.240  -24.352 1.0000000000
89601  17.287  1.430  -25.694 1.0000000000
88444  16.535  0.445  -24.686 1.0000000000
88445  15.918  0.695  -24.443 1.0000000000
88433  19.625  0.588  -25.068 1.0000000000
88441  18.881  0.518  -25.641 1.0000000000
88432  20.183  0.626  -24.391 1.0000000000
87431  18.666  -0.449  -25.540 1.0000000000
86347  20.477  -0.772  -24.195 1.0000000000
87423  20.089  -0.245  -24.486 1.0000000000
86355  20.705  -1.735  -24.332 0.8750000000
94043  15.520  5.354  -26.030 1.0000000000
94028  14.511  4.889  -24.964 0.3750000000
92950  15.650  4.705  -25.876 0.8750000000
90717  17.366  2.663  -26.035 1.0000000000
89599  19.106  1.517  -25.656 1.0000000000
95117  15.706  6.370  -26.423 0.8750000000
94042  16.321  5.449  -26.349 1.0000000000
92949  16.170  4.579  -26.061 1.0000000000
92948  16.978  4.569  -26.341 1.0000000000
90727  17.853  2.977  -26.295 1.0000000000
90715  19.285  2.432  -25.538 1.0000000000
91841  19.242  3.310  -25.449 1.0000000000
90708  19.791  2.465  -24.640 1.0000000000
96286  15.441  7.238  -26.733 0.7500000000
94041  17.275  5.483  -26.406 1.0000000000
94040  18.478  5.367  -26.442 1.0000000000
92934  19.218  4.235  -25.565 1.0000000000
92935  18.809  4.093  -26.102 1.0000000000
91842  18.939  3.180  -26.042 1.0000000000
95115  17.437  6.632  -26.805 1.0000000000
94026  19.130  4.701  -26.180 1.0000000000
101317  18.120  11.893  -24.699 0.1250000000
101300  18.644  11.748  -23.540 0.1250000000
101331  17.551  11.767  -25.556 0.2500000000
101346  17.791  11.829  -26.309 0.3750000000
101330  18.043  12.439  -25.726 0.2500000000
101345  18.442  12.159  -26.644 0.5000000000
102277  18.950  13.370  -26.559 0.3750000000
102247  18.613  13.111  -24.936 0.2500000000
102263  18.542  13.371  -25.989 0.2500000000
103181  18.739  14.670  -26.508 0.2500000000
103180  18.993  14.619  -27.056 0.2500000000
81742  12.763  -5.252  -19.107 0.1250000000
81752  13.636  -4.860  -19.702 0.2500000000
82846  12.941  -4.499  -19.663 0.1250000000
79630  17.935  -7.288  -21.770 1.0000000000
88425  15.015  0.411  -23.935 0.8750000000
87432  17.846  -0.562  -25.812 1.0000000000
80694  12.050  -6.778  -18.360 0.1250000000
78479  14.970  -8.386  -19.881 0.7500000000
78499  15.658  -8.324  -20.278 1.0000000000
78498  16.628  -8.481  -21.067 1.0000000000
78514  17.340  -8.003  -21.493 1.0000000000
79629  18.858  -7.909  -21.807 1.0000000000
86322  12.761  -1.172  -21.112 0.3750000000
87390  12.502  -0.168  -21.361 0.2500000000
80751  20.660  -6.153  -23.353 0.8750000000
84039  21.643  -3.596  -23.548 0.8750000000
81798  20.773  -5.422  -23.557 0.8750000000
85185  21.052  -2.426  -24.070 0.8750000000
94017  14.599  4.952  -24.171 0.1250000000
90690  13.162  2.908  -22.948 0.3750000000
90710  14.541  2.255  -24.055 0.6250000000
87415  20.631  -0.274  -23.749 1.0000000000
94027  14.944  5.599  -25.424 0.5000000000
92938  14.797  3.972  -24.761 0.8750000000
89592  19.848  1.521  -25.026 1.0000000000
90699  20.122  2.529  -23.616 1.0000000000
90700  19.675  2.988  -24.267 1.0000000000
95116  16.491  6.333  -26.618 1.0000000000
96302  15.850  7.463  -27.188 0.8750000000
96300  17.409  7.662  -27.425 1.0000000000
94039  18.982  5.861  -26.643 1.0000000000
100393  17.531  11.051  -24.676 0.1250000000
99427  17.049  10.699  -26.911 0.6250000000
101354  18.587  11.679  -27.195 0.5000000000
101344  19.061  12.168  -27.032 0.5000000000
102276  19.460  13.304  -26.605 0.5000000000
103171  18.920  14.344  -25.143 0.1250000000
103179  19.974  14.207  -26.605 0.3750000000
104012  19.392  14.962  -27.227 0.2500000000
80693  12.495  -6.281  -18.590 0.1250000000
79600  14.753  -7.778  -20.028 0.7500000000
78515  16.690  -7.714  -21.507 1.0000000000
80738  18.376  -6.566  -22.286 1.0000000000
79646  18.616  -7.244  -21.966 1.0000000000
86321  13.223  -1.035  -21.669 0.3750000000
86339  13.752  -1.340  -22.265 0.5000000000
85187  15.573  -3.100  -23.696 1.0000000000
84052  15.645  -3.747  -23.774 1.0000000000
82906  18.431  -3.960  -23.757 1.0000000000
86338  14.405  -1.168  -22.731 0.6250000000
87418  13.936  0.151  -22.732 0.6250000000
86370  15.830  -2.958  -23.761 1.0000000000
86359  15.657  -1.559  -23.932 1.0000000000
82920  16.821  -3.634  -24.459 1.0000000000
82923  14.570  -4.436  -25.477 1.0000000000
85215  14.798  -3.436  -25.961 1.0000000000
84040  20.525  -3.452  -23.783 0.8750000000
80750  21.218  -5.971  -23.442 0.8750000000
87426  15.515  -0.312  -23.799 1.0000000000
86368  16.390  -1.872  -24.615 1.0000000000
85195  19.759  -2.296  -24.809 1.0000000000
84059  18.645  -2.900  -24.725 1.0000000000
85205  17.432  -2.344  -25.213 1.0000000000
88443  17.272  0.421  -25.388 1.0000000000
88434  16.128  0.272  -24.276 1.0000000000
86367  16.964  -1.593  -25.079 1.0000000000
86365  18.522  -1.336  -25.453 1.0000000000
86356  20.135  -1.253  -24.519 1.0000000000
90702  13.801  2.387  -23.452 0.6250000000
89584  14.362  1.747  -23.669 0.7500000000
89604  15.115  1.312  -24.695 1.0000000000
89602  16.487  1.296  -25.046 1.0000000000
90728  15.349  1.466  -24.746 1.0000000000
90718  16.420  2.337  -25.357 1.0000000000
89600  18.198  1.508  -25.984 1.0000000000
88442  18.004  0.430  -26.000 1.0000000000
92937  15.294  4.481  -25.476 0.7500000000
92936  15.841  4.381  -25.764 1.0000000000
91845  15.451  3.190  -24.893 1.0000000000
91843  16.966  3.428  -26.136 1.0000000000
90716  18.436  2.594  -26.151 1.0000000000
95133  15.884  6.824  -26.941 0.8750000000
91855  16.749  3.932  -26.211 1.0000000000
91853  18.302  3.506  -26.257 1.0000000000
91854  17.526  3.575  -26.304 1.0000000000
91832  19.440  3.489  -24.808 1.0000000000
95114  18.438  6.502  -26.794 1.0000000000
92947  17.911  4.431  -26.326 1.0000000000
96285  17.946  7.080  -27.096 1.0000000000
95132  16.470  7.003  -27.095 1.0000000000
101318  17.496  11.532  -25.029 0.1250000000
100375  18.178  10.863  -23.893 0.1250000000
102231  18.847  12.594  -24.036 0.2500000000
100418  18.331  11.565  -27.208 0.7500000000
103191  18.530  15.099  -27.176 0.2500000000
79602  13.056  -7.161  -18.763 0.2500000000
80678  11.972  -6.944  -17.969 0.1250000000
79603  12.349  -7.195  -18.502 0.1250000000
78481  13.556  -8.225  -18.879 0.6250000000
78480  14.361  -8.313  -19.581 0.7500000000
92929  14.338  4.300  -24.339 0.5000000000
91835  13.968  2.911  -23.900 0.6250000000
136324  15.289  1.555  -24.747 0.8750000000
90709  15.056  2.554  -24.473 0.8750000000
91834  14.544  3.312  -24.302 0.8750000000
91833  15.060  3.135  -24.432 1.0000000000
91844  16.283  3.629  -25.736 1.0000000000
95131  16.935  7.238  -27.207 1.0000000000
96284  18.424  7.553  -27.167 1.0000000000
99400  17.853  10.312  -24.505 0.3750000000
100419  17.829  11.290  -27.143 0.7500000000
100405  17.299  11.287  -26.239 0.5000000000
104011  20.011  15.278  -27.066 0.2500000000
73423  15.970  -12.487  -18.301 0.7500000000
72192  17.457  -13.285  -19.148 0.7500000000
73424  15.134  -12.070  -18.111 0.7500000000
74679  14.655  -11.353  -18.343 0.7500000000
74694  17.594  -12.032  -19.875 0.7500000000
73438  16.053  -12.028  -19.137 0.7500000000
74696  15.903  -11.145  -19.138 0.7500000000
76007  15.265  -10.907  -18.656 0.7500000000
74695  16.579  -11.600  -19.858 0.7500000000
77274  15.071  -9.101  -19.670 0.7500000000
77275  14.069  -8.990  -19.294 0.6250000000
76029  16.289  -10.554  -19.704 0.7500000000
77273  16.058  -9.604  -19.719 0.8750000000
74710  18.306  -11.337  -20.266 0.7500000000
74711  17.417  -11.149  -20.383 0.7500000000
76049  17.279  -10.325  -20.693 0.7500000000
76050  16.617  -10.015  -20.318 0.8750000000
77292  16.301  -9.176  -20.398 0.8750000000
76048  18.139  -10.557  -20.778 0.7500000000
77290  17.890  -9.718  -20.989 0.8750000000
78495  18.897  -9.326  -21.209 0.7500000000
78496  18.490  -9.156  -21.120 0.8750000000
78513  18.275  -8.309  -21.316 0.8750000000
78511  20.381  -9.063  -21.641 0.8750000000
79628  19.815  -8.208  -21.993 0.8750000000
79645  19.240  -7.314  -22.217 0.8750000000
79626  22.220  -8.202  -21.932 0.3750000000
79643  21.362  -7.446  -22.612 0.6250000000
79644  20.227  -7.473  -22.513 0.7500000000
79642  22.569  -7.370  -23.220 0.5000000000
80735  21.595  -6.522  -23.187 0.7500000000
79653  24.202  -6.673  -24.079 0.1250000000
80749  23.135  -6.755  -23.826 0.3750000000
80734  22.432  -6.475  -23.456 0.6250000000
81779  22.065  -6.182  -23.240 0.6250000000
81797  21.814  -5.607  -23.332 0.6250000000
80731  25.287  -5.815  -23.364 0.1250000000
81794  25.285  -5.680  -24.074 0.1250000000
81795  23.837  -5.118  -24.479 0.1250000000
82884  24.343  -4.301  -24.397 0.1250000000
84038  22.725  -3.710  -23.706 0.6250000000
82882  25.957  -3.806  -24.579 0.1250000000
84026  25.612  -3.308  -22.891 0.1250000000
85183  23.237  -3.165  -23.185 0.1250000000
85184  22.103  -2.961  -23.273 0.6250000000
85174  21.632  -2.109  -23.089 0.7500000000
84045  27.394  -3.723  -24.023 0.1250000000
85173  22.628  -2.405  -22.457 0.5000000000
85160  22.746  -1.938  -22.093 0.5000000000
85175  21.324  -1.789  -23.645 0.7500000000
97387  15.753  8.600  -26.268 0.5000000000
97413  15.996  8.112  -27.273 0.7500000000
87381  22.094  -0.395  -21.998 0.6250000000
88414  21.230  0.639  -22.401 0.6250000000
87403  20.761  0.168  -23.288 0.8750000000
88396  22.447  0.418  -21.553 0.5000000000
87382  21.615  0.100  -22.272 0.6250000000
88415  20.742  0.675  -23.031 0.7500000000
97402  15.886  8.775  -27.070 0.7500000000
88424  20.480  0.690  -23.699 0.8750000000
91823  19.604  3.577  -24.100 0.8750000000
92928  19.469  4.431  -24.902 0.8750000000
89574  20.689  1.551  -22.755 0.7500000000
91822  20.029  3.609  -23.280 0.8750000000
92918  19.581  4.526  -23.995 0.8750000000
94002  19.618  5.505  -23.833 0.8750000000
89556  22.011  0.945  -21.662 0.5000000000
89573  21.419  1.428  -21.828 0.5000000000
90689  20.684  2.658  -22.386 0.6250000000
89554  23.452  1.459  -21.096 0.2500000000
89555  22.378  1.401  -21.402 0.3750000000
90688  21.503  2.194  -21.542 0.5000000000
98414  16.236  9.308  -26.438 0.6250000000
98426  16.474  9.413  -27.182 0.7500000000
96301  16.503  7.663  -27.367 0.8750000000
97412  16.638  8.547  -27.515 0.7500000000
96299  17.909  8.103  -27.647 0.8750000000
94025  19.441  5.326  -26.017 0.8750000000
95096  19.484  6.473  -25.683 0.7500000000
94015  19.598  5.468  -24.851 0.8750000000
90670  20.763  3.325  -22.167 0.6250000000
90687  22.052  1.999  -21.431 0.3750000000
90669  21.113  3.007  -21.674 0.5000000000
94001  19.997  5.615  -23.088 0.7500000000
90668  22.316  2.575  -21.042 0.2500000000
99428  16.645  10.007  -26.615 0.6250000000
97411  17.512  8.652  -27.778 0.8750000000
96283  19.214  7.505  -26.426 0.8750000000
97401  18.867  8.517  -27.094 0.7500000000
96267  19.580  7.489  -25.484 0.8750000000
95082  19.540  6.641  -24.423 0.7500000000
92900  20.401  4.735  -22.464 0.5000000000
92878  22.288  4.837  -20.583 0.2500000000
92879  21.406  4.801  -20.974 0.5000000000
91790  21.272  3.769  -21.307 0.5000000000
90646  23.380  2.853  -20.841 0.2500000000
99415  16.559  9.838  -25.828 0.5000000000
99434  17.519  10.383  -27.673 0.6250000000
98436  17.821  9.524  -28.086 0.7500000000
98425  19.076  9.284  -26.952 0.7500000000
98434  19.035  9.961  -27.208 0.7500000000
98424  19.526  9.740  -26.495 0.7500000000
97399  19.965  9.202  -26.086 0.7500000000
97400  19.510  8.599  -26.163 0.7500000000
97386  19.896  8.137  -25.363 0.7500000000
96249  19.798  7.634  -24.717 0.7500000000
97370  20.193  8.212  -24.844 0.7500000000
96219  21.071  7.743  -22.845 0.5000000000
96232  20.636  7.983  -23.626 0.6250000000
93965  21.905  5.677  -21.077 0.2500000000
95024  21.585  6.570  -21.553 0.3750000000
96203  21.424  7.313  -22.064 0.3750000000
100427  17.834  11.010  -27.954 0.6250000000
99433  18.135  10.456  -28.144 0.7500000000
99426  19.311  10.614  -27.055 0.7500000000
99425  20.045  10.593  -26.473 0.7500000000
98423  20.178  9.767  -25.863 0.7500000000
98400  20.852  9.780  -24.345 0.6250000000
97351  21.704  8.325  -22.996 0.3750000000
98385  21.097  9.308  -23.838 0.3750000000
95023  22.451  6.432  -21.229 0.1250000000
96217  22.685  7.908  -22.090 0.1250000000
96218  21.857  7.918  -22.377 0.2500000000
100425  18.908  11.287  -27.305 0.6250000000
100417  19.652  11.431  -26.947 0.7500000000
99413  20.628  10.637  -25.450 0.7500000000
98399  21.327  9.874  -23.953 0.3750000000
99399  20.797  10.197  -24.799 0.3750000000
97385  20.218  8.864  -25.451 0.7500000000
98372  22.253  9.090  -23.249 0.2500000000
98384  21.831  9.422  -23.632 0.3750000000
97369  20.529  8.804  -24.311 0.6250000000
97348  24.190  8.461  -22.264 0.1250000000
97349  23.241  8.562  -22.498 0.1250000000
96216  23.617  7.818  -21.834 0.1250000000
101353  18.695  11.509  -27.327 0.6250000000
100416  20.393  11.486  -26.328 0.3750000000
100404  20.891  11.599  -25.553 0.3750000000
100391  22.738  11.578  -24.205 0.2500000000
99398  21.397  10.641  -24.470 0.3750000000
99382  23.622  10.378  -23.275 0.1250000000
98383  22.363  9.583  -23.349 0.3750000000
98368  25.258  8.606  -22.661 0.1250000000
98371  22.797  9.271  -23.003 0.1250000000
102275  20.180  13.154  -26.362 0.3750000000
101329  20.600  12.363  -26.069 0.3750000000
101315  22.285  12.519  -24.844 0.3750000000
101328  21.360  12.458  -25.354 0.3750000000
99397  22.046  11.110  -24.091 0.3750000000
100403  21.418  11.551  -25.019 0.3750000000
100388  25.769  11.311  -24.715 0.1250000000
100374  23.331  11.103  -23.694 0.1250000000
100390  23.761  11.899  -23.939 0.2500000000
99380  25.307  10.278  -23.366 0.1250000000
103168  20.840  13.931  -26.007 0.2500000000
102261  21.476  13.413  -25.569 0.2500000000
102262  20.795  13.154  -25.904 0.3750000000
102245  23.092  13.213  -25.032 0.1250000000
101327  21.867  13.000  -25.246 0.3750000000
101314  23.342  12.519  -24.548 0.1250000000
101325  25.303  12.856  -25.660 0.1250000000
103169  20.457  13.600  -26.249 0.3750000000
103167  21.703  14.275  -25.859 0.2500000000
102259  23.593  14.027  -25.773 0.1250000000
103176  23.053  14.689  -26.388 0.1250000000
136400  24.101  14.354  -26.635 0.1250000000
102274  23.666  14.592  -26.727 0.1250000000
100402  25.864  11.979  -26.369 0.1250000000
101342  25.341  13.216  -27.533 0.1250000000
136411  23.282  15.338  -28.016 0.1250000000
136410  24.148  14.558  -27.793 0.1250000000
100415  25.883  12.199  -27.726 0.1250000000
78497  17.608  -8.844  -21.092 0.8750000000
86316  22.221  -0.970  -22.228 0.6250000000
91791  20.808  3.891  -21.995 0.5000000000
90647  23.011  2.871  -20.659 0.3750000000
99435  16.935  10.020  -27.256 0.6250000000
97410  18.222  8.637  -27.722 0.8750000000
98435  18.569  9.571  -27.664 0.7500000000
93984  20.511  5.748  -22.362 0.5000000000
95045  20.888  6.705  -22.227 0.5000000000
93966  21.063  5.753  -21.523 0.5000000000
101312  25.081  12.395  -24.692 0.1250000000
102260  22.380  13.564  -25.423 0.2500000000
82885  23.363  -4.534  -23.853 0.5000000000
82886  22.309  -4.587  -23.534 0.6250000000
82887  21.189  -4.517  -23.551 0.7500000000
86315  22.727  -1.339  -21.983 0.3750000000
87380  23.122  -0.477  -21.527 0.3750000000
88377  23.577  0.975  -21.142 0.2500000000
102243  24.372  13.046  -24.940 0.1250000000
72162  16.366  -13.718  -17.971 0.7500000000
73405  16.125  -13.176  -17.784 0.7500000000
72180  16.990  -13.860  -18.477 0.7500000000
73437  16.829  -12.887  -19.215 0.7500000000
73421  18.487  -13.370  -19.025 0.7500000000
76031  14.374  -9.754  -19.173 0.6250000000
76030  15.430  -10.157  -19.102 0.7500000000
74693  18.563  -12.079  -19.765 0.6250000000
76047  19.117  -10.678  -20.511 0.6250000000
77302  19.474  -9.695  -21.283 0.6250000000
78510  21.392  -9.121  -21.360 0.3750000000
79627  20.910  -8.259  -21.999 0.5000000000
80733  24.019  -7.091  -22.868 0.1250000000
80732  24.567  -6.364  -23.178 0.1250000000
82870  25.560  -5.273  -22.076 0.1250000000
84024  27.419  -3.649  -22.912 0.1250000000
84025  26.546  -3.183  -22.835 0.1250000000
97388  15.491  7.819  -26.196 0.3750000000
85171  25.975  -2.349  -22.357 0.1250000000
85172  24.274  -2.747  -22.499 0.1250000000
86314  23.920  -1.574  -21.570 0.1250000000
88395  23.418  0.584  -21.211 0.2500000000
99402  16.635  9.593  -25.345 0.5000000000
91788  23.973  3.240  -21.134 0.1250000000
90667  23.688  2.387  -21.040 0.2500000000
93945  24.252  5.144  -20.692 0.1250000000
96200  23.892  6.888  -21.504 0.1250000000
96215  24.619  7.317  -22.220 0.1250000000
99414  16.831  10.603  -25.989 0.3750000000
97347  24.902  8.279  -22.430 0.1250000000
98380  25.636  9.145  -23.117 0.1250000000
99424  26.452  10.042  -26.421 0.1250000000
102246  18.950  13.343  -24.167 0.1250000000
104010  21.076  15.565  -27.019 0.2500000000
104009  21.767  15.619  -27.258 0.1250000000
104958  22.413  16.226  -28.427 0.1250000000
136409  23.462  15.259  -28.737 0.1250000000
100423  26.109  11.243  -28.091 0.1250000000
101352  25.371  12.900  -28.477 0.1250000000
87414  21.175  -0.786  -23.508 0.7500000000
95097  15.353  6.363  -25.752 0.3750000000
77293  15.807  -9.034  -19.979 0.8750000000
80736  20.582  -6.746  -22.926 0.7500000000
89583  20.442  1.488  -23.570 0.8750000000
95113  19.145  6.508  -26.610 0.8750000000
103178  20.922  14.779  -26.439 0.2500000000
74678  15.531  -11.642  -18.575 0.7500000000
73422  16.442  -13.265  -18.325 0.7500000000
72193  17.278  -13.434  -18.924 0.7500000000
72179  17.799  -13.696  -18.824 0.7500000000
73436  17.952  -12.933  -19.400 0.7500000000
74680  13.914  -10.849  -18.444 0.7500000000
76008  14.535  -10.525  -18.751 0.7500000000
74712  16.805  -10.767  -20.268 0.7500000000
77291  17.004  -9.482  -20.891 0.8750000000
77289  18.874  -9.808  -21.097 0.7500000000
78512  19.247  -9.029  -21.446 0.7500000000
77301  20.004  -9.710  -21.388 0.6250000000
79655  23.245  -7.247  -23.722 0.5000000000
79641  23.525  -7.341  -23.424 0.2500000000
79625  23.246  -7.587  -22.502 0.1250000000
81816  24.497  -5.343  -24.945 0.2500000000
81796  22.980  -5.667  -23.609 0.3750000000
81814  26.125  -4.608  -24.410 0.1250000000
81775  26.810  -4.786  -23.256 0.1250000000
82918  24.774  -4.745  -25.255 0.1250000000
84037  23.743  -3.783  -23.728 0.1250000000
84036  24.802  -3.816  -23.504 0.1250000000
84035  26.114  -3.621  -23.911 0.1250000000
85182  24.010  -3.356  -23.278 0.1250000000
85159  23.229  -2.085  -21.990 0.1250000000
86336  22.008  -1.407  -22.489 0.6250000000
87402  21.382  -0.335  -22.842 0.6250000000
92917  19.941  4.623  -23.164 0.7500000000
95065  19.687  6.188  -23.601 0.7500000000
98437  17.159  9.437  -27.608 0.6250000000
91789  21.951  3.980  -20.809 0.3750000000
95064  20.137  6.910  -23.306 0.6250000000
95081  19.647  7.360  -24.042 0.7500000000
92880  20.768  4.770  -21.670 0.5000000000
93964  22.786  5.580  -20.760 0.1250000000
92861  23.257  4.766  -20.459 0.1250000000
91770  23.117  3.774  -20.410 0.2500000000
91769  23.918  3.851  -20.902 0.1250000000
99432  18.665  10.551  -27.552 0.7500000000
96248  20.035  7.921  -24.076 0.6250000000
97357  21.266  8.614  -23.498 0.3750000000
96202  22.113  7.309  -21.667 0.3750000000
97350  22.333  8.563  -22.783 0.3750000000
96201  23.012  7.134  -21.495 0.1250000000
99384  21.717  10.093  -23.876 0.3750000000
99371  22.997  9.934  -23.015 0.2500000000
98381  24.769  9.823  -22.863 0.1250000000
98369  24.848  9.045  -22.482 0.1250000000
98370  23.834  9.420  -22.855 0.1250000000
101343  19.933  12.338  -26.700 0.3750000000
99383  22.421  10.403  -23.610 0.2500000000
99381  24.519  10.466  -23.288 0.1250000000
100372  25.072  11.026  -23.710 0.1250000000
100373  24.183  11.164  -23.571 0.1250000000
100392  21.886  11.603  -24.516 0.3750000000
100371  25.467  10.676  -23.953 0.1250000000
100389  24.812  11.891  -23.960 0.1250000000
101313  24.307  12.605  -24.510 0.1250000000
99396  25.746  10.075  -23.998 0.1250000000
103177  22.115  15.125  -26.620 0.2500000000
103166  22.589  14.426  -25.883 0.2500000000
102258  24.478  13.381  -25.409 0.1250000000
101326  24.747  12.890  -25.013 0.1250000000
103189  23.133  14.991  -27.219 0.1250000000
102257  24.669  13.912  -26.388 0.1250000000
100414  26.265  11.126  -26.964 0.1250000000
104032  22.860  15.862  -28.792 0.1250000000
104024  22.440  15.720  -27.809 0.1250000000
72163  15.810  -13.788  -17.269 0.7500000000
73406  15.065  -12.852  -17.403 0.7500000000
72164  15.336  -13.432  -17.144 0.7500000000
76009  13.699  -10.002  -18.608 0.5000000000
77288  19.674  -10.170  -21.057 0.6250000000
77300  20.767  -9.830  -21.323 0.5000000000
86334  25.035  -1.903  -21.914 0.1250000000
86333  25.895  -1.377  -21.973 0.1250000000
95004  23.967  5.697  -20.865 0.1250000000
100387  26.158  10.508  -25.186 0.1250000000
100401  26.259  10.849  -25.831 0.1250000000
74664  13.830  -11.377  -17.816 0.5000000000
70902  16.585  -14.626  -17.618 0.6250000000
70915  17.145  -14.514  -18.088 0.6250000000
70900  18.130  -14.383  -17.922 0.3750000000
70914  17.600  -14.289  -18.270 0.6250000000
72177  19.028  -13.439  -18.067 0.2500000000
98403  16.245  9.150  -25.662 0.3750000000
100394  17.133  11.164  -25.365 0.2500000000
73435  18.907  -12.750  -19.309 0.5000000000
74709  19.048  -11.435  -20.051 0.5000000000
76028  19.624  -11.091  -20.018 0.3750000000
70882  18.238  -14.657  -16.778 0.5000000000
76062  20.311  -10.216  -21.115 0.5000000000
69654  16.308  -15.282  -16.903 0.6250000000
73389  13.898  -12.777  -16.820 0.3750000000
70884  16.208  -14.677  -17.126 0.6250000000
70903  16.105  -14.377  -17.197 0.6250000000
72145  15.071  -13.751  -16.901 0.6250000000
69652  17.751  -15.346  -16.692 0.3750000000
70883  17.672  -15.201  -17.026 0.5000000000
69671  16.769  -15.253  -17.254 0.6250000000
75967  13.280  -10.827  -17.359 0.2500000000
73419  19.467  -12.749  -18.080 0.2500000000
72161  18.655  -13.919  -17.613 0.2500000000
73434  19.396  -12.548  -18.832 0.2500000000
76027  20.247  -10.915  -19.542 0.2500000000
76061  20.807  -10.430  -20.929 0.2500000000
77287  21.272  -9.926  -20.751 0.2500000000
87391  11.892  0.040  -20.838 0.1250000000
90691  12.709  2.417  -22.588 0.2500000000
78509  22.107  -8.795  -20.964 0.2500000000
92930  13.889  3.859  -23.889 0.3750000000
91824  13.464  3.403  -23.437 0.2500000000
99401  16.961  10.233  -25.020 0.2500000000
73407  14.111  -12.150  -17.400 0.5000000000
74663  14.501  -12.016  -17.895 0.5000000000
72178  18.508  -13.820  -18.439 0.5000000000
75986  13.448  -10.478  -17.933 0.3750000000
77276  13.703  -8.913  -18.868 0.2500000000
76010  13.006  -9.744  -18.037 0.3750000000
76046  20.130  -10.618  -20.516 0.2500000000
69670  16.996  -15.195  -17.419 0.6250000000
70901  17.447  -14.870  -17.551 0.5000000000
72160  19.179  -13.192  -17.323 0.2500000000
73420  19.050  -13.197  -18.693 0.3750000000
74692  19.509  -11.821  -19.401 0.3750000000
70885  15.672  -14.435  -16.869 0.6250000000
69633  17.940  -15.708  -15.987 0.3750000000
69653  17.204  -15.724  -16.877 0.5000000000
76045  20.922  -10.506  -20.185 0.2500000000
87364  12.208  -0.501  -21.114 0.1250000000
69656  14.614  -15.213  -16.236 0.5000000000
69634  17.539  -16.254  -16.303 0.2500000000
68419  17.144  -16.748  -16.392 0.3750000000
68435  16.618  -16.239  -16.707 0.5000000000
69655  15.366  -15.229  -16.500 0.5000000000
69635  14.406  -15.587  -15.917 0.3750000000
70887  14.062  -14.817  -16.222 0.5000000000
70886  14.744  -14.567  -16.586 0.5000000000
73388  14.446  -13.322  -16.945 0.3750000000
69620  12.691  -15.452  -14.633 0.1250000000
69636  13.786  -15.373  -15.590 0.3750000000
72147  13.420  -13.204  -16.333 0.2500000000
67316  13.870  -17.895  -14.071 0.1250000000
68423  13.814  -16.192  -15.137 0.2500000000
67326  14.878  -17.231  -15.516 0.3750000000
67323  17.618  -17.539  -15.645 0.2500000000
68421  15.339  -16.740  -15.991 0.3750000000
68420  16.240  -16.975  -16.320 0.5000000000
68411  12.366  -16.424  -13.985 0.1250000000
70845  12.538  -14.456  -14.941 0.1250000000
72128  12.986  -13.738  -15.756 0.1250000000
88394  24.384  0.562  -21.195 0.1250000000
68434  16.998  -16.292  -16.729 0.3750000000
68436  15.816  -16.071  -16.447 0.5000000000
74648  13.479  -11.596  -16.879 0.2500000000
68418  17.809  -16.694  -15.779 0.2500000000
68437  15.000  -15.853  -16.119 0.5000000000
69657  14.211  -15.233  -15.988 0.5000000000
68422  14.461  -16.297  -15.641 0.3750000000
70863  13.489  -14.451  -15.962 0.1250000000
72127  13.368  -14.049  -16.150 0.1250000000
72146  13.838  -13.898  -16.564 0.1250000000
68410  13.360  -16.516  -14.418 0.1250000000
69621  11.787  -15.777  -14.094 0.1250000000
69619  13.380  -15.749  -14.964 0.2500000000
69637  13.249  -15.314  -15.105 0.1250000000
68399  12.925  -17.259  -13.598 0.1250000000
68409  14.181  -17.037  -14.997 0.3750000000
67324  16.829  -17.657  -15.925 0.2500000000
70864  13.118  -14.782  -15.320 0.1250000000
67315  14.863  -18.038  -15.022 0.2500000000
67314  15.430  -18.201  -15.181 0.2500000000
67325  15.812  -17.800  -15.484 0.2500000000
77261  12.263  -9.156  -17.724 0.1250000000
97373  15.542  7.596  -25.757 0.1250000000
96268  15.461  7.098  -26.075 0.1250000000
97372  15.815  8.216  -25.350 0.1250000000
96251  16.155  7.380  -24.754 0.1250000000
97371  16.536  8.171  -24.800 0.1250000000
98402  16.902  9.071  -24.983 0.1250000000
97358  17.209  8.288  -24.456 0.1250000000
98401  17.605  9.728  -24.674 0.1250000000
96252  15.615  7.191  -25.427 0.1250000000
98387  17.769  9.271  -24.047 0.1250000000
98373  17.632  9.347  -22.823 0.1250000000
94016  14.990  5.588  -24.669 0.1250000000
95084  15.552  6.420  -24.921 0.1250000000
91815  12.589  3.427  -22.404 0.1250000000
75988  12.310  -9.951  -17.185 0.1250000000
92920  13.487  4.506  -23.171 0.1250000000
95068  15.580  5.887  -24.504 0.1250000000
95083  16.093  6.760  -24.637 0.1250000000
96234  16.450  6.907  -24.587 0.1250000000
96220  17.400  7.507  -23.118 0.1250000000
97340  17.696  8.587  -22.326 0.1250000000
99386  17.901  9.968  -23.320 0.1250000000
79585  12.763  -7.869  -18.542 0.1250000000
76032  13.793  -9.364  -18.925 0.1250000000
75987  12.850  -10.182  -17.471 0.1250000000
75968  12.746  -10.662  -16.880 0.1250000000
78464  12.607  -8.471  -18.300 0.1250000000
77259  13.280  -9.016  -18.452 0.1250000000
76011  12.452  -9.590  -17.651 0.1250000000
78448  11.969  -8.802  -17.084 0.1250000000
77246  12.137  -9.296  -17.391 0.1250000000
96250  16.782  7.770  -24.630 0.1250000000
97352  17.503  8.367  -23.501 0.1250000000
99374  17.999  10.164  -22.294 0.1250000000
70862  18.380  -14.906  -15.630 0.1250000000
70861  18.811  -14.041  -15.657 0.1250000000
70881  18.704  -13.944  -16.428 0.1250000000
72142  19.182  -13.333  -16.351 0.1250000000
73403  19.632  -12.567  -17.389 0.1250000000
74677  19.813  -12.036  -18.488 0.1250000000
74691  20.086  -11.402  -18.808 0.1250000000
76005  20.910  -10.115  -18.590 0.1250000000
76006  20.497  -10.693  -18.483 0.1250000000
77258  21.321  -9.621  -18.832 0.1250000000
78478  21.735  -9.118  -19.556 0.1250000000
78494  21.734  -9.301  -20.463 0.1250000000
66138  17.269  -18.020  -15.558 0.1250000000
66139  16.772  -18.234  -15.335 0.1250000000
67313  18.140  -17.790  -15.138 0.1250000000
67322  18.181  -17.247  -15.306 0.1250000000
68408  18.461  -16.528  -14.954 0.1250000000
70844  18.787  -14.706  -14.881 0.1250000000
69618  18.516  -15.513  -14.950 0.1250000000
73370  19.820  -12.811  -16.080 0.1250000000
74646  20.265  -11.785  -16.791 0.1250000000
74676  20.181  -11.460  -18.044 0.1250000000
75985  20.498  -11.004  -17.382 0.1250000000
77241  21.647  -9.281  -18.036 0.1250000000
79613  22.641  -8.237  -20.739 0.1250000000
79599  22.560  -8.019  -19.735 0.1250000000
78477  22.141  -8.471  -19.267 0.1250000000
73387  19.731  -12.615  -16.766 0.1250000000
76026  20.876  -10.277  -19.268 0.1250000000
74662  19.927  -12.059  -17.628 0.1250000000
75984  21.085  -9.996  -17.755 0.1250000000
77272  21.381  -9.849  -19.862 0.1250000000
78493  22.178  -8.681  -20.130 0.1250000000
78462  21.812  -8.882  -18.695 0.1250000000
66126  17.666  -18.275  -14.943 0.1250000000
66125  18.264  -18.010  -14.692 0.1250000000
70843  19.525  -13.971  -14.421 0.1250000000
70913  18.040  -14.131  -18.448 0.6250000000
72143  18.736  -13.788  -16.914 0.1250000000
72144  15.538  -13.967  -16.969 0.6250000000
73404  16.359  -13.387  -18.031 0.7500000000
74647  19.880  -12.246  -17.140 0.1250000000
74661  20.210  -11.566  -17.456 0.1250000000
77260  12.528  -9.125  -18.059 0.1250000000
78463  13.039  -8.381  -18.514 0.1250000000
79580  22.472  -7.951  -18.977 0.1250000000
79586  12.255  -7.829  -18.240 0.1250000000
79632  16.510  -7.131  -21.582 1.0000000000
79640  24.212  -6.958  -23.701 0.1250000000
79654  23.738  -7.084  -24.073 0.2500000000
80722  15.257  -6.264  -21.153 1.0000000000
80746  25.290  -5.734  -23.833 0.1250000000
80747  24.735  -6.061  -23.999 0.1250000000
80748  24.016  -6.086  -24.113 0.2500000000
80752  20.103  -6.299  -23.160 0.8750000000
80753  13.584  -5.915  -24.205 1.0000000000
80754  12.923  -5.859  -24.620 1.0000000000
80755  12.801  -5.411  -24.903 1.0000000000
80763  24.882  -5.822  -24.376 0.1250000000
80764  24.655  -5.795  -24.456 0.2500000000
80765  13.894  -5.750  -24.448 1.0000000000
80766  13.706  -5.738  -24.752 1.0000000000
80767  13.247  -5.409  -25.098 1.0000000000
80774  13.780  -5.407  -25.159 1.0000000000
80775  13.623  -5.222  -25.223 1.0000000000
81741  13.453  -5.467  -19.439 0.3750000000
81776  26.089  -5.381  -22.701 0.1250000000
81778  22.348  -6.007  -23.326 0.6250000000
81780  19.172  -5.809  -22.937 1.0000000000
81792  26.704  -4.559  -23.999 0.1250000000
81793  25.906  -5.314  -23.807 0.1250000000
81802  13.644  -5.473  -23.901 1.0000000000
81803  12.949  -5.511  -23.932 1.0000000000
81804  12.843  -5.166  -24.572 1.0000000000
81813  26.653  -4.417  -24.306 0.1250000000
81815  25.214  -5.452  -24.562 0.1250000000
81817  14.706  -4.631  -24.483 1.0000000000
81818  14.228  -5.340  -24.408 1.0000000000
81819  14.164  -5.485  -25.009 1.0000000000
81820  12.961  -4.942  -25.081 1.0000000000
81825  25.439  -4.665  -24.839 0.1250000000
81826  24.980  -4.990  -25.147 0.1250000000
81827  24.683  -5.019  -25.248 0.1250000000
81828  14.904  -4.699  -24.728 1.0000000000
81829  14.635  -5.034  -25.077 1.0000000000
81830  14.040  -5.101  -25.395 1.0000000000
81831  13.462  -4.903  -25.299 1.0000000000
82855  27.051  -4.118  -22.337 0.1250000000
82867  27.722  -3.858  -23.319 0.1250000000
82868  27.391  -4.270  -22.945 0.1250000000
82869  26.148  -5.207  -22.130 0.1250000000
82871  17.614  -5.187  -23.028 1.0000000000
82880  27.828  -3.796  -23.593 0.1250000000
82881  27.444  -4.185  -23.657 0.1250000000
82883  25.367  -3.931  -24.512 0.1250000000
82893  13.915  -5.097  -24.004 1.0000000000
82894  13.489  -4.958  -23.958 1.0000000000
82895  13.029  -4.854  -24.225 1.0000000000
82900  27.649  -3.829  -23.914 0.1250000000
82901  26.966  -4.134  -24.335 0.1250000000
82902  25.960  -4.080  -24.899 0.1250000000
82903  24.968  -4.274  -25.096 0.1250000000
82904  24.414  -4.755  -25.044 0.1250000000
82909  15.127  -4.070  -24.598 1.0000000000
82910  14.253  -4.446  -24.278 1.0000000000
82911  13.490  -4.340  -24.318 1.0000000000
82912  13.097  -4.428  -24.784 1.0000000000
82917  25.196  -4.526  -25.110 0.1250000000
82919  24.506  -4.935  -25.222 0.1250000000
82921  16.069  -4.040  -24.770 1.0000000000
82922  15.219  -4.144  -25.008 1.0000000000
82924  13.869  -4.466  -25.717 1.0000000000
82925  13.314  -4.284  -25.438 1.0000000000
82931  16.443  -3.284  -24.743 1.0000000000
82932  16.187  -3.344  -24.919 1.0000000000
82933  15.094  -3.685  -25.303 1.0000000000
82934  14.462  -3.968  -26.025 1.0000000000
82935  13.717  -3.894  -25.995 1.0000000000
82936  13.500  -3.759  -25.555 1.0000000000
84023  27.861  -3.660  -23.385 0.1250000000
84033  27.869  -3.496  -23.677 0.1250000000
84034  27.151  -3.533  -23.651 0.1250000000
84046  26.718  -3.763  -24.308 0.1250000000
84047  26.238  -3.781  -24.531 0.1250000000
84049  19.053  -3.425  -24.253 1.0000000000
84053  14.991  -3.494  -24.735 1.0000000000
84054  14.103  -3.642  -24.375 1.0000000000
84055  13.446  -3.847  -24.691 1.0000000000
84060  17.826  -2.814  -24.792 1.0000000000
84062  15.662  -2.960  -25.167 1.0000000000
84063  15.556  -3.246  -25.095 1.0000000000
84064  13.736  -3.439  -24.889 1.0000000000
84065  13.396  -3.767  -25.229 1.0000000000
84072  15.913  -2.902  -25.138 1.0000000000
84073  15.266  -3.396  -25.639 1.0000000000
84074  14.314  -3.524  -25.866 1.0000000000
84075  13.795  -3.475  -25.481 1.0000000000
84076  13.568  -3.635  -25.459 1.0000000000
85196  19.040  -1.819  -25.209 1.0000000000
85197  15.319  -2.985  -23.725 1.0000000000
85198  15.249  -2.918  -23.742 1.0000000000
85206  16.576  -2.563  -25.030 1.0000000000
85208  15.031  -3.329  -25.148 1.0000000000
85209  14.786  -3.483  -24.852 1.0000000000
85210  14.210  -3.253  -24.896 1.0000000000
85213  16.296  -3.005  -25.105 1.0000000000
85214  16.126  -2.851  -24.894 1.0000000000
85216  14.444  -3.373  -25.524 1.0000000000
85217  13.882  -3.243  -25.202 1.0000000000
86335  22.480  -1.809  -22.180 0.5000000000
86337  21.458  -1.291  -23.284 0.7500000000
86346  21.008  -1.269  -24.042 0.8750000000
86358  16.042  -1.128  -24.130 1.0000000000
87401  21.948  -0.772  -22.394 0.6250000000
87417  14.531  -0.223  -23.167 0.6250000000
87424  19.401  -0.354  -24.996 1.0000000000
87425  15.984  -0.173  -24.055 1.0000000000
88376  23.830  0.871  -21.150 0.2500000000
88397  21.778  0.512  -21.912 0.6250000000
88417  12.876  0.769  -22.402 0.3750000000
88435  15.401  0.589  -24.285 1.0000000000
88436  14.825  0.726  -24.189 0.8750000000
89533  24.000  1.107  -21.125 0.2500000000
89534  23.752  1.137  -21.135 0.2500000000
89572  21.869  1.769  -21.568 0.5000000000
89591  20.229  1.471  -24.255 0.8750000000
89593  15.126  0.996  -24.650 1.0000000000
89603  15.604  1.144  -24.696 1.0000000000
89609  15.101  1.478  -24.837 1.0000000000
90701  14.266  2.210  -23.634 0.6250000000
90707  20.200  1.994  -24.039 1.0000000000
90711  14.165  2.448  -23.702 0.6250000000
90719  15.534  1.834  -24.832 0.8750000000
90720  15.024  1.720  -24.662 0.8750000000
90726  18.050  3.161  -26.313 1.0000000000
91810  20.456  3.805  -22.580 0.5000000000
91814  13.051  3.926  -22.771 0.2500000000
91846  14.983  3.451  -24.520 1.0000000000
92860  24.004  4.602  -20.582 0.1250000000
93946  23.609  5.365  -20.607 0.1250000000
95022  23.400  6.202  -21.043 0.1250000000
97356  21.908  8.765  -23.286 0.3750000000
97403  15.485  8.047  -26.911 0.7500000000
98382  24.181  10.012  -23.101 0.1250000000
98386  17.995  9.823  -24.364 0.1250000000
98413  20.551  9.654  -25.060 0.3750000000
99372  22.618  9.800  -23.230 0.2500000000
99412  21.101  11.091  -25.145 0.3750000000
100426  18.356  11.264  -27.659 0.6250000000
101316  21.707  12.046  -24.887 0.3750000000
102244  23.880  13.214  -24.936 0.1250000000
104023  22.939  15.592  -28.261 0.1250000000
136412  23.143  15.499  -28.450 0.1250000000
