#!ascii label  , from subject sub.01.bl.02 vox2ras=TkReg
607
74680  13.914  -10.849  -18.444 0.0000000000
81796  22.980  -5.667  -23.609 0.0000000000
94026  19.130  4.701  -26.180 0.0000000000
89585  13.968  1.585  -23.155 0.0000000000
68436  15.816  -16.071  -16.447 0.0000000000
72177  19.028  -13.439  -18.067 0.0000000000
78513  18.275  -8.309  -21.316 0.0000000000
82892  15.901  -4.187  -23.763 0.0000000000
87415  20.631  -0.274  -23.749 0.0000000000
93964  22.786  5.580  -20.760 0.0000000000
98434  19.035  9.961  -27.208 0.0000000000
72164  15.336  -13.432  -17.144 0.0000000000
70901  17.447  -14.870  -17.551 0.0000000000
73437  16.829  -12.887  -19.215 0.0000000000
82844  14.235  -4.390  -20.718 0.0000000000
84029  13.718  -2.708  -21.865 0.0000000000
90717  17.366  2.663  -26.035 0.0000000000
88443  17.272  0.421  -25.388 0.0000000000
90708  19.791  2.465  -24.640 0.0000000000
90688  21.503  2.194  -21.542 0.0000000000
94001  19.997  5.615  -23.088 0.0000000000
101318  17.496  11.532  -25.029 0.0000000000
99428  16.645  10.007  -26.615 0.0000000000
101354  18.587  11.679  -27.195 0.0000000000
79644  20.227  -7.473  -22.513 0.0000000000
77300  20.767  -9.830  -21.323 0.0000000000
79626  22.220  -8.202  -21.932 0.0000000000
94042  16.321  5.449  -26.349 0.0000000000
85182  24.010  -3.356  -23.278 0.0000000000
77276  13.703  -8.913  -18.868 0.0000000000
77273  16.058  -9.604  -19.719 0.0000000000
79615  15.253  -7.270  -20.531 0.0000000000
80740  17.195  -6.144  -21.921 0.0000000000
82889  19.006  -4.748  -23.534 0.0000000000
86360  15.401  -1.974  -23.796 0.0000000000
85204  18.515  -2.256  -25.184 0.0000000000
85185  21.052  -2.426  -24.070 0.0000000000
87380  23.122  -0.477  -21.527 0.0000000000
96302  15.850  7.463  -27.188 0.0000000000
96283  19.214  7.505  -26.426 0.0000000000
102262  20.795  13.154  -25.904 0.0000000000
99413  20.628  10.637  -25.450 0.0000000000
96248  20.035  7.921  -24.076 0.0000000000
97349  23.241  8.562  -22.498 0.0000000000
74710  18.306  -11.337  -20.266 0.0000000000
75987  12.850  -10.182  -17.471 0.0000000000
74664  13.830  -11.377  -17.816 0.0000000000
73424  15.134  -12.070  -18.111 0.0000000000
73422  16.442  -13.265  -18.325 0.0000000000
74678  15.531  -11.642  -18.575 0.0000000000
91853  18.302  3.506  -26.257 0.0000000000
90716  18.436  2.594  -26.151 0.0000000000
91841  19.242  3.310  -25.449 0.0000000000
91822  20.029  3.609  -23.280 0.0000000000
94002  19.618  5.505  -23.833 0.0000000000
101330  18.043  12.439  -25.726 0.0000000000
101346  17.791  11.829  -26.309 0.0000000000
102277  18.950  13.370  -26.559 0.0000000000
80735  21.595  -6.522  -23.187 0.0000000000
79643  21.362  -7.446  -22.612 0.0000000000
79655  23.245  -7.247  -23.722 0.0000000000
92937  15.294  4.481  -25.476 0.0000000000
94027  14.944  5.599  -25.424 0.0000000000
69656  14.614  -15.213  -16.236 0.0000000000
68437  15.000  -15.853  -16.119 0.0000000000
68420  16.240  -16.975  -16.320 0.0000000000
68419  17.144  -16.748  -16.392 0.0000000000
70900  18.130  -14.383  -17.922 0.0000000000
70882  18.238  -14.657  -16.778 0.0000000000
78480  14.361  -8.313  -19.581 0.0000000000
79601  13.866  -7.285  -19.553 0.0000000000
82874  15.030  -4.311  -22.325 0.0000000000
81766  15.755  -5.355  -21.875 0.0000000000
82872  17.238  -4.953  -22.840 0.0000000000
81801  18.244  -5.481  -23.062 0.0000000000
82891  16.788  -4.381  -23.438 0.0000000000
87405  13.532  -0.257  -22.301 0.0000000000
87416  14.960  0.019  -23.608 0.0000000000
87431  18.666  -0.449  -25.540 0.0000000000
86366  17.721  -1.492  -25.500 0.0000000000
86357  19.220  -1.268  -25.030 0.0000000000
85186  20.387  -2.899  -24.417 0.0000000000
86355  20.705  -1.735  -24.332 0.0000000000
85174  21.632  -2.109  -23.089 0.0000000000
87402  21.382  -0.335  -22.842 0.0000000000
91789  21.951  3.980  -20.809 0.0000000000
90668  22.316  2.575  -21.042 0.0000000000
98437  17.159  9.437  -27.608 0.0000000000
97402  15.886  8.775  -27.070 0.0000000000
97411  17.512  8.652  -27.778 0.0000000000
96300  17.409  7.662  -27.425 0.0000000000
97401  18.867  8.517  -27.094 0.0000000000
98400  20.852  9.780  -24.345 0.0000000000
98384  21.831  9.422  -23.632 0.0000000000
97351  21.704  8.325  -22.996 0.0000000000
77291  17.004  -9.482  -20.891 0.0000000000
76049  17.279  -10.325  -20.693 0.0000000000
77290  17.890  -9.718  -20.989 0.0000000000
78494  21.734  -9.301  -20.463 0.0000000000
76045  20.922  -10.506  -20.185 0.0000000000
73388  14.446  -13.322  -16.945 0.0000000000
70885  15.672  -14.435  -16.869 0.0000000000
69671  16.769  -15.253  -17.254 0.0000000000
70902  16.585  -14.626  -17.618 0.0000000000
72180  16.990  -13.860  -18.477 0.0000000000
73421  18.487  -13.370  -19.025 0.0000000000
82845  13.748  -4.035  -20.215 0.0000000000
84013  14.161  -3.835  -21.612 0.0000000000
85176  15.008  -3.164  -23.007 0.0000000000
136324  15.289  1.555  -24.747 0.0000000000
88445  15.918  0.695  -24.443 0.0000000000
89601  17.287  1.430  -25.694 0.0000000000
89599  19.106  1.517  -25.656 0.0000000000
88432  20.183  0.626  -24.391 0.0000000000
88415  20.742  0.675  -23.031 0.0000000000
90699  20.122  2.529  -23.616 0.0000000000
91791  20.808  3.891  -21.995 0.0000000000
93966  21.063  5.753  -21.523 0.0000000000
98401  17.605  9.728  -24.674 0.0000000000
99414  16.831  10.603  -25.989 0.0000000000
99427  17.049  10.699  -26.911 0.0000000000
100425  18.908  11.287  -27.305 0.0000000000
79629  18.858  -7.909  -21.807 0.0000000000
78512  19.247  -9.029  -21.446 0.0000000000
79628  19.815  -8.208  -21.993 0.0000000000
78510  21.392  -9.121  -21.360 0.0000000000
91835  13.968  2.911  -23.900 0.0000000000
91833  15.060  3.135  -24.432 0.0000000000
91855  16.749  3.932  -26.211 0.0000000000
94040  18.478  5.367  -26.442 0.0000000000
69633  17.940  -15.708  -15.987 0.0000000000
82885  23.363  -4.534  -23.853 0.0000000000
81816  24.497  -5.343  -24.945 0.0000000000
76009  13.699  -10.002  -18.608 0.0000000000
76030  15.430  -10.157  -19.102 0.0000000000
77274  15.071  -9.101  -19.670 0.0000000000
78499  15.658  -8.324  -20.278 0.0000000000
78498  16.628  -8.481  -21.067 0.0000000000
80707  14.783  -6.358  -20.714 0.0000000000
80705  16.136  -6.765  -21.380 0.0000000000
79630  17.935  -7.288  -21.770 0.0000000000
80738  18.376  -6.566  -22.286 0.0000000000
81799  19.742  -5.616  -23.289 0.0000000000
81798  20.773  -5.422  -23.557 0.0000000000
85188  14.835  -2.407  -23.368 0.0000000000
85199  14.321  -3.401  -24.652 0.0000000000
87434  16.558  -0.644  -24.476 0.0000000000
85207  16.012  -2.825  -25.036 0.0000000000
82920  16.821  -3.634  -24.459 0.0000000000
84050  18.086  -3.197  -24.173 0.0000000000
84040  20.525  -3.452  -23.783 0.0000000000
84039  21.643  -3.596  -23.548 0.0000000000
85183  23.237  -3.165  -23.185 0.0000000000
85159  23.229  -2.085  -21.990 0.0000000000
89556  22.011  0.945  -21.662 0.0000000000
95116  16.491  6.333  -26.618 0.0000000000
95114  18.438  6.502  -26.794 0.0000000000
94039  18.982  5.861  -26.643 0.0000000000
101343  19.933  12.338  -26.700 0.0000000000
100417  19.652  11.431  -26.947 0.0000000000
100404  20.891  11.599  -25.553 0.0000000000
99425  20.045  10.593  -26.473 0.0000000000
97399  19.965  9.202  -26.086 0.0000000000
96267  19.580  7.489  -25.484 0.0000000000
95082  19.540  6.641  -24.423 0.0000000000
95064  20.137  6.910  -23.306 0.0000000000
96203  21.424  7.313  -22.064 0.0000000000
96201  23.012  7.134  -21.495 0.0000000000
74695  16.579  -11.600  -19.858 0.0000000000
74694  17.594  -12.032  -19.875 0.0000000000
73435  18.907  -12.750  -19.309 0.0000000000
77288  19.674  -10.170  -21.057 0.0000000000
76028  19.624  -11.091  -20.018 0.0000000000
75986  13.448  -10.478  -17.933 0.0000000000
75967  13.280  -10.827  -17.359 0.0000000000
74663  14.501  -12.016  -17.895 0.0000000000
74679  14.655  -11.353  -18.343 0.0000000000
92935  18.809  4.093  -26.102 0.0000000000
91842  18.939  3.180  -26.042 0.0000000000
92934  19.218  4.235  -25.565 0.0000000000
92928  19.469  4.431  -24.902 0.0000000000
94015  19.598  5.468  -24.851 0.0000000000
101345  18.442  12.159  -26.644 0.0000000000
81779  22.065  -6.182  -23.240 0.0000000000
80734  22.432  -6.475  -23.456 0.0000000000
69655  15.366  -15.229  -16.500 0.0000000000
68435  16.618  -16.239  -16.707 0.0000000000
72178  18.508  -13.820  -18.439 0.0000000000
72161  18.655  -13.919  -17.613 0.0000000000
72160  19.179  -13.192  -17.323 0.0000000000
80692  13.276  -6.246  -19.137 0.0000000000
84027  15.209  -3.894  -22.734 0.0000000000
82873  16.019  -4.649  -22.702 0.0000000000
88427  13.961  0.835  -22.889 0.0000000000
88426  14.465  0.786  -23.708 0.0000000000
87423  20.089  -0.245  -24.486 0.0000000000
86356  20.135  -1.253  -24.519 0.0000000000
86347  20.477  -0.772  -24.195 0.0000000000
87414  21.175  -0.786  -23.508 0.0000000000
92878  22.288  4.837  -20.583 0.0000000000
91770  23.117  3.774  -20.410 0.0000000000
98436  17.821  9.524  -28.086 0.0000000000
98435  18.569  9.571  -27.664 0.0000000000
97410  18.222  8.637  -27.722 0.0000000000
98425  19.076  9.284  -26.952 0.0000000000
99384  21.717  10.093  -23.876 0.0000000000
99383  22.421  10.403  -23.610 0.0000000000
98383  22.363  9.583  -23.349 0.0000000000
78497  17.608  -8.844  -21.092 0.0000000000
78496  18.490  -9.156  -21.120 0.0000000000
78478  21.735  -9.118  -19.556 0.0000000000
77272  21.381  -9.849  -19.862 0.0000000000
73406  15.065  -12.852  -17.403 0.0000000000
72145  15.071  -13.751  -16.901 0.0000000000
72163  15.810  -13.788  -17.269 0.0000000000
70903  16.105  -14.377  -17.197 0.0000000000
72193  17.278  -13.434  -18.924 0.0000000000
72179  17.799  -13.696  -18.824 0.0000000000
72192  17.457  -13.285  -19.148 0.0000000000
84015  12.812  -2.744  -20.858 0.0000000000
84014  13.676  -3.436  -21.094 0.0000000000
84028  14.317  -3.582  -22.199 0.0000000000
90718  16.420  2.337  -25.357 0.0000000000
90728  15.349  1.466  -24.746 0.0000000000
90715  19.285  2.432  -25.538 0.0000000000
88433  19.625  0.588  -25.068 0.0000000000
89592  19.848  1.521  -25.026 0.0000000000
89583  20.442  1.488  -23.570 0.0000000000
92917  19.941  4.623  -23.164 0.0000000000
92900  20.401  4.735  -22.464 0.0000000000
92880  20.768  4.770  -21.670 0.0000000000
93984  20.511  5.748  -22.362 0.0000000000
100393  17.531  11.051  -24.676 0.0000000000
99400  17.853  10.312  -24.505 0.0000000000
99401  16.961  10.233  -25.020 0.0000000000
100394  17.133  11.164  -25.365 0.0000000000
100418  18.331  11.565  -27.208 0.0000000000
100419  17.829  11.290  -27.143 0.0000000000
100427  17.834  11.010  -27.954 0.0000000000
101353  18.695  11.509  -27.327 0.0000000000
79645  19.240  -7.314  -22.217 0.0000000000
79627  20.910  -8.259  -21.999 0.0000000000
78509  22.107  -8.795  -20.964 0.0000000000
91824  13.464  3.403  -23.437 0.0000000000
91834  14.544  3.312  -24.302 0.0000000000
92950  15.650  4.705  -25.876 0.0000000000
92936  15.841  4.381  -25.764 0.0000000000
92949  16.170  4.579  -26.061 0.0000000000
92948  16.978  4.569  -26.341 0.0000000000
69670  16.996  -15.195  -17.419 0.0000000000
69653  17.204  -15.724  -16.877 0.0000000000
70883  17.672  -15.201  -17.026 0.0000000000
70862  18.380  -14.906  -15.630 0.0000000000
84037  23.743  -3.783  -23.728 0.0000000000
77259  13.280  -9.016  -18.452 0.0000000000
76032  13.793  -9.364  -18.925 0.0000000000
76031  14.374  -9.754  -19.173 0.0000000000
77275  14.069  -8.990  -19.294 0.0000000000
79600  14.753  -7.778  -20.028 0.0000000000
78479  14.970  -8.386  -19.881 0.0000000000
79614  16.122  -7.475  -21.029 0.0000000000
81751  14.281  -5.156  -20.443 0.0000000000
80691  14.050  -6.124  -19.838 0.0000000000
81767  14.950  -5.710  -21.320 0.0000000000
81765  16.497  -5.519  -21.858 0.0000000000
80721  15.726  -6.188  -21.432 0.0000000000
80720  16.629  -6.267  -21.710 0.0000000000
79631  17.006  -7.262  -21.919 0.0000000000
80719  17.307  -6.679  -22.047 0.0000000000
80718  17.758  -6.699  -22.105 0.0000000000
80739  17.564  -6.197  -22.210 0.0000000000
82890  17.882  -4.900  -23.377 0.0000000000
81800  18.770  -5.401  -23.151 0.0000000000
82888  20.030  -4.468  -23.559 0.0000000000
87404  14.118  -0.337  -22.724 0.0000000000
86338  14.405  -1.168  -22.731 0.0000000000
86349  14.997  -1.582  -23.429 0.0000000000
86370  15.830  -2.958  -23.761 0.0000000000
88444  16.535  0.445  -24.686 0.0000000000
88434  16.128  0.272  -24.276 0.0000000000
87433  17.220  -0.566  -25.133 0.0000000000
85205  17.432  -2.344  -25.213 0.0000000000
86367  16.964  -1.593  -25.079 0.0000000000
84071  16.592  -3.109  -25.142 0.0000000000
84061  17.007  -3.073  -25.020 0.0000000000
84051  17.377  -3.268  -24.489 0.0000000000
84059  18.645  -2.900  -24.725 0.0000000000
84048  19.854  -3.201  -24.448 0.0000000000
84038  22.725  -3.710  -23.706 0.0000000000
85184  22.103  -2.961  -23.273 0.0000000000
86316  22.221  -0.970  -22.228 0.0000000000
85160  22.746  -1.938  -22.093 0.0000000000
86315  22.727  -1.339  -21.983 0.0000000000
86314  23.920  -1.574  -21.570 0.0000000000
89574  20.689  1.551  -22.755 0.0000000000
88414  21.230  0.639  -22.401 0.0000000000
89573  21.419  1.428  -21.828 0.0000000000
99402  16.635  9.593  -25.345 0.0000000000
98403  16.245  9.150  -25.662 0.0000000000
97413  15.996  8.112  -27.273 0.0000000000
97388  15.491  7.819  -26.196 0.0000000000
96286  15.441  7.238  -26.733 0.0000000000
95117  15.706  6.370  -26.423 0.0000000000
95133  15.884  6.824  -26.941 0.0000000000
96284  18.424  7.553  -27.167 0.0000000000
96285  17.946  7.080  -27.096 0.0000000000
95113  19.145  6.508  -26.610 0.0000000000
102275  20.180  13.154  -26.362 0.0000000000
101329  20.600  12.363  -26.069 0.0000000000
100403  21.418  11.551  -25.019 0.0000000000
101328  21.360  12.458  -25.354 0.0000000000
98423  20.178  9.767  -25.863 0.0000000000
97369  20.529  8.804  -24.311 0.0000000000
97370  20.193  8.212  -24.844 0.0000000000
96249  19.798  7.634  -24.717 0.0000000000
95081  19.647  7.360  -24.042 0.0000000000
96232  20.636  7.983  -23.626 0.0000000000
97350  22.333  8.563  -22.783 0.0000000000
96219  21.071  7.743  -22.845 0.0000000000
96218  21.857  7.918  -22.377 0.0000000000
96202  22.113  7.309  -21.667 0.0000000000
96217  22.685  7.908  -22.090 0.0000000000
74696  15.903  -11.145  -19.138 0.0000000000
76029  16.289  -10.554  -19.704 0.0000000000
74711  17.417  -11.149  -20.383 0.0000000000
74693  18.563  -12.079  -19.765 0.0000000000
77301  20.004  -9.710  -21.388 0.0000000000
77302  19.474  -9.695  -21.283 0.0000000000
76062  20.311  -10.216  -21.115 0.0000000000
76027  20.247  -10.915  -19.542 0.0000000000
74691  20.086  -11.402  -18.808 0.0000000000
74692  19.509  -11.821  -19.401 0.0000000000
73407  14.111  -12.150  -17.400 0.0000000000
73405  16.125  -13.176  -17.784 0.0000000000
73423  15.970  -12.487  -18.301 0.0000000000
73438  16.053  -12.028  -19.137 0.0000000000
90727  17.853  2.977  -26.295 0.0000000000
91832  19.440  3.489  -24.808 0.0000000000
90700  19.675  2.988  -24.267 0.0000000000
91823  19.604  3.577  -24.100 0.0000000000
92918  19.581  4.526  -23.995 0.0000000000
101317  18.120  11.893  -24.699 0.0000000000
101331  17.551  11.767  -25.556 0.0000000000
80736  20.582  -6.746  -22.926 0.0000000000
79642  22.569  -7.370  -23.220 0.0000000000
94043  15.520  5.354  -26.030 0.0000000000
70887  14.062  -14.817  -16.222 0.0000000000
70863  13.489  -14.451  -15.962 0.0000000000
69657  14.211  -15.233  -15.988 0.0000000000
69635  14.406  -15.587  -15.917 0.0000000000
67324  16.829  -17.657  -15.925 0.0000000000
67323  17.618  -17.539  -15.645 0.0000000000
78481  13.556  -8.225  -18.879 0.0000000000
79616  14.464  -7.002  -20.227 0.0000000000
82859  14.499  -4.502  -21.525 0.0000000000
82858  15.305  -4.736  -22.154 0.0000000000
81784  16.366  -5.180  -22.085 0.0000000000
81783  17.060  -5.409  -22.050 0.0000000000
81782  17.792  -5.608  -22.756 0.0000000000
82906  18.431  -3.960  -23.757 0.0000000000
87418  13.936  0.151  -22.732 0.0000000000
86348  15.192  -0.890  -23.601 0.0000000000
87432  17.846  -0.562  -25.812 0.0000000000
86365  18.522  -1.336  -25.453 0.0000000000
85203  19.087  -2.673  -25.011 0.0000000000
85195  19.759  -2.296  -24.809 0.0000000000
85194  20.452  -1.943  -24.480 0.0000000000
85175  21.324  -1.789  -23.645 0.0000000000
86336  22.008  -1.407  -22.489 0.0000000000
87381  22.094  -0.395  -21.998 0.0000000000
90669  21.113  3.007  -21.674 0.0000000000
90687  22.052  1.999  -21.431 0.0000000000
90647  23.011  2.871  -20.659 0.0000000000
90646  23.380  2.853  -20.841 0.0000000000
99435  16.935  10.020  -27.256 0.0000000000
98414  16.236  9.308  -26.438 0.0000000000
98426  16.474  9.413  -27.182 0.0000000000
97412  16.638  8.547  -27.515 0.0000000000
96301  16.503  7.663  -27.367 0.0000000000
95131  16.935  7.238  -27.207 0.0000000000
96299  17.909  8.103  -27.647 0.0000000000
99398  21.397  10.641  -24.470 0.0000000000
99399  20.797  10.197  -24.799 0.0000000000
98399  21.327  9.874  -23.953 0.0000000000
98385  21.097  9.308  -23.838 0.0000000000
97357  21.266  8.614  -23.498 0.0000000000
98372  22.253  9.090  -23.249 0.0000000000
76050  16.617  -10.015  -20.318 0.0000000000
76048  18.139  -10.557  -20.778 0.0000000000
77287  21.272  -9.926  -20.751 0.0000000000
76061  20.807  -10.430  -20.929 0.0000000000
76026  20.876  -10.277  -19.268 0.0000000000
72146  13.838  -13.898  -16.564 0.0000000000
70886  14.744  -14.567  -16.586 0.0000000000
69654  16.308  -15.282  -16.903 0.0000000000
70884  16.208  -14.677  -17.126 0.0000000000
70915  17.145  -14.514  -18.088 0.0000000000
72162  16.366  -13.718  -17.971 0.0000000000
70914  17.600  -14.289  -18.270 0.0000000000
82860  14.121  -4.007  -20.851 0.0000000000
84042  15.573  -3.808  -23.349 0.0000000000
89584  14.362  1.747  -23.669 0.0000000000
89594  14.750  1.240  -24.352 0.0000000000
89604  15.115  1.312  -24.695 0.0000000000
89602  16.487  1.296  -25.046 0.0000000000
89600  18.198  1.508  -25.984 0.0000000000
88442  18.004  0.430  -26.000 0.0000000000
88441  18.881  0.518  -25.641 0.0000000000
87403  20.761  0.168  -23.288 0.0000000000
88424  20.480  0.690  -23.699 0.0000000000
90689  20.684  2.658  -22.386 0.0000000000
90670  20.763  3.325  -22.167 0.0000000000
91790  21.272  3.769  -21.307 0.0000000000
92879  21.406  4.801  -20.974 0.0000000000
93965  21.905  5.677  -21.077 0.0000000000
99415  16.559  9.838  -25.828 0.0000000000
100405  17.299  11.287  -26.239 0.0000000000
99434  17.519  10.383  -27.673 0.0000000000
99433  18.135  10.456  -28.144 0.0000000000
99432  18.665  10.551  -27.552 0.0000000000
78511  20.381  -9.063  -21.641 0.0000000000
90702  13.801  2.387  -23.452 0.0000000000
90710  14.541  2.255  -24.055 0.0000000000
90709  15.056  2.554  -24.473 0.0000000000
91845  15.451  3.190  -24.893 0.0000000000
92938  14.797  3.972  -24.761 0.0000000000
91844  16.283  3.629  -25.736 0.0000000000
91843  16.966  3.428  -26.136 0.0000000000
91854  17.526  3.575  -26.304 0.0000000000
92947  17.911  4.431  -26.326 0.0000000000
68434  16.998  -16.292  -16.729 0.0000000000
69634  17.539  -16.254  -16.303 0.0000000000
69652  17.751  -15.346  -16.692 0.0000000000
81795  23.837  -5.118  -24.479 0.0000000000
76010  13.006  -9.744  -18.037 0.0000000000
76008  14.535  -10.525  -18.751 0.0000000000
77293  15.807  -9.034  -19.979 0.0000000000
77292  16.301  -9.176  -20.398 0.0000000000
78514  17.340  -8.003  -21.493 0.0000000000
80706  15.590  -6.701  -21.010 0.0000000000
78515  16.690  -7.714  -21.507 0.0000000000
79646  18.616  -7.244  -21.966 0.0000000000
80737  19.507  -6.468  -22.762 0.0000000000
81781  18.637  -5.869  -22.788 0.0000000000
80751  20.660  -6.153  -23.353 0.0000000000
80750  21.218  -5.971  -23.442 0.0000000000
81797  21.814  -5.607  -23.332 0.0000000000
85178  13.584  -1.923  -21.941 0.0000000000
85177  14.191  -2.329  -22.540 0.0000000000
85187  15.573  -3.100  -23.696 0.0000000000
84052  15.645  -3.747  -23.774 0.0000000000
88425  15.015  0.411  -23.935 0.0000000000
87426  15.515  -0.312  -23.799 0.0000000000
86359  15.657  -1.559  -23.932 0.0000000000
86368  16.390  -1.872  -24.615 0.0000000000
86369  15.909  -2.139  -24.052 0.0000000000
85215  14.798  -3.436  -25.961 0.0000000000
82923  14.570  -4.436  -25.477 0.0000000000
82908  16.350  -3.992  -24.132 0.0000000000
82907  17.353  -3.819  -23.912 0.0000000000
84058  19.316  -2.972  -24.770 0.0000000000
84041  19.731  -3.644  -23.875 0.0000000000
82905  19.249  -4.037  -23.789 0.0000000000
82887  21.189  -4.517  -23.551 0.0000000000
82886  22.309  -4.587  -23.534 0.0000000000
85173  22.628  -2.405  -22.457 0.0000000000
85172  24.274  -2.747  -22.499 0.0000000000
87382  21.615  0.100  -22.272 0.0000000000
89555  22.378  1.401  -21.402 0.0000000000
88395  23.418  0.584  -21.211 0.0000000000
97387  15.753  8.600  -26.268 0.0000000000
95132  16.470  7.003  -27.095 0.0000000000
95115  17.437  6.632  -26.805 0.0000000000
94041  17.275  5.483  -26.406 0.0000000000
94025  19.441  5.326  -26.017 0.0000000000
101344  19.061  12.168  -27.032 0.0000000000
102276  19.460  13.304  -26.605 0.0000000000
99426  19.311  10.614  -27.055 0.0000000000
100416  20.393  11.486  -26.328 0.0000000000
98424  19.526  9.740  -26.495 0.0000000000
97400  19.510  8.599  -26.163 0.0000000000
97385  20.218  8.864  -25.451 0.0000000000
97386  19.896  8.137  -25.363 0.0000000000
95096  19.484  6.473  -25.683 0.0000000000
95065  19.687  6.188  -23.601 0.0000000000
95045  20.888  6.705  -22.227 0.0000000000
95024  21.585  6.570  -21.553 0.0000000000
95023  22.451  6.432  -21.229 0.0000000000
96216  23.617  7.818  -21.834 0.0000000000
96200  23.892  6.888  -21.504 0.0000000000
76007  15.265  -10.907  -18.656 0.0000000000
74712  16.805  -10.767  -20.268 0.0000000000
73436  17.952  -12.933  -19.400 0.0000000000
73420  19.050  -13.197  -18.693 0.0000000000
78495  18.897  -9.326  -21.209 0.0000000000
77289  18.874  -9.808  -21.097 0.0000000000
76047  19.117  -10.678  -20.511 0.0000000000
76046  20.130  -10.618  -20.516 0.0000000000
74709  19.048  -11.435  -20.051 0.0000000000
73434  19.396  -12.548  -18.832 0.0000000000
73419  19.467  -12.749  -18.080 0.0000000000
80749  23.135  -6.755  -23.826 0.0000000000
79641  23.525  -7.341  -23.424 0.0000000000
70913  18.040  -14.131  -18.448 0.0000000000
72144  15.538  -13.967  -16.969 0.0000000000
73404  16.359  -13.387  -18.031 0.0000000000
79632  16.510  -7.131  -21.582 0.0000000000
79654  23.738  -7.084  -24.073 0.0000000000
80722  15.257  -6.264  -21.153 0.0000000000
80748  24.016  -6.086  -24.113 0.0000000000
80752  20.103  -6.299  -23.160 0.0000000000
80753  13.584  -5.915  -24.205 0.0000000000
80754  12.923  -5.859  -24.620 0.0000000000
80755  12.801  -5.411  -24.903 0.0000000000
80764  24.655  -5.795  -24.456 0.0000000000
80765  13.894  -5.750  -24.448 0.0000000000
80766  13.706  -5.738  -24.752 0.0000000000
80767  13.247  -5.409  -25.098 0.0000000000
80774  13.780  -5.407  -25.159 0.0000000000
80775  13.623  -5.222  -25.223 0.0000000000
81778  22.348  -6.007  -23.326 0.0000000000
81780  19.172  -5.809  -22.937 0.0000000000
81802  13.644  -5.473  -23.901 0.0000000000
81803  12.949  -5.511  -23.932 0.0000000000
81804  12.843  -5.166  -24.572 0.0000000000
81817  14.706  -4.631  -24.483 0.0000000000
81818  14.228  -5.340  -24.408 0.0000000000
81819  14.164  -5.485  -25.009 0.0000000000
81820  12.961  -4.942  -25.081 0.0000000000
81828  14.904  -4.699  -24.728 0.0000000000
81829  14.635  -5.034  -25.077 0.0000000000
81830  14.040  -5.101  -25.395 0.0000000000
81831  13.462  -4.903  -25.299 0.0000000000
82871  17.614  -5.187  -23.028 0.0000000000
82893  13.915  -5.097  -24.004 0.0000000000
82894  13.489  -4.958  -23.958 0.0000000000
82895  13.029  -4.854  -24.225 0.0000000000
82909  15.127  -4.070  -24.598 0.0000000000
82910  14.253  -4.446  -24.278 0.0000000000
82911  13.490  -4.340  -24.318 0.0000000000
82912  13.097  -4.428  -24.784 0.0000000000
82921  16.069  -4.040  -24.770 0.0000000000
82922  15.219  -4.144  -25.008 0.0000000000
82924  13.869  -4.466  -25.717 0.0000000000
82925  13.314  -4.284  -25.438 0.0000000000
82931  16.443  -3.284  -24.743 0.0000000000
82932  16.187  -3.344  -24.919 0.0000000000
82933  15.094  -3.685  -25.303 0.0000000000
82934  14.462  -3.968  -26.025 0.0000000000
82935  13.717  -3.894  -25.995 0.0000000000
82936  13.500  -3.759  -25.555 0.0000000000
84049  19.053  -3.425  -24.253 0.0000000000
84053  14.991  -3.494  -24.735 0.0000000000
84054  14.103  -3.642  -24.375 0.0000000000
84055  13.446  -3.847  -24.691 0.0000000000
84060  17.826  -2.814  -24.792 0.0000000000
84062  15.662  -2.960  -25.167 0.0000000000
84063  15.556  -3.246  -25.095 0.0000000000
84064  13.736  -3.439  -24.889 0.0000000000
84065  13.396  -3.767  -25.229 0.0000000000
84072  15.913  -2.902  -25.138 0.0000000000
84073  15.266  -3.396  -25.639 0.0000000000
84074  14.314  -3.524  -25.866 0.0000000000
84075  13.795  -3.475  -25.481 0.0000000000
84076  13.568  -3.635  -25.459 0.0000000000
85196  19.040  -1.819  -25.209 0.0000000000
85197  15.319  -2.985  -23.725 0.0000000000
85198  15.249  -2.918  -23.742 0.0000000000
85206  16.576  -2.563  -25.030 0.0000000000
85208  15.031  -3.329  -25.148 0.0000000000
85209  14.786  -3.483  -24.852 0.0000000000
85210  14.210  -3.253  -24.896 0.0000000000
85213  16.296  -3.005  -25.105 0.0000000000
85214  16.126  -2.851  -24.894 0.0000000000
85216  14.444  -3.373  -25.524 0.0000000000
85217  13.882  -3.243  -25.202 0.0000000000
86335  22.480  -1.809  -22.180 0.0000000000
86337  21.458  -1.291  -23.284 0.0000000000
86346  21.008  -1.269  -24.042 0.0000000000
86358  16.042  -1.128  -24.130 0.0000000000
87401  21.948  -0.772  -22.394 0.0000000000
87417  14.531  -0.223  -23.167 0.0000000000
87424  19.401  -0.354  -24.996 0.0000000000
87425  15.984  -0.173  -24.055 0.0000000000
88397  21.778  0.512  -21.912 0.0000000000
88435  15.401  0.589  -24.285 0.0000000000
88436  14.825  0.726  -24.189 0.0000000000
89572  21.869  1.769  -21.568 0.0000000000
89591  20.229  1.471  -24.255 0.0000000000
89593  15.126  0.996  -24.650 0.0000000000
89603  15.604  1.144  -24.696 0.0000000000
89609  15.101  1.478  -24.837 0.0000000000
90701  14.266  2.210  -23.634 0.0000000000
90707  20.200  1.994  -24.039 0.0000000000
90711  14.165  2.448  -23.702 0.0000000000
90719  15.534  1.834  -24.832 0.0000000000
90720  15.024  1.720  -24.662 0.0000000000
90726  18.050  3.161  -26.313 0.0000000000
91810  20.456  3.805  -22.580 0.0000000000
91814  13.051  3.926  -22.771 0.0000000000
91846  14.983  3.451  -24.520 0.0000000000
97356  21.908  8.765  -23.286 0.0000000000
97403  15.485  8.047  -26.911 0.0000000000
98386  17.995  9.823  -24.364 0.0000000000
98413  20.551  9.654  -25.060 0.0000000000
99412  21.101  11.091  -25.145 0.0000000000
100426  18.356  11.264  -27.659 0.0000000000
