#!ascii label  , from subject sub.01.bl.02 vox2ras=TkReg
314
19121  31.129  -58.030  6.551 0.0000000000
12490  28.467  -64.170  -0.590 0.0000000000
16150  36.662  -60.451  2.288 0.0000000000
19230  30.355  -58.505  0.696 0.0000000000
12530  34.933  -64.434  -2.522 0.0000000000
15293  36.792  -61.665  -0.657 0.0000000000
12476  36.801  -64.132  0.711 0.0000000000
15298  29.699  -61.468  -0.231 0.0000000000
17129  25.795  -59.169  1.200 0.0000000000
17084  34.293  -59.673  4.188 0.0000000000
16165  33.082  -60.579  1.489 0.0000000000
16202  32.947  -61.067  -1.235 0.0000000000
13466  32.425  -63.885  -0.981 0.0000000000
10047  33.300  -67.421  -0.496 0.0000000000
22339  32.468  -54.825  5.546 0.0000000000
19133  34.735  -57.520  5.928 0.0000000000
18065  37.722  -58.644  4.777 0.0000000000
19159  26.677  -57.290  3.588 0.0000000000
13429  37.601  -63.325  0.558 0.0000000000
13445  29.210  -63.464  -0.214 0.0000000000
15300  27.474  -61.671  0.174 0.0000000000
17100  35.187  -59.868  3.616 0.0000000000
16152  34.668  -60.657  2.319 0.0000000000
13483  36.264  -62.735  -2.340 0.0000000000
15314  34.435  -61.175  -1.878 0.0000000000
14427  34.707  -62.641  -2.842 0.0000000000
14406  32.319  -62.515  -1.579 0.0000000000
13501  33.758  -64.542  -2.900 0.0000000000
10871  31.980  -67.207  -1.187 0.0000000000
19117  37.093  -57.374  6.540 0.0000000000
18049  36.221  -58.182  5.451 0.0000000000
19129  38.684  -57.979  5.881 0.0000000000
19189  30.295  -58.463  1.832 0.0000000000
19192  28.116  -58.075  2.068 0.0000000000
19232  25.565  -57.527  -0.710 0.0000000000
20239  24.711  -56.326  0.654 0.0000000000
15264  38.370  -61.118  0.972 0.0000000000
15266  36.275  -61.118  0.711 0.0000000000
15279  38.060  -61.688  0.213 0.0000000000
13439  37.416  -63.094  -0.470 0.0000000000
12485  35.981  -64.263  -0.615 0.0000000000
17151  30.133  -59.497  -0.152 0.0000000000
18138  28.470  -59.013  1.027 0.0000000000
16179  27.441  -60.363  0.957 0.0000000000
16195  25.527  -60.301  -0.099 0.0000000000
11680  28.512  -64.796  -2.145 0.0000000000
18053  32.127  -59.128  5.516 0.0000000000
17114  31.539  -59.766  2.564 0.0000000000
17136  31.770  -59.288  0.326 0.0000000000
15268  34.763  -61.074  0.484 0.0000000000
16188  33.445  -60.998  -0.568 0.0000000000
17149  31.794  -59.658  -0.406 0.0000000000
16204  31.429  -60.996  -0.870 0.0000000000
14384  31.021  -62.880  -0.299 0.0000000000
13444  30.235  -63.697  -0.017 0.0000000000
10880  34.210  -65.866  -1.850 0.0000000000
11662  33.183  -65.684  -1.419 0.0000000000
11649  31.418  -65.892  -0.294 0.0000000000
11651  29.936  -65.633  -0.469 0.0000000000
22341  30.578  -54.542  5.227 0.0000000000
20161  31.755  -56.400  5.989 0.0000000000
21182  34.011  -56.258  6.236 0.0000000000
19135  33.191  -57.466  6.117 0.0000000000
18051  34.236  -58.247  5.516 0.0000000000
17083  35.398  -59.396  4.296 0.0000000000
17098  37.084  -59.631  3.701 0.0000000000
16122  39.670  -60.024  4.044 0.0000000000
16148  38.632  -60.506  2.562 0.0000000000
18106  26.066  -58.000  2.422 0.0000000000
20151  30.865  -56.853  6.468 0.0000000000
20152  29.774  -56.701  6.625 0.0000000000
19122  30.168  -57.661  6.515 0.0000000000
13446  28.261  -63.244  -0.419 0.0000000000
16137  35.887  -60.150  2.982 0.0000000000
16138  35.002  -60.320  3.048 0.0000000000
16151  35.661  -60.540  2.272 0.0000000000
13464  36.108  -63.419  -1.979 0.0000000000
14426  35.678  -62.373  -2.703 0.0000000000
13484  35.427  -63.397  -2.577 0.0000000000
13485  34.272  -63.875  -2.974 0.0000000000
12531  34.271  -64.770  -2.943 0.0000000000
9309  32.413  -68.586  -1.314 0.0000000000
19130  37.685  -57.735  5.879 0.0000000000
19207  30.548  -58.432  1.014 0.0000000000
19190  29.858  -57.926  1.816 0.0000000000
19208  29.857  -58.150  1.133 0.0000000000
20251  25.310  -56.515  -0.313 0.0000000000
14371  38.551  -62.483  0.706 0.0000000000
12475  37.184  -63.843  1.133 0.0000000000
13430  37.056  -63.628  0.004 0.0000000000
13440  36.849  -63.606  -0.797 0.0000000000
12484  36.581  -64.068  -0.042 0.0000000000
16192  29.309  -60.419  0.031 0.0000000000
16177  28.931  -59.925  0.292 0.0000000000
15284  28.382  -60.866  0.298 0.0000000000
15301  26.391  -61.509  0.080 0.0000000000
15320  25.591  -60.782  -0.564 0.0000000000
17153  25.471  -59.397  -0.521 0.0000000000
17066  32.795  -59.131  5.214 0.0000000000
17067  32.548  -59.447  5.027 0.0000000000
17085  33.102  -59.640  4.612 0.0000000000
17123  31.979  -59.903  1.536 0.0000000000
15280  37.054  -61.412  0.019 0.0000000000
15267  35.320  -61.045  0.606 0.0000000000
15281  36.069  -61.427  -0.033 0.0000000000
16201  33.675  -61.018  -1.425 0.0000000000
16187  34.062  -61.018  -1.193 0.0000000000
16189  32.328  -60.336  -0.496 0.0000000000
16190  31.610  -60.212  -0.703 0.0000000000
16203  32.129  -60.901  -1.152 0.0000000000
14405  33.053  -63.253  -1.927 0.0000000000
14407  31.463  -62.298  -0.976 0.0000000000
13467  31.707  -63.088  -0.830 0.0000000000
13443  31.334  -63.972  -0.229 0.0000000000
9259  33.297  -68.613  2.413 0.0000000000
10033  33.341  -67.590  0.601 0.0000000000
10843  33.597  -67.055  0.035 0.0000000000
10869  33.549  -66.409  -1.373 0.0000000000
11678  33.615  -65.651  -1.922 0.0000000000
10856  32.221  -66.226  -0.880 0.0000000000
10858  30.897  -66.581  -0.374 0.0000000000
11650  30.685  -65.765  -0.175 0.0000000000
10859  30.259  -66.429  -0.535 0.0000000000
23437  31.414  -53.670  4.843 0.0000000000
22340  31.602  -54.693  5.103 0.0000000000
21185  31.709  -55.524  5.591 0.0000000000
21184  32.560  -55.743  5.815 0.0000000000
20157  35.017  -57.030  6.296 0.0000000000
20148  34.898  -56.514  6.478 0.0000000000
20158  34.386  -56.735  6.236 0.0000000000
20159  33.614  -56.755  6.158 0.0000000000
19134  33.889  -57.528  6.016 0.0000000000
18050  35.224  -58.191  5.468 0.0000000000
18066  36.778  -58.777  4.932 0.0000000000
18067  35.781  -58.830  4.949 0.0000000000
17081  37.366  -59.209  4.332 0.0000000000
15237  40.233  -61.140  4.090 0.0000000000
16133  39.866  -60.806  3.592 0.0000000000
16134  38.931  -60.194  3.483 0.0000000000
17127  27.321  -59.603  1.468 0.0000000000
18120  26.915  -58.960  2.001 0.0000000000
18121  25.944  -58.477  1.860 0.0000000000
20222  24.601  -56.156  1.671 0.0000000000
14386  28.956  -62.418  -0.173 0.0000000000
15299  28.548  -61.384  0.069 0.0000000000
16124  33.552  -60.053  3.940 0.0000000000
16139  34.115  -60.241  3.283 0.0000000000
16164  34.327  -61.008  1.229 0.0000000000
14403  36.903  -62.002  -2.034 0.0000000000
14383  36.223  -61.575  -1.432 0.0000000000
15312  36.315  -61.743  -2.329 0.0000000000
15334  35.132  -61.772  -2.551 0.0000000000
15335  34.078  -61.839  -2.550 0.0000000000
15316  32.654  -61.580  -1.739 0.0000000000
14428  33.604  -62.815  -2.689 0.0000000000
13465  33.180  -64.135  -1.709 0.0000000000
10068  33.013  -67.583  -1.302 0.0000000000
10084  32.953  -68.009  -1.496 0.0000000000
10069  32.267  -67.771  -1.351 0.0000000000
19132  35.663  -57.506  5.992 0.0000000000
19131  36.692  -57.668  5.923 0.0000000000
18048  37.222  -58.222  5.413 0.0000000000
18047  38.219  -58.191  5.243 0.0000000000
19175  28.302  -57.671  2.812 0.0000000000
19176  27.265  -57.716  2.825 0.0000000000
18139  25.283  -58.494  0.416 0.0000000000
18122  25.353  -58.462  1.027 0.0000000000
19211  25.138  -57.630  0.361 0.0000000000
16161  37.513  -60.738  1.579 0.0000000000
16162  36.468  -60.790  1.503 0.0000000000
15265  37.325  -61.097  0.769 0.0000000000
15292  37.467  -61.887  -0.376 0.0000000000
14372  37.759  -62.465  -0.089 0.0000000000
14381  37.323  -62.268  -1.037 0.0000000000
13462  37.233  -62.972  -1.171 0.0000000000
13441  36.243  -63.658  -1.335 0.0000000000
18158  29.836  -58.958  0.286 0.0000000000
18137  29.183  -58.786  0.682 0.0000000000
17152  29.358  -59.499  0.261 0.0000000000
17139  27.883  -59.607  1.027 0.0000000000
16167  26.974  -60.118  1.354 0.0000000000
15286  27.113  -61.094  0.619 0.0000000000
16180  26.461  -60.500  0.872 0.0000000000
17141  25.914  -59.827  1.009 0.0000000000
18159  25.356  -58.497  -0.186 0.0000000000
18176  25.656  -58.510  -0.976 0.0000000000
12509  28.734  -64.830  -1.001 0.0000000000
18042  31.734  -58.565  6.197 0.0000000000
19136  30.412  -58.390  6.244 0.0000000000
18054  30.982  -58.976  5.857 0.0000000000
19206  30.714  -58.735  1.285 0.0000000000
18135  31.142  -58.716  0.417 0.0000000000
15295  34.633  -61.264  -0.801 0.0000000000
15296  33.960  -61.279  -0.166 0.0000000000
16175  33.576  -61.060  0.470 0.0000000000
16176  32.659  -60.385  0.446 0.0000000000
17150  31.183  -59.253  -0.376 0.0000000000
16191  30.616  -60.531  -0.551 0.0000000000
15297  30.605  -61.557  -0.514 0.0000000000
15317  31.825  -61.612  -1.315 0.0000000000
15318  31.210  -61.616  -0.845 0.0000000000
14408  30.917  -62.131  -0.519 0.0000000000
14385  30.083  -62.507  -0.243 0.0000000000
12489  29.409  -64.649  -0.371 0.0000000000
11646  35.418  -65.109  -0.039 0.0000000000
10023  33.356  -67.990  1.709 0.0000000000
11647  34.845  -65.611  -0.534 0.0000000000
11661  34.762  -65.479  -1.464 0.0000000000
11693  34.005  -65.484  -2.974 0.0000000000
12532  33.481  -64.912  -2.148 0.0000000000
12507  32.914  -64.879  -1.278 0.0000000000
10870  32.592  -66.675  -1.122 0.0000000000
11663  32.564  -65.719  -0.989 0.0000000000
12508  32.325  -65.031  -0.693 0.0000000000
12487  31.278  -65.065  -0.133 0.0000000000
12488  30.450  -64.814  -0.052 0.0000000000
11664  29.265  -65.558  -1.182 0.0000000000
23439  29.347  -53.386  5.451 0.0000000000
23438  30.314  -53.528  4.936 0.0000000000
22342  29.500  -54.487  5.784 0.0000000000
21187  30.081  -55.193  5.844 0.0000000000
20162  31.077  -56.038  5.945 0.0000000000
20150  31.775  -57.257  6.373 0.0000000000
21165  34.455  -55.825  6.604 0.0000000000
21183  33.503  -55.922  6.120 0.0000000000
20160  32.657  -56.839  6.110 0.0000000000
19120  32.014  -57.951  6.450 0.0000000000
18040  32.722  -58.222  6.063 0.0000000000
18069  33.762  -58.993  5.038 0.0000000000
18068  34.764  -58.908  4.937 0.0000000000
17099  36.110  -59.724  3.659 0.0000000000
16136  36.856  -59.971  2.969 0.0000000000
17097  38.029  -59.614  3.801 0.0000000000
16135  37.864  -60.031  3.128 0.0000000000
16149  37.676  -60.364  2.352 0.0000000000
19210  28.678  -58.357  1.301 0.0000000000
19193  27.373  -58.381  2.222 0.0000000000
19177  26.105  -57.498  2.981 0.0000000000
19195  24.945  -57.429  1.721 0.0000000000
19178  25.275  -57.269  2.693 0.0000000000
8448  33.427  -68.891  2.862 0.0000000000
9327  33.015  -68.267  -1.292 0.0000000000
9328  32.820  -68.287  -1.450 0.0000000000
10085  32.691  -67.987  -1.462 0.0000000000
10857  31.691  -66.687  -0.769 0.0000000000
10868  34.243  -65.993  -0.981 0.0000000000
10881  33.796  -65.961  -2.216 0.0000000000
10894  34.149  -65.787  -2.481 0.0000000000
10895  33.859  -65.788  -2.644 0.0000000000
11648  32.032  -65.819  -0.605 0.0000000000
11665  28.719  -65.052  -1.605 0.0000000000
11676  35.103  -64.903  -1.867 0.0000000000
11677  34.546  -65.297  -2.368 0.0000000000
11694  33.709  -65.496  -2.501 0.0000000000
12486  31.806  -65.289  -0.362 0.0000000000
12551  33.869  -64.919  -3.195 0.0000000000
12552  33.687  -65.097  -2.828 0.0000000000
13442  31.872  -64.634  -0.399 0.0000000000
13447  27.419  -63.086  -0.536 0.0000000000
13463  36.776  -63.051  -1.678 0.0000000000
13486  33.530  -63.913  -2.475 0.0000000000
13500  34.017  -64.519  -3.180 0.0000000000
14382  36.661  -61.721  -1.309 0.0000000000
14402  37.089  -62.585  -1.506 0.0000000000
14404  36.458  -61.606  -1.685 0.0000000000
14425  36.314  -62.093  -2.535 0.0000000000
14429  33.009  -62.487  -2.127 0.0000000000
15282  35.156  -61.270  -0.064 0.0000000000
15283  34.377  -61.237  0.214 0.0000000000
15285  27.892  -60.972  0.447 0.0000000000
15294  35.882  -61.622  -0.875 0.0000000000
15302  25.717  -61.038  -0.218 0.0000000000
15313  35.826  -61.442  -1.851 0.0000000000
15315  33.474  -61.282  -1.997 0.0000000000
15333  35.925  -61.771  -2.554 0.0000000000
15336  33.250  -61.971  -2.261 0.0000000000
15337  32.773  -62.096  -2.022 0.0000000000
16123  39.139  -59.820  4.012 0.0000000000
16125  33.097  -60.125  4.021 0.0000000000
16132  40.218  -60.906  3.925 0.0000000000
16166  27.285  -60.034  1.273 0.0000000000
16178  28.395  -60.305  0.461 0.0000000000
16181  25.784  -60.205  0.573 0.0000000000
16193  28.671  -60.755  0.217 0.0000000000
16194  25.884  -60.791  0.326 0.0000000000
16205  30.973  -61.166  -0.720 0.0000000000
16207  25.551  -60.274  -0.915 0.0000000000
17080  38.266  -59.129  4.293 0.0000000000
17082  36.402  -59.317  4.357 0.0000000000
17101  34.619  -60.024  3.540 0.0000000000
17126  27.665  -59.370  1.343 0.0000000000
17128  26.456  -59.562  1.444 0.0000000000
17137  31.351  -58.870  0.056 0.0000000000
17138  28.697  -59.507  0.590 0.0000000000
17140  27.480  -59.912  1.183 0.0000000000
17142  25.481  -59.327  0.448 0.0000000000
18041  32.396  -58.381  6.083 0.0000000000
18052  33.106  -58.431  5.754 0.0000000000
18070  33.174  -59.043  5.156 0.0000000000
18105  26.610  -58.179  2.409 0.0000000000
18116  31.139  -59.225  1.416 0.0000000000
18119  27.817  -58.912  1.563 0.0000000000
18134  31.122  -58.770  0.839 0.0000000000
18136  29.871  -58.477  0.631 0.0000000000
18156  31.071  -58.724  0.080 0.0000000000
18157  30.511  -58.764  0.175 0.0000000000
19119  32.639  -57.823  6.203 0.0000000000
19191  29.053  -57.708  1.722 0.0000000000
19194  25.617  -57.793  2.383 0.0000000000
19209  29.327  -58.130  0.987 0.0000000000
19229  30.791  -58.608  0.455 0.0000000000
19256  25.927  -57.791  -1.361 0.0000000000
20149  32.264  -57.464  6.301 0.0000000000
21186  30.863  -55.349  5.610 0.0000000000
