#!ascii label  , from subject sub.01.bl.02 vox2ras=TkReg
2080
5427  27.028  -73.278  -3.284 0.2000000030
5440  27.847  -73.470  -3.819 0.2000000030
5473  27.559  -72.998  -5.658 0.2000000030
6136  27.362  -72.743  -2.674 0.2000000030
7797  26.414  -70.596  -5.267 0.1000000015
6135  28.376  -72.836  -2.580 0.3000000119
5456  27.774  -73.290  -5.103 0.2000000030
6189  26.449  -72.639  -5.326 0.1000000015
5458  25.973  -73.230  -4.379 0.2000000030
6204  27.734  -71.982  -6.259 0.1000000015
6997  27.254  -71.416  -5.883 0.1000000015
7817  27.997  -70.400  -6.549 0.1000000015
8592  28.679  -69.212  -6.931 0.1000000015
8574  27.362  -69.025  -5.803 0.1000000015
10162  29.600  -67.461  -7.368 0.1000000015
9400  27.985  -68.334  -6.214 0.1000000015
10146  28.407  -67.228  -6.354 0.1000000015
10971  30.239  -66.170  -8.081 0.2000000030
10929  28.740  -66.205  -6.560 0.1000000015
7815  29.536  -70.681  -6.856 0.1000000015
7814  30.154  -69.984  -7.291 0.1000000015
6187  28.162  -72.438  -5.857 0.2000000030
7816  28.722  -70.359  -6.886 0.1000000015
7016  28.817  -71.469  -6.507 0.1000000015
7017  28.012  -71.174  -6.449 0.1000000015
9418  29.141  -68.905  -7.304 0.1000000015
10182  30.004  -67.301  -7.905 0.1000000015
11784  31.415  -64.957  -9.472 0.2000000030
10970  30.822  -66.071  -8.831 0.2000000030
13617  31.766  -63.353  -9.997 0.1000000015
11762  30.364  -65.198  -8.434 0.2000000030
14559  32.119  -62.525  -10.348 0.2000000030
14560  31.314  -62.451  -10.698 0.1000000015
15464  31.381  -61.383  -11.090 0.1000000015
8610  29.988  -69.376  -7.939 0.1000000015
8627  30.510  -68.932  -8.014 0.1000000015
9417  29.633  -68.427  -7.689 0.1000000015
15450  32.535  -61.579  -10.442 0.2000000030
17279  32.310  -59.742  -10.751 0.2000000030
15463  32.028  -61.203  -10.833 0.2000000030
16341  31.873  -60.636  -11.011 0.1000000015
16342  31.232  -60.737  -11.123 0.2000000030
8628  30.268  -68.661  -8.116 0.1000000015
9434  30.858  -68.201  -8.404 0.1000000015
10181  30.716  -67.135  -8.523 0.1000000015
10201  31.760  -66.553  -9.322 0.2000000030
13615  32.821  -63.356  -9.678 0.2000000030
12673  32.126  -64.004  -10.045 0.3000000119
18310  32.312  -58.928  -10.607 0.3000000119
17280  31.699  -59.639  -10.813 0.2000000030
17281  30.963  -59.748  -10.416 0.2000000030
15453  29.837  -61.328  -10.536 0.2000000030
14558  32.711  -62.513  -9.998 0.3000000119
11798  32.410  -64.740  -10.007 0.2000000030
18309  33.076  -58.689  -10.593 0.3000000119
19391  32.766  -57.967  -10.746 0.3000000119
21439  32.455  -56.443  -10.414 0.3000000119
19392  32.130  -58.289  -10.361 0.3000000119
18299  31.547  -58.591  -9.940 0.2000000030
16326  30.461  -60.193  -10.077 0.2000000030
15439  29.787  -61.089  -9.956 0.2000000030
20409  34.050  -56.333  -11.086 0.4000000060
18308  34.249  -58.413  -10.220 0.3000000119
19390  33.673  -57.601  -10.770 0.3000000119
16333  32.998  -60.593  -10.000 0.2000000030
17278  33.092  -59.486  -10.122 0.2000000030
19379  31.800  -57.727  -9.880 0.3000000119
18300  30.832  -59.058  -9.582 0.2000000030
19380  31.193  -58.108  -9.406 0.2000000030
17273  30.123  -59.610  -9.151 0.2000000030
21437  33.885  -55.484  -11.098 0.3000000119
20410  33.044  -56.898  -10.830 0.3000000119
21430  31.397  -56.379  -9.429 0.2000000030
19367  30.176  -57.570  -8.393 0.2000000030
20385  30.863  -56.805  -8.881 0.2000000030
19368  29.476  -58.177  -8.044 0.1000000015
18289  30.538  -58.362  -8.969 0.2000000030
17266  29.267  -59.533  -8.257 0.2000000030
18290  29.829  -58.844  -8.568 0.2000000030
16318  29.694  -60.142  -9.025 0.2000000030
23693  33.210  -54.171  -10.498 0.3000000119
22567  32.533  -54.521  -10.095 0.3000000119
21438  33.081  -55.678  -10.704 0.3000000119
23670  31.688  -53.413  -8.979 0.2000000030
21414  31.621  -55.035  -9.333 0.3000000119
22554  31.424  -54.372  -9.030 0.2000000030
21429  31.996  -55.554  -9.932 0.3000000119
21415  31.091  -55.607  -8.874 0.1000000015
20386  30.365  -56.480  -8.305 0.1000000015
19333  28.711  -57.324  -7.149 0.1000000015
19352  29.435  -57.315  -7.731 0.1000000015
21397  29.489  -55.605  -7.682 0.1000000015
17259  28.882  -59.207  -7.819 0.1000000015
24830  33.321  -53.426  -10.415 0.3000000119
23684  32.216  -53.743  -9.526 0.2000000030
24806  31.746  -52.391  -8.634 0.2000000030
24788  31.363  -51.698  -7.940 0.2000000030
25996  31.119  -51.263  -7.207 0.1000000015
23671  30.911  -53.604  -8.545 0.1000000015
24789  30.741  -52.127  -7.662 0.1000000015
24807  30.388  -52.974  -8.010 0.1000000015
22555  30.546  -54.663  -8.420 0.1000000015
20371  29.106  -56.441  -7.410 0.1000000015
20354  28.475  -56.465  -6.856 0.1000000015
24805  32.528  -52.032  -9.268 0.2000000030
25997  30.221  -51.870  -6.886 0.1000000015
25998  29.710  -52.269  -6.624 0.1000000015
24808  29.788  -53.363  -7.561 0.1000000015
23654  29.240  -53.846  -7.023 0.1000000015
23672  29.941  -53.991  -7.923 0.1000000015
23655  28.649  -54.246  -6.587 0.1000000015
21398  28.843  -55.601  -7.204 0.1000000015
22540  29.299  -54.772  -7.498 0.1000000015
25962  29.566  -51.387  -5.360 0.1000000015
22530  28.169  -54.708  -6.367 0.1000000015
21384  28.236  -55.594  -6.608 0.1000000015
25961  30.212  -51.127  -5.694 0.1000000015
9399  29.042  -68.242  -6.810 0.1000000015
7836  29.347  -70.255  -7.300 0.1000000015
13599  31.241  -63.619  -9.740 0.1000000015
17067  32.548  -59.447  5.027 0.5000000000
18069  33.762  -58.993  5.038 0.5000000000
18053  32.127  -59.128  5.516 0.5000000000
18054  30.982  -58.976  5.857 0.5000000000
18055  30.278  -58.619  5.687 0.5000000000
19132  35.663  -57.506  5.992 0.2000000030
18049  36.221  -58.182  5.451 0.2000000030
19133  34.735  -57.520  5.928 0.3000000119
18050  35.224  -58.191  5.468 0.3000000119
18051  34.236  -58.247  5.516 0.5000000000
18040  32.722  -58.222  6.063 0.5000000000
19120  32.014  -57.951  6.450 0.5000000000
18042  31.734  -58.565  6.197 0.5000000000
19121  31.129  -58.030  6.551 0.5000000000
19136  30.412  -58.390  6.244 0.5000000000
18072  30.404  -58.861  4.872 0.5000000000
18073  29.942  -58.512  5.255 0.5000000000
19155  29.973  -58.667  3.864 0.5000000000
19206  30.714  -58.735  1.285 0.5000000000
20157  35.017  -57.030  6.296 0.3000000119
20158  34.386  -56.735  6.236 0.3000000119
19135  33.191  -57.466  6.117 0.5000000000
19122  30.168  -57.661  6.515 0.5000000000
19137  29.686  -58.257  5.982 0.5000000000
19146  29.414  -58.269  4.894 0.5000000000
19156  29.197  -57.988  3.740 0.5000000000
16203  32.129  -60.901  -1.152 0.4000000060
16190  31.610  -60.212  -0.703 0.5000000000
17149  31.794  -59.658  -0.406 0.5000000000
18135  31.142  -58.716  0.417 0.5000000000
19189  30.295  -58.463  1.832 0.5000000000
15317  31.825  -61.612  -1.315 0.4000000060
19118  36.226  -57.384  6.423 0.3000000119
20148  34.898  -56.514  6.478 0.4000000060
21182  34.011  -56.258  6.236 0.4000000060
20160  32.657  -56.839  6.110 0.5000000000
20161  31.755  -56.400  5.989 0.5000000000
20150  31.775  -57.257  6.373 0.5000000000
20151  30.865  -56.853  6.468 0.5000000000
20162  31.077  -56.038  5.945 0.5000000000
21167  30.324  -55.934  6.228 0.5000000000
20152  29.774  -56.701  6.625 0.5000000000
20153  28.790  -56.627  6.756 0.5000000000
19147  28.541  -57.816  4.767 0.5000000000
19174  29.157  -57.673  2.717 0.6000000238
17150  31.183  -59.253  -0.376 0.5000000000
19207  30.548  -58.432  1.014 0.5000000000
19190  29.858  -57.926  1.816 0.5000000000
14405  33.053  -63.253  -1.927 0.4000000060
14406  32.319  -62.515  -1.579 0.4000000060
16204  31.429  -60.996  -0.870 0.5000000000
17023  36.468  -59.687  9.723 0.1000000015
18027  35.364  -59.279  9.241 0.1000000015
18006  34.815  -58.798  8.925 0.1000000015
18005  35.713  -58.457  8.609 0.1000000015
19081  35.139  -57.912  8.478 0.1000000015
19082  34.253  -57.656  8.757 0.1000000015
19080  35.866  -57.865  8.261 0.1000000015
19099  34.898  -57.233  8.459 0.1000000015
20130  34.492  -56.669  8.559 0.1000000015
20138  36.262  -57.257  7.148 0.2000000030
20128  35.460  -56.957  7.767 0.1000000015
20147  35.444  -56.952  6.672 0.3000000119
21165  34.455  -55.825  6.604 0.4000000060
21166  33.759  -55.375  6.422 0.4000000060
21184  32.560  -55.743  5.815 0.4000000060
21185  31.709  -55.524  5.591 0.5000000000
21187  30.081  -55.193  5.844 0.5000000000
22322  29.121  -54.890  6.245 0.5000000000
21168  29.306  -55.515  6.424 0.5000000000
19230  30.355  -58.505  0.696 0.5000000000
14407  31.463  -62.298  -0.976 0.4000000060
12507  32.914  -64.879  -1.278 0.5000000000
16061  36.076  -61.730  12.461 0.1000000015
16046  36.684  -61.266  11.529 0.1000000015
16992  36.503  -60.578  10.753 0.1000000015
17011  36.062  -60.072  10.278 0.1000000015
17044  35.453  -59.484  9.493 0.1000000015
17025  34.944  -59.583  9.560 0.1000000015
18007  33.615  -58.550  9.174 0.1000000015
16993  35.509  -60.465  10.819 0.1000000015
17012  35.159  -60.062  10.212 0.1000000015
23385  32.838  -53.468  8.107 0.2000000030
23386  32.237  -53.135  8.669 0.2000000030
19097  35.973  -57.440  7.751 0.1000000015
19098  35.413  -57.332  8.158 0.1000000015
20129  35.085  -56.698  8.167 0.1000000015
21142  34.034  -55.968  8.543 0.1000000015
23384  33.345  -54.271  7.904 0.2000000030
21140  35.206  -56.368  7.629 0.2000000030
21141  34.688  -55.953  8.146 0.1000000015
22320  34.273  -55.295  7.306 0.2000000030
23401  33.205  -53.692  7.225 0.2000000030
24474  32.367  -52.654  8.032 0.2000000030
21154  34.781  -55.736  7.435 0.2000000030
22321  33.748  -54.976  6.891 0.2000000030
22338  33.200  -55.003  6.178 0.3000000119
23436  32.476  -53.778  5.268 0.3000000119
23437  31.414  -53.670  4.843 0.4000000060
22341  30.578  -54.542  5.227 0.5000000000
19175  28.302  -57.671  2.812 0.5000000000
22342  29.500  -54.487  5.784 0.4000000060
18120  26.915  -58.960  2.001 0.5000000000
19193  27.373  -58.381  2.222 0.5000000000
19176  27.265  -57.716  2.825 0.5000000000
18138  28.470  -59.013  1.027 0.5000000000
19210  28.678  -58.357  1.301 0.5000000000
19192  28.116  -58.075  2.068 0.5000000000
20154  27.833  -56.802  6.618 0.5000000000
21169  28.209  -55.734  6.786 0.5000000000
17151  30.133  -59.497  -0.152 0.5000000000
17152  29.358  -59.499  0.261 0.5000000000
18137  29.183  -58.786  0.682 0.5000000000
19158  27.434  -57.367  3.792 0.5000000000
15318  31.210  -61.616  -0.845 0.5000000000
16191  30.616  -60.531  -0.551 0.5000000000
19208  29.857  -58.150  1.133 0.5000000000
19157  28.421  -57.561  3.726 0.6000000238
18158  29.836  -58.958  0.286 0.5000000000
13466  32.425  -63.885  -0.981 0.4000000060
15155  35.433  -61.813  13.128 0.1000000015
16047  35.836  -61.406  11.942 0.1000000015
16957  35.157  -61.120  11.779 0.1000000015
16976  33.901  -60.613  11.532 0.1000000015
16960  32.165  -60.628  12.628 0.1000000015
16974  35.876  -60.979  11.375 0.1000000015
16975  34.883  -60.779  11.426 0.1000000015
17013  34.258  -59.934  10.143 0.1000000015
17027  33.158  -59.149  9.643 0.1000000015
18008  32.463  -58.511  9.540 0.1000000015
19083  33.185  -57.628  9.057 0.1000000015
21130  32.721  -55.882  9.168 0.1000000015
21129  33.369  -55.955  8.860 0.1000000015
22287  32.751  -54.959  9.163 0.2000000030
23371  32.465  -53.920  9.030 0.2000000030
22298  33.616  -55.126  8.476 0.1000000015
22299  33.004  -54.331  8.552 0.2000000030
23416  33.177  -53.421  6.219 0.3000000119
24518  32.558  -52.656  5.650 0.3000000119
24496  31.860  -52.023  7.499 0.2000000030
24540  32.027  -53.061  5.038 0.3000000119
24519  32.007  -51.874  6.273 0.2000000030
23438  30.314  -53.528  4.936 0.4000000060
24541  31.364  -52.272  4.903 0.3000000119
23439  29.347  -53.386  5.451 0.4000000060
24542  30.085  -52.533  4.908 0.4000000060
19178  25.275  -57.269  2.693 0.5000000000
20200  25.441  -56.827  3.218 0.5000000000
19159  26.677  -57.290  3.588 0.5000000000
22343  28.902  -54.014  5.900 0.5000000000
22378  24.675  -54.804  1.856 0.5000000000
23485  25.421  -53.799  2.508 0.5000000000
21205  25.152  -55.429  3.472 0.5000000000
20185  25.351  -56.211  3.482 0.5000000000
20183  26.627  -56.985  4.175 0.6000000238
22324  27.600  -54.909  6.671 0.5000000000
22323  28.600  -54.648  6.360 0.5000000000
23468  25.682  -53.685  3.210 0.5000000000
22354  25.507  -54.740  3.829 0.5000000000
21204  25.573  -55.809  3.932 0.6000000238
20163  27.150  -56.895  5.763 0.5000000000
20171  26.338  -56.435  4.758 0.5000000000
19148  27.685  -57.450  4.751 0.5000000000
10870  32.592  -66.675  -1.122 0.4000000060
11663  32.564  -65.719  -0.989 0.4000000060
13465  33.180  -64.135  -1.709 0.4000000060
16962  30.232  -59.575  12.970 0.1000000015
16978  31.702  -59.977  11.873 0.1000000015
16999  30.581  -59.010  11.499 0.1000000015
16995  33.618  -60.169  10.811 0.1000000015
16977  32.819  -60.245  11.579 0.1000000015
16997  32.133  -59.753  10.951 0.1000000015
16998  31.277  -59.308  11.105 0.1000000015
16996  32.890  -59.856  10.737 0.1000000015
17016  31.850  -59.203  10.472 0.1000000015
17993  31.438  -58.464  10.189 0.1000000015
19084  32.328  -57.506  9.316 0.1000000015
19065  31.616  -57.452  9.672 0.1000000015
21131  31.992  -55.705  9.518 0.1000000015
22288  31.739  -54.638  9.631 0.2000000030
23372  31.604  -53.427  9.339 0.2000000030
24460  30.978  -52.804  9.211 0.2000000030
24475  31.588  -52.547  8.515 0.2000000030
30420  33.040  -47.768  2.638 0.2000000030
25750  31.278  -51.536  6.864 0.2000000030
29285  31.736  -48.623  1.895 0.2000000030
30423  30.123  -47.766  2.262 0.2000000030
30424  29.297  -47.826  2.435 0.2000000030
29271  28.011  -48.339  3.353 0.2000000030
25770  31.160  -51.436  5.828 0.2000000030
29294  31.133  -49.111  1.683 0.2000000030
29287  29.699  -48.540  1.862 0.2000000030
28084  27.977  -49.225  2.614 0.2000000030
28071  27.443  -49.460  3.326 0.2000000030
29255  27.626  -48.853  3.820 0.3000000119
26906  27.020  -50.500  4.917 0.2000000030
25836  28.782  -50.758  1.715 0.2000000030
26951  28.909  -50.162  1.679 0.3000000119
26953  27.612  -50.093  2.628 0.3000000119
26938  26.824  -50.728  3.613 0.4000000060
26924  26.919  -50.140  3.952 0.3000000119
25774  27.484  -51.344  5.633 0.5000000000
24544  27.993  -52.242  5.927 0.4000000060
23513  26.512  -53.030  1.449 0.5000000000
24631  27.184  -52.256  1.937 0.4000000060
24601  27.043  -51.857  2.603 0.4000000060
25839  26.932  -51.680  2.893 0.4000000060
24582  26.351  -52.307  3.599 0.4000000060
24567  26.250  -52.515  4.483 0.5000000000
24546  26.392  -52.945  5.426 0.5000000000
25775  26.607  -51.704  5.123 0.5000000000
23440  28.263  -53.481  6.016 0.5000000000
23484  25.999  -53.008  2.833 0.5000000000
23467  26.057  -53.181  3.755 0.5000000000
22353  25.772  -54.539  4.604 0.5000000000
21195  25.865  -55.618  4.673 0.5000000000
20164  26.604  -56.520  5.392 0.5000000000
21171  26.638  -55.764  6.194 0.5000000000
21170  27.140  -55.958  6.575 0.5000000000
16949  29.532  -59.509  13.792 0.1000000015
16963  29.431  -59.123  12.868 0.1000000015
17980  28.660  -58.097  12.508 0.1000000015
17987  30.086  -58.393  11.278 0.1000000015
17988  29.558  -58.148  11.549 0.1000000015
19053  29.494  -57.514  11.137 0.1000000015
20101  30.638  -56.497  10.179 0.1000000015
20102  29.874  -56.493  10.532 0.1000000015
20100  31.378  -56.560  9.776 0.1000000015
22276  30.913  -54.923  9.998 0.2000000030
22277  30.265  -54.705  10.316 0.2000000030
23356  31.002  -54.053  10.030 0.2000000030
25730  31.225  -51.778  7.454 0.2000000030
30400  32.355  -47.163  3.147 0.1000000015
30401  31.383  -47.076  2.909 0.2000000030
30402  30.427  -47.140  2.795 0.2000000030
31656  29.344  -47.132  3.183 0.2000000030
31651  33.250  -46.795  4.143 0.1000000015
31652  32.605  -46.674  3.886 0.1000000015
31654  30.640  -46.635  3.545 0.1000000015
31633  29.182  -46.961  3.573 0.1000000015
28057  27.454  -49.421  4.420 0.1000000015
24566  29.940  -51.918  4.964 0.3000000119
25795  30.906  -51.398  4.961 0.2000000030
29254  27.993  -48.434  4.524 0.1000000015
28043  27.681  -49.736  5.157 0.1000000015
26905  28.036  -50.426  5.493 0.3000000119
24543  29.219  -52.210  5.459 0.2000000030
24521  26.304  -53.516  5.884 0.5000000000
24520  26.654  -53.235  6.239 0.5000000000
23441  27.393  -52.996  6.326 0.5000000000
23418  27.194  -53.943  6.667 0.5000000000
23442  26.036  -53.877  5.439 0.5000000000
22325  26.603  -55.053  6.420 0.5000000000
22344  25.975  -54.836  5.591 0.5000000000
17919  28.797  -59.190  14.526 0.1000000015
19018  27.638  -57.630  13.469 0.1000000015
17963  28.344  -58.202  13.086 0.1000000015
19040  28.351  -57.415  12.298 0.1000000015
19041  27.545  -56.950  12.778 0.1000000015
19039  28.919  -57.563  11.710 0.1000000015
21106  28.953  -55.528  11.177 0.1000000015
21107  28.234  -55.436  11.779 0.1000000015
21121  29.659  -55.558  10.632 0.1000000015
22278  29.421  -54.497  10.758 0.2000000030
23357  30.177  -53.623  10.292 0.2000000030
24461  30.138  -52.654  9.683 0.2000000030
24477  29.731  -52.202  8.841 0.2000000030
24476  30.572  -52.274  8.541 0.2000000030
24497  31.162  -52.054  7.900 0.2000000030
25731  30.509  -51.585  7.499 0.2000000030
25751  30.547  -51.131  6.481 0.2000000030
31628  33.418  -46.822  4.671 0.1000000015
31630  31.993  -46.406  4.535 0.1000000015
31632  29.690  -46.545  4.328 0.1000000015
30383  28.554  -47.314  4.141 0.1000000015
26884  29.817  -50.776  6.167 0.1000000015
25771  30.349  -51.085  5.636 0.2000000030
30357  28.595  -47.783  5.211 0.1000000015
29232  28.369  -48.632  5.452 0.1000000015
28056  27.861  -49.078  5.106 0.1000000015
25773  28.613  -51.286  5.698 0.2000000030
25772  29.623  -51.270  5.507 0.2000000030
18995  27.017  -57.479  14.608 0.1000000015
21022  25.831  -55.457  15.285 0.1000000015
19019  27.019  -56.861  13.458 0.1000000015
21063  26.262  -54.939  13.448 0.1000000015
21085  26.886  -55.074  12.653 0.1000000015
21108  27.656  -54.951  12.061 0.1000000015
21084  27.604  -55.601  12.326 0.1000000015
22261  28.708  -54.756  11.277 0.1000000015
23359  28.849  -53.016  10.825 0.1000000015
23358  29.414  -53.438  10.604 0.1000000015
24445  29.346  -52.678  10.284 0.1000000015
25712  29.869  -51.846  8.180 0.2000000030
25732  29.450  -51.297  7.647 0.2000000030
26858  29.780  -50.838  6.927 0.1000000015
29198  34.467  -47.851  6.444 0.1000000015
30355  32.865  -46.946  6.012 0.1000000015
31580  31.836  -46.629  6.014 0.1000000015
31602  30.422  -46.276  5.289 0.1000000015
26885  29.144  -50.248  6.478 0.2000000030
31581  30.935  -46.412  6.055 0.1000000015
31582  30.097  -46.419  6.091 0.1000000015
30382  29.062  -47.044  4.984 0.1000000015
28042  28.352  -49.511  5.566 0.1000000015
26904  29.103  -50.423  5.786 0.2000000030
22205  25.505  -53.991  14.496 0.1000000015
22218  25.977  -53.915  13.288 0.1000000015
22239  26.339  -53.699  12.769 0.1000000015
22263  27.416  -54.163  11.980 0.1000000015
23340  28.075  -53.117  11.492 0.1000000015
24446  28.510  -52.044  10.501 0.1000000015
24462  29.101  -52.121  9.468 0.2000000030
25700  28.265  -51.052  9.122 0.1000000015
25699  28.621  -51.578  8.995 0.1000000015
25714  28.547  -51.062  8.495 0.2000000030
25713  29.122  -51.654  8.477 0.2000000030
26860  28.568  -50.483  8.039 0.1000000015
25733  28.824  -51.037  7.928 0.2000000030
29201  31.358  -46.945  7.588 0.1000000015
30331  30.758  -46.874  7.513 0.1000000015
29173  29.961  -47.266  7.832 0.1000000015
30309  29.480  -47.165  7.115 0.1000000015
29174  28.786  -48.396  7.450 0.1000000015
27993  28.615  -49.423  7.328 0.1000000015
26859  28.843  -50.344  7.305 0.1000000015
29230  33.151  -47.297  6.517 0.1000000015
29200  32.440  -47.074  7.014 0.1000000015
30330  31.255  -46.705  6.857 0.1000000015
30308  30.360  -46.737  7.149 0.1000000015
30332  29.051  -47.538  6.474 0.1000000015
29203  28.646  -48.537  6.220 0.1000000015
28020  28.775  -49.391  6.785 0.1000000015
31555  29.854  -46.664  6.697 0.1000000015
31583  29.478  -46.849  6.197 0.1000000015
30333  28.745  -47.824  5.878 0.1000000015
28041  28.801  -49.492  6.093 0.1000000015
23303  25.645  -53.010  13.501 0.1000000015
23322  26.044  -53.211  12.933 0.1000000015
24426  27.224  -52.280  11.869 0.1000000015
25661  27.759  -51.092  10.729 0.1000000015
25682  28.049  -51.138  9.869 0.1000000015
29144  30.944  -46.927  8.550 0.1000000015
29145  29.994  -47.536  8.605 0.1000000015
29121  28.647  -48.426  8.974 0.1000000015
29122  28.410  -49.097  8.978 0.1000000015
26818  28.084  -50.377  9.341 0.1000000015
29143  32.427  -47.186  8.099 0.1000000015
29120  29.070  -47.891  9.140 0.1000000015
29147  28.577  -48.670  8.378 0.1000000015
27972  28.374  -49.738  8.480 0.1000000015
29171  31.857  -47.180  7.851 0.1000000015
29172  30.822  -47.097  8.072 0.1000000015
29146  29.112  -47.986  8.396 0.1000000015
29175  28.488  -48.976  8.044 0.1000000015
27994  28.475  -49.614  7.942 0.1000000015
26787  27.294  -50.323  11.322 0.1000000015
27920  27.133  -49.218  11.367 0.1000000015
26786  27.628  -50.277  10.646 0.1000000015
27919  27.783  -49.307  10.461 0.1000000015
26803  27.805  -50.323  10.075 0.1000000015
30266  30.860  -46.482  9.086 0.1000000015
29119  29.724  -47.314  9.528 0.1000000015
29085  28.579  -48.021  9.984 0.1000000015
27939  28.117  -49.616  9.561 0.1000000015
30284  31.957  -46.594  8.495 0.1000000015
19134  33.889  -57.528  6.016 0.4000000060
19124  28.447  -57.404  6.495 0.5000000000
20159  33.614  -56.755  6.158 0.4000000060
21183  33.503  -55.922  6.120 0.4000000060
17042  36.675  -59.224  9.078 0.1000000015
20115  33.724  -56.745  8.858 0.1000000015
21153  35.237  -56.233  7.004 0.2000000030
22339  32.468  -54.825  5.546 0.4000000060
22340  31.602  -54.693  5.103 0.4000000060
16048  35.422  -61.614  12.658 0.1000000015
17026  34.003  -59.336  9.542 0.1000000015
22310  34.309  -55.338  7.905 0.2000000030
23400  33.452  -54.396  7.283 0.2000000030
23435  33.038  -54.217  5.895 0.3000000119
24495  32.850  -52.606  7.048 0.2000000030
19177  26.105  -57.498  2.981 0.5000000000
16958  34.312  -61.111  12.220 0.1000000015
16959  33.283  -60.811  12.366 0.1000000015
17014  33.390  -59.672  10.153 0.1000000015
17015  32.526  -59.353  10.177 0.1000000015
20117  32.131  -56.628  9.381 0.1000000015
20116  32.906  -56.715  9.105 0.1000000015
22286  33.138  -55.451  8.939 0.1000000015
20202  24.611  -55.657  2.149 0.5000000000
21222  24.746  -55.231  2.657 0.5000000000
21272  24.637  -54.945  1.220 0.5000000000
24632  26.400  -52.751  2.160 0.5000000000
16979  30.822  -59.510  12.092 0.1000000015
16980  30.010  -59.003  12.113 0.1000000015
17986  30.783  -58.705  10.927 0.1000000015
18009  31.890  -58.026  9.573 0.1000000015
19066  30.853  -57.456  10.215 0.1000000015
19052  30.225  -57.773  10.721 0.1000000015
21119  31.177  -55.651  9.884 0.1000000015
23373  30.849  -53.240  9.815 0.2000000030
30421  32.084  -47.730  2.377 0.2000000030
29284  32.774  -48.543  2.103 0.2000000030
29286  30.702  -48.456  1.874 0.2000000030
29288  28.753  -48.327  2.440 0.2000000030
29296  29.800  -49.322  1.618 0.2000000030
28083  29.029  -49.428  1.770 0.2000000030
28085  27.622  -49.562  2.827 0.3000000119
25837  28.016  -50.871  2.068 0.5000000000
28096  30.214  -49.829  1.527 0.2000000030
25815  27.005  -50.948  3.275 0.4000000060
25798  26.414  -51.609  4.259 0.5000000000
26907  26.579  -51.124  4.644 0.5000000000
24630  28.077  -52.146  1.383 0.5000000000
25865  28.513  -51.515  1.664 0.5000000000
24602  26.652  -52.179  2.782 0.5000000000
17941  28.774  -58.898  13.504 0.1000000015
17962  28.913  -58.570  12.687 0.1000000015
16981  29.407  -58.677  12.299 0.1000000015
20083  28.542  -56.404  11.641 0.1000000015
20082  29.168  -56.460  11.029 0.1000000015
21120  30.411  -55.636  10.232 0.1000000015
31655  29.783  -46.847  3.335 0.1000000015
31653  31.665  -46.624  3.714 0.1000000015
17942  27.998  -58.284  14.176 0.1000000015
18994  27.523  -57.836  14.071 0.1000000015
20063  27.936  -56.336  12.284 0.1000000015
20064  27.241  -56.144  12.800 0.1000000015
24444  29.833  -53.035  10.310 0.2000000030
30354  33.877  -47.180  5.172 0.1000000015
31599  33.122  -46.720  5.189 0.1000000015
31600  32.369  -46.527  5.298 0.1000000015
31631  30.966  -46.317  4.434 0.1000000015
29204  28.570  -48.175  5.698 0.1000000015
20023  26.670  -56.637  13.987 0.1000000015
18996  26.454  -56.743  15.082 0.1000000015
20024  26.288  -56.151  14.526 0.1000000015
21023  25.586  -54.725  15.296 0.1000000015
21044  25.785  -54.985  14.441 0.1000000015
20044  26.198  -55.515  13.947 0.1000000015
20043  26.602  -55.864  13.466 0.1000000015
22204  25.763  -54.341  13.867 0.1000000015
21086  26.427  -54.338  12.886 0.1000000015
22238  26.760  -53.958  12.402 0.1000000015
22262  28.138  -54.398  11.597 0.1000000015
23339  28.751  -53.880  11.058 0.1000000015
29229  33.769  -47.447  6.102 0.1000000015
30329  32.128  -46.815  6.508 0.1000000015
30356  29.100  -47.266  5.703 0.1000000015
22219  25.608  -53.708  13.846 0.1000000015
23321  26.546  -52.992  12.428 0.1000000015
23341  27.199  -53.318  12.024 0.1000000015
24425  27.879  -51.958  11.283 0.1000000015
24463  28.481  -51.612  9.588 0.1000000015
26836  28.351  -50.302  8.615 0.1000000015
29202  30.751  -47.020  7.808 0.1000000015
24407  25.942  -52.335  12.900 0.1000000015
24406  26.541  -52.016  12.380 0.1000000015
25639  26.880  -51.130  12.044 0.1000000015
25662  27.441  -51.359  11.474 0.1000000015
29118  30.382  -46.972  9.369 0.1000000015
29104  28.376  -48.797  9.574 0.1000000015
29103  28.644  -48.273  9.416 0.1000000015
27955  28.277  -49.743  8.904 0.1000000015
29086  27.534  -47.912  11.168 0.1000000015
31528  31.591  -45.816  8.840 0.1000000015
135816  29.560  -46.958  9.947 0.1000000015
17096  38.706  -59.639  4.027 0.1000000015
17097  38.029  -59.614  3.801 0.1000000015
17081  37.366  -59.209  4.332 0.1000000015
18067  35.781  -58.830  4.949 0.1000000015
18047  38.219  -58.191  5.243 0.1000000015
18048  37.222  -58.222  5.413 0.1000000015
16122  39.670  -60.024  4.044 0.2000000030
19131  36.692  -57.668  5.923 0.1000000015
16135  37.864  -60.031  3.128 0.2000000030
17098  37.084  -59.631  3.701 0.1000000015
16149  37.676  -60.364  2.352 0.2000000030
16160  38.515  -60.714  1.761 0.2000000030
16136  36.856  -59.971  2.969 0.2000000030
17083  35.398  -59.396  4.296 0.2000000030
17099  36.110  -59.724  3.659 0.2000000030
18068  34.764  -58.908  4.937 0.3000000119
16137  35.887  -60.150  2.982 0.2000000030
17100  35.187  -59.868  3.616 0.2000000030
15265  37.325  -61.097  0.769 0.2000000030
17084  34.293  -59.673  4.188 0.2000000030
16162  36.468  -60.790  1.503 0.2000000030
12475  37.184  -63.843  1.133 0.1000000015
15264  38.370  -61.118  0.972 0.2000000030
16150  36.662  -60.451  2.288 0.2000000030
16161  37.513  -60.738  1.579 0.2000000030
17066  32.795  -59.131  5.214 0.4000000060
14372  37.759  -62.465  -0.089 0.1000000015
15279  38.060  -61.688  0.213 0.1000000015
16138  35.002  -60.320  3.048 0.2000000030
16139  34.115  -60.241  3.283 0.2000000030
13429  37.601  -63.325  0.558 0.1000000015
17085  33.102  -59.640  4.612 0.4000000060
16151  35.661  -60.540  2.272 0.2000000030
15280  37.054  -61.412  0.019 0.2000000030
13430  37.056  -63.628  0.004 0.1000000015
13440  36.849  -63.606  -0.797 0.2000000030
13439  37.416  -63.094  -0.470 0.1000000015
15266  36.275  -61.118  0.711 0.2000000030
16152  34.668  -60.657  2.319 0.2000000030
16140  33.228  -60.253  3.397 0.4000000060
16153  33.624  -60.577  2.440 0.4000000060
17086  32.200  -59.737  4.618 0.4000000060
15267  35.320  -61.045  0.606 0.3000000119
15292  37.467  -61.887  -0.376 0.2000000030
15293  36.792  -61.665  -0.657 0.4000000060
17113  32.507  -60.226  2.717 0.4000000060
18088  30.564  -59.140  4.021 0.4000000060
15295  34.633  -61.264  -0.801 0.4000000060
15281  36.069  -61.427  -0.033 0.3000000119
29269  35.842  -48.420  3.849 0.1000000015
30419  33.829  -47.843  2.879 0.1000000015
17103  31.806  -59.831  3.630 0.4000000060
16165  33.082  -60.579  1.489 0.4000000060
17114  31.539  -59.766  2.564 0.5000000000
15296  33.960  -61.279  -0.166 0.4000000060
15268  34.763  -61.074  0.484 0.3000000119
16164  34.327  -61.008  1.229 0.4000000060
16175  33.576  -61.060  0.470 0.4000000060
29282  34.638  -48.423  2.782 0.1000000015
29281  35.672  -48.608  3.009 0.1000000015
18087  30.977  -59.392  3.335 0.4000000060
18102  30.743  -59.168  2.065 0.5000000000
17123  31.979  -59.903  1.536 0.5000000000
19172  30.463  -58.900  2.632 0.5000000000
29283  33.699  -48.529  2.383 0.1000000015
26948  34.086  -50.301  1.808 0.1000000015
28079  34.391  -49.344  2.115 0.1000000015
28081  32.529  -49.431  1.831 0.1000000015
17078  40.143  -59.562  4.531 0.1000000015
18065  37.722  -58.644  4.777 0.1000000015
18066  36.778  -58.777  4.932 0.1000000015
18064  38.571  -58.701  4.734 0.1000000015
19129  38.684  -57.979  5.881 0.1000000015
19117  37.093  -57.374  6.540 0.1000000015
18071  31.229  -59.450  4.599 0.4000000060
16133  39.866  -60.806  3.592 0.1000000015
16124  33.552  -60.053  3.940 0.3000000119
16163  35.429  -60.819  1.434 0.2000000030
17102  32.606  -60.104  3.886 0.4000000060
28080  33.435  -49.407  1.983 0.1000000015
19128  39.614  -58.111  6.012 0.1000000015
11578  27.174  -65.984  6.688 0.1000000015
10800  27.360  -67.015  6.882 0.1000000015
9978  28.557  -67.351  7.858 0.1000000015
10763  29.163  -66.771  8.067 0.1000000015
12410  26.609  -65.388  6.503 0.1000000015
11579  26.309  -65.998  6.198 0.1000000015
11597  24.790  -66.440  5.474 0.1000000015
10802  25.903  -66.878  5.914 0.1000000015
4009  22.710  -76.064  10.537 0.1000000015
10783  22.255  -66.413  7.779 0.1000000015
11583  22.413  -65.417  6.486 0.1000000015
11557  28.822  -65.366  7.426 0.1000000015
10782  27.903  -66.614  7.310 0.1000000015
11581  24.227  -65.275  5.817 0.1000000015
10780  29.394  -66.065  7.819 0.1000000015
11598  24.288  -66.138  5.440 0.1000000015
10762  29.883  -66.700  8.382 0.1000000015
3988  22.902  -76.231  11.452 0.1000000015
4018  22.715  -75.251  9.924 0.1000000015
4636  22.934  -74.286  9.765 0.1000000015
3965  24.807  -75.982  12.253 0.1000000015
3987  23.744  -76.208  11.887 0.1000000015
3382  23.225  -76.587  10.876 0.1000000015
3400  23.605  -76.498  10.526 0.1000000015
5299  23.172  -73.018  9.656 0.1000000015
8372  22.618  -69.045  8.604 0.1000000015
9965  22.524  -67.197  8.210 0.1000000015
11558  27.961  -65.506  7.214 0.1000000015
12390  26.906  -64.604  6.890 0.1000000015
12411  25.989  -65.082  6.311 0.1000000015
9962  30.425  -67.623  8.998 0.1000000015
4008  23.805  -75.431  10.084 0.1000000015
3359  25.062  -75.986  12.260 0.1000000015
3380  24.751  -76.265  11.720 0.1000000015
3381  23.795  -76.667  11.184 0.1000000015
4624  24.782  -74.358  10.327 0.1000000015
4625  23.875  -73.862  10.033 0.1000000015
5986  24.083  -72.057  9.988 0.1000000015
6774  24.054  -70.848  9.782 0.1000000015
7582  23.023  -69.873  8.970 0.1000000015
7564  23.794  -69.889  9.384 0.1000000015
9160  23.619  -67.716  8.873 0.1000000015
9964  23.234  -67.025  8.670 0.1000000015
11544  22.662  -65.697  7.826 0.1000000015
12392  24.733  -64.215  6.910 0.1000000015
12391  25.642  -64.295  6.868 0.1000000015
12412  25.014  -64.765  6.227 0.1000000015
11556  29.593  -65.339  7.466 0.1000000015
5283  24.676  -73.133  10.287 0.1000000015
3358  25.434  -76.014  12.555 0.1000000015
3399  24.486  -76.387  10.691 0.1000000015
5284  23.965  -72.678  10.042 0.1000000015
6760  24.602  -71.116  10.140 0.1000000015
7563  24.540  -69.883  9.930 0.1000000015
9158  25.021  -68.011  9.657 0.1000000015
3379  25.641  -76.181  11.859 0.1000000015
3398  25.401  -76.179  11.058 0.1000000015
4007  25.030  -75.457  10.587 0.1000000015
8355  24.422  -68.934  9.460 0.1000000015
10745  23.969  -65.887  9.184 0.1000000015
10764  23.483  -66.112  8.812 0.1000000015
11529  24.351  -65.102  9.180 0.1000000015
11530  23.795  -65.446  8.854 0.1000000015
12376  24.048  -64.448  8.017 0.1000000015
11542  23.944  -64.911  8.653 0.1000000015
13350  26.085  -63.630  7.531 0.1000000015
13336  24.684  -63.894  7.952 0.1000000015
12377  23.476  -64.809  7.781 0.1000000015
12389  28.261  -64.307  7.192 0.1000000015
12388  29.093  -64.690  7.199 0.1000000015
12387  29.678  -64.834  6.963 0.1000000015
10778  31.205  -65.912  7.800 0.1000000015
10779  30.214  -65.896  7.959 0.1000000015
11553  31.912  -65.693  6.588 0.1000000015
11554  31.320  -65.600  6.924 0.1000000015
5983  26.142  -72.525  10.888 0.1000000015
5984  25.348  -72.319  10.536 0.1000000015
3339  25.759  -76.124  13.380 0.1000000015
3356  26.565  -76.205  12.678 0.1000000015
3378  26.267  -76.155  11.997 0.1000000015
3396  26.667  -75.800  11.660 0.1000000015
4622  26.591  -74.529  11.045 0.1000000015
4623  25.736  -74.517  10.658 0.1000000015
5282  25.522  -73.428  10.566 0.1000000015
6759  25.225  -71.284  10.435 0.1000000015
7543  25.018  -70.322  10.338 0.1000000015
8354  25.065  -68.986  10.002 0.1000000015
3357  25.935  -76.338  12.661 0.1000000015
3397  25.906  -75.953  11.190 0.1000000015
9144  25.751  -68.060  10.242 0.1000000015
9947  25.425  -67.089  10.057 0.1000000015
9948  24.714  -67.003  9.622 0.1000000015
10743  25.196  -66.135  9.930 0.1000000015
10744  24.498  -66.013  9.534 0.1000000015
11528  25.044  -65.171  9.677 0.1000000015
13311  25.640  -63.319  8.860 0.1000000015
12359  25.121  -64.059  9.199 0.1000000015
13348  28.308  -63.352  7.116 0.1000000015
14298  28.717  -63.091  6.814 0.1000000015
13349  27.350  -63.256  7.517 0.1000000015
13334  26.364  -62.952  8.456 0.1000000015
13335  25.301  -63.518  8.278 0.1000000015
13365  28.869  -63.685  6.711 0.1000000015
13364  29.520  -63.823  6.118 0.1000000015
12408  29.309  -64.308  6.679 0.1000000015
11555  30.385  -65.341  7.123 0.1000000015
10799  32.478  -65.851  6.486 0.1000000015
3318  26.579  -75.942  14.246 0.1000000015
3338  26.214  -76.267  13.629 0.1000000015
4003  27.187  -75.543  11.998 0.1000000015
4004  27.117  -75.400  11.740 0.1000000015
6758  25.956  -71.455  10.812 0.1000000015
3337  26.809  -76.006  13.467 0.1000000015
3395  26.917  -75.748  11.838 0.1000000015
4005  26.719  -75.057  11.124 0.1000000015
5266  27.092  -73.663  11.480 0.1000000015
7542  25.768  -70.409  10.720 0.1000000015
8336  25.601  -69.332  10.504 0.1000000015
7534  26.484  -70.543  11.202 0.1000000015
9143  26.335  -68.414  10.809 0.1000000015
9936  26.423  -67.429  10.703 0.1000000015
10739  25.860  -66.232  10.392 0.1000000015
10738  26.634  -66.431  10.780 0.1000000015
11521  25.692  -65.297  10.155 0.1000000015
12343  26.180  -64.360  10.304 0.1000000015
12358  25.790  -63.899  9.805 0.1000000015
14231  26.446  -62.810  9.058 0.1000000015
13310  26.088  -63.241  9.371 0.1000000015
14271  28.528  -62.658  7.382 0.1000000015
14252  26.692  -62.697  8.905 0.1000000015
14297  29.422  -62.959  6.321 0.1000000015
13376  30.310  -64.005  5.652 0.1000000015
12407  30.070  -64.579  6.244 0.1000000015
11577  30.746  -65.155  6.469 0.1000000015
11576  31.305  -65.364  6.077 0.1000000015
5972  27.571  -72.852  12.060 0.1000000015
6732  28.340  -71.971  12.598 0.1000000015
3300  26.912  -75.646  14.902 0.1000000015
3317  27.087  -75.716  14.048 0.1000000015
3962  27.966  -75.062  13.088 0.1000000015
3963  27.897  -74.953  12.862 0.1000000015
4603  27.284  -74.441  11.556 0.1000000015
6745  27.365  -71.771  12.012 0.1000000015
7533  27.176  -70.663  11.788 0.1000000015
3355  26.837  -76.093  12.861 0.1000000015
5973  26.824  -72.692  11.495 0.1000000015
9138  27.498  -68.689  11.935 0.1000000015
9930  26.896  -67.592  11.114 0.1000000015
8330  27.042  -69.607  11.539 0.1000000015
9139  26.937  -68.561  11.356 0.1000000015
10737  27.042  -66.191  10.985 0.1000000015
12342  26.899  -64.516  10.868 0.1000000015
13290  26.272  -63.580  10.007 0.1000000015
14229  27.711  -62.344  9.326 0.1000000015
13309  26.584  -63.165  9.872 0.1000000015
14249  29.183  -62.106  8.148 0.1000000015
14250  28.115  -62.249  8.402 0.1000000015
14251  27.185  -62.549  8.656 0.1000000015
14270  29.771  -62.179  7.065 0.1000000015
14296  30.571  -62.528  6.155 0.1000000015
14313  30.410  -63.237  5.711 0.1000000015
4583  29.065  -73.851  12.939 0.1000000015
3931  28.224  -74.693  14.395 0.1000000015
4567  29.093  -74.040  13.492 0.1000000015
5247  29.065  -73.437  12.899 0.1000000015
5958  28.251  -73.057  12.423 0.1000000015
3282  26.871  -75.475  15.467 0.1000000015
3916  27.229  -75.310  15.299 0.1000000015
3947  28.143  -74.851  13.560 0.1000000015
4584  28.447  -74.464  12.870 0.1000000015
5248  28.547  -73.713  12.533 0.1000000015
5265  27.804  -73.715  11.981 0.1000000015
7515  27.872  -70.728  12.516 0.1000000015
9129  27.980  -68.714  12.585 0.1000000015
8329  27.570  -69.670  12.254 0.1000000015
10726  28.048  -66.510  11.954 0.1000000015
10727  27.295  -66.558  11.214 0.1000000015
11514  27.768  -65.519  11.744 0.1000000015
13268  27.469  -63.848  10.954 0.1000000015
13289  26.898  -63.482  10.416 0.1000000015
14209  28.248  -62.445  10.096 0.1000000015
14248  30.366  -62.041  8.027 0.1000000015
14295  31.699  -62.513  6.125 0.1000000015
4550  28.600  -74.353  14.423 0.1000000015
5246  29.368  -73.147  13.175 0.1000000015
6731  29.464  -71.779  13.045 0.1000000015
4568  28.659  -74.440  13.837 0.1000000015
5957  28.998  -72.832  12.863 0.1000000015
8317  28.219  -69.629  12.913 0.1000000015
8316  28.862  -69.417  13.339 0.1000000015
9915  28.457  -67.734  12.764 0.1000000015
12326  28.421  -64.405  12.058 0.1000000015
12327  27.581  -64.558  11.418 0.1000000015
13266  29.133  -63.407  11.572 0.1000000015
13267  28.165  -63.652  11.310 0.1000000015
14208  29.267  -62.453  9.971 0.1000000015
13287  28.736  -62.900  10.794 0.1000000015
14226  31.017  -62.186  9.080 0.1000000015
14228  28.714  -62.233  9.166 0.1000000015
14247  31.505  -62.021  7.914 0.1000000015
14269  30.987  -62.075  6.990 0.1000000015
14311  32.428  -62.572  5.146 0.1000000015
14322  33.262  -62.915  4.216 0.1000000015
4548  29.422  -73.574  13.799 0.1000000015
4566  29.333  -73.534  13.318 0.1000000015
7514  28.977  -70.550  13.075 0.1000000015
7494  29.297  -69.713  13.392 0.1000000015
4549  28.990  -73.899  14.426 0.1000000015
9128  28.562  -68.640  13.152 0.1000000015
10710  29.294  -66.111  13.186 0.1000000015
11513  28.439  -65.528  12.438 0.1000000015
12304  28.998  -64.754  12.662 0.1000000015
12325  29.500  -64.013  12.264 0.1000000015
13286  29.833  -62.809  10.752 0.1000000015
14207  30.253  -62.406  9.886 0.1000000015
14268  32.075  -62.220  6.956 0.1000000015
14294  32.757  -62.447  6.068 0.1000000015
14321  34.360  -62.659  4.255 0.1000000015
14335  36.301  -62.735  3.242 0.1000000015
5218  29.611  -73.125  14.322 0.1000000015
5940  30.617  -72.423  13.595 0.1000000015
6730  30.423  -71.695  13.168 0.1000000015
7492  30.737  -70.196  13.302 0.1000000015
8298  29.688  -69.266  13.515 0.1000000015
5956  29.916  -72.460  13.291 0.1000000015
7513  30.099  -70.915  13.165 0.1000000015
9897  29.794  -67.730  13.583 0.1000000015
9898  29.000  -67.763  13.337 0.1000000015
10693  29.468  -66.772  13.391 0.1000000015
12303  29.798  -64.666  12.922 0.1000000015
13265  30.245  -63.308  11.579 0.1000000015
14289  37.987  -62.544  6.580 0.1000000015
14264  36.199  -62.627  7.248 0.1000000015
14265  35.166  -62.502  7.150 0.1000000015
13346  34.424  -62.788  7.867 0.1000000015
13331  33.593  -62.786  8.482 0.1000000015
13285  31.323  -62.759  10.451 0.1000000015
14290  37.054  -62.336  6.450 0.1000000015
14291  36.004  -62.481  6.285 0.1000000015
13308  31.762  -62.410  9.413 0.1000000015
14306  37.932  -62.362  5.530 0.1000000015
14307  36.879  -62.342  5.384 0.1000000015
14292  34.911  -62.333  6.212 0.1000000015
14267  33.052  -62.481  6.958 0.1000000015
14246  32.452  -62.344  7.770 0.1000000015
14317  39.017  -62.080  4.578 0.1000000015
14319  36.629  -62.490  4.327 0.1000000015
14293  33.819  -62.417  6.123 0.1000000015
14334  37.459  -62.513  3.352 0.1000000015
14320  35.476  -62.562  4.277 0.1000000015
14349  37.189  -62.938  2.547 0.1000000015
5924  30.946  -72.261  14.022 0.1000000015
6706  31.131  -72.072  13.564 0.1000000015
6729  31.198  -71.642  13.331 0.1000000015
7512  31.024  -70.937  13.168 0.1000000015
5955  30.580  -72.099  13.313 0.1000000015
7491  31.456  -70.185  12.975 0.1000000015
8297  30.457  -69.362  13.428 0.1000000015
9106  30.146  -68.559  13.538 0.1000000015
9896  30.731  -67.763  13.553 0.1000000015
10692  30.336  -66.950  13.684 0.1000000015
11494  30.014  -65.650  13.436 0.1000000015
12324  30.494  -63.962  12.332 0.1000000015
13284  32.872  -62.863  10.535 0.1000000015
13345  35.385  -62.829  7.980 0.1000000015
13330  34.594  -62.890  8.719 0.1000000015
13307  32.609  -62.580  9.370 0.1000000015
14263  37.196  -62.576  7.531 0.1000000015
15238  39.878  -61.723  4.318 0.1000000015
6687  30.742  -71.706  14.543 0.1000000015
6728  32.206  -71.327  13.128 0.1000000015
6705  31.457  -71.753  13.765 0.1000000015
8315  32.187  -69.455  12.761 0.1000000015
7511  31.951  -70.715  12.814 0.1000000015
8296  31.297  -69.450  13.169 0.1000000015
9104  31.747  -68.755  13.087 0.1000000015
9105  31.030  -68.617  13.354 0.1000000015
12323  31.470  -63.935  12.375 0.1000000015
12302  30.793  -64.676  12.982 0.1000000015
13263  32.094  -63.355  11.499 0.1000000015
13344  36.342  -62.809  8.127 0.1000000015
13329  35.609  -62.967  8.840 0.1000000015
13264  31.132  -63.380  11.705 0.1000000015
14262  38.153  -62.611  7.574 0.1000000015
14244  36.957  -62.771  8.252 0.1000000015
13306  33.770  -62.818  9.549 0.1000000015
14288  38.732  -62.276  6.731 0.1000000015
6727  32.667  -70.930  13.319 0.1000000015
6744  32.425  -70.878  12.807 0.1000000015
7510  32.622  -70.194  12.735 0.1000000015
9127  32.283  -68.358  12.920 0.1000000015
9895  31.803  -67.821  13.231 0.1000000015
9894  32.209  -67.305  13.208 0.1000000015
10691  31.290  -66.921  13.613 0.1000000015
11492  32.059  -65.744  13.275 0.1000000015
11493  31.145  -65.488  13.367 0.1000000015
12322  32.518  -63.964  12.383 0.1000000015
13283  34.091  -63.041  10.553 0.1000000015
13262  33.312  -63.347  11.548 0.1000000015
13305  34.831  -63.063  9.622 0.1000000015
15225  38.981  -62.004  6.092 0.1000000015
15237  40.233  -61.140  4.090 0.1000000015
7509  33.191  -70.226  13.119 0.1000000015
8314  33.093  -69.329  12.843 0.1000000015
9125  33.597  -68.190  13.242 0.1000000015
9126  32.943  -68.436  12.807 0.1000000015
10708  32.437  -66.696  13.292 0.1000000015
9914  32.254  -67.951  13.000 0.1000000015
11491  33.036  -65.796  13.261 0.1000000015
12301  31.793  -64.724  12.977 0.1000000015
12300  32.783  -64.838  13.007 0.1000000015
13261  34.483  -63.583  11.382 0.1000000015
13282  35.125  -63.372  10.448 0.1000000015
14243  37.550  -62.800  8.388 0.1000000015
13328  36.682  -62.996  8.936 0.1000000015
15227  40.387  -61.084  4.875 0.1000000015
16121  40.381  -60.440  4.384 0.1000000015
9912  33.494  -67.451  13.152 0.1000000015
10707  33.312  -66.680  13.257 0.1000000015
11490  33.921  -65.745  13.168 0.1000000015
12321  33.764  -64.116  12.453 0.1000000015
16110  40.691  -60.458  6.490 0.1000000015
14287  39.106  -62.124  7.144 0.1000000015
13304  35.832  -63.254  9.662 0.1000000015
16113  40.902  -60.245  5.498 0.1000000015
10706  33.832  -66.509  13.159 0.1000000015
11489  34.726  -65.484  13.090 0.1000000015
12319  36.028  -64.267  11.579 0.1000000015
11511  35.354  -64.807  12.484 0.1000000015
12341  36.211  -63.892  10.837 0.1000000015
15213  39.399  -61.793  7.462 0.1000000015
14241  39.179  -62.161  8.165 0.1000000015
14261  38.776  -62.334  7.639 0.1000000015
17063  41.022  -59.238  5.784 0.1000000015
14242  38.540  -62.649  8.675 0.1000000015
12340  36.858  -64.011  10.779 0.1000000015
12320  34.970  -64.201  12.004 0.1000000015
11512  34.457  -64.828  12.854 0.1000000015
13280  36.585  -63.750  10.388 0.1000000015
13260  35.494  -63.787  11.115 0.1000000015
13326  38.554  -63.052  9.566 0.1000000015
13302  37.367  -63.500  9.908 0.1000000015
13281  36.005  -63.582  10.372 0.1000000015
13327  37.663  -63.159  9.391 0.1000000015
13303  36.754  -63.421  9.836 0.1000000015
9980  21.834  -67.221  7.787 0.1000000015
10765  22.869  -66.265  8.330 0.1000000015
11543  23.345  -65.286  8.262 0.1000000015
11559  22.988  -65.041  7.289 0.1000000015
12414  23.581  -64.647  6.912 0.1000000015
10781  28.647  -66.281  7.621 0.1000000015
12413  24.134  -64.619  6.492 0.1000000015
11580  25.255  -65.874  5.729 0.1000000015
10815  25.144  -66.914  5.522 0.1000000015
11560  22.204  -65.800  7.143 0.1000000015
11582  23.268  -65.058  6.234 0.1000000015
8356  23.568  -68.789  8.940 0.1000000015
9172  22.922  -68.005  8.592 0.1000000015
5996  24.177  -71.594  9.988 0.1000000015
5997  23.609  -71.887  9.689 0.1000000015
5985  24.584  -72.035  10.205 0.1000000015
7544  24.541  -70.552  10.072 0.1000000015
9159  24.264  -67.890  9.216 0.1000000015
9949  23.933  -66.816  9.197 0.1000000015
13351  25.132  -63.843  7.482 0.1000000015
12393  24.047  -64.307  7.196 0.1000000015
7562  25.027  -69.632  10.238 0.1000000015
4006  26.004  -75.430  10.864 0.1000000015
12360  24.404  -64.477  8.725 0.1000000015
12344  25.541  -64.532  9.861 0.1000000015
12375  24.676  -64.023  8.457 0.1000000015
13333  27.075  -62.716  8.114 0.1000000015
5281  26.361  -73.582  10.943 0.1000000015
14272  27.613  -62.577  7.967 0.1000000015
3984  27.364  -74.916  11.736 0.1000000015
6746  26.637  -71.616  11.376 0.1000000015
8335  26.352  -69.480  11.027 0.1000000015
10728  26.860  -67.009  10.888 0.1000000015
11520  26.373  -65.396  10.642 0.1000000015
14230  26.856  -62.759  9.425 0.1000000015
13375  31.119  -63.759  5.303 0.1000000015
12424  30.552  -64.524  5.802 0.1000000015
3930  27.615  -75.267  14.268 0.1000000015
4602  27.873  -74.393  12.107 0.1000000015
9916  27.952  -68.005  12.215 0.1000000015
9929  27.594  -67.608  11.657 0.1000000015
11519  27.095  -65.592  11.090 0.1000000015
14210  27.360  -62.735  10.066 0.1000000015
14312  31.431  -63.008  5.363 0.1000000015
9928  28.172  -67.284  12.242 0.1000000015
13288  27.784  -63.091  10.695 0.1000000015
9107  29.271  -68.653  13.531 0.1000000015
10711  28.691  -66.567  12.785 0.1000000015
14227  29.796  -62.123  9.058 0.1000000015
14225  32.044  -62.270  8.671 0.1000000015
14310  33.533  -62.531  5.153 0.1000000015
5233  30.159  -72.722  13.625 0.1000000015
7493  29.862  -70.046  13.425 0.1000000015
11495  29.161  -65.524  12.970 0.1000000015
14336  35.145  -62.896  3.419 0.1000000015
14309  34.641  -62.438  5.214 0.1000000015
11470  30.110  -66.373  13.602 0.1000000015
13347  33.819  -62.768  7.798 0.1000000015
14245  33.260  -62.691  7.739 0.1000000015
14266  34.057  -62.527  7.135 0.1000000015
14305  38.625  -62.142  5.823 0.1000000015
14308  35.763  -62.398  5.285 0.1000000015
15229  39.205  -61.836  5.476 0.1000000015
14348  38.149  -62.752  2.388 0.1000000015
15228  39.794  -61.520  5.272 0.1000000015
11469  30.727  -66.216  13.651 0.1000000015
15224  39.414  -61.690  6.396 0.1000000015
15223  40.279  -61.050  5.930 0.1000000015
12299  33.616  -65.014  13.095 0.1000000015
15314  34.435  -61.175  -1.878 0.3000000119
16187  34.062  -61.018  -1.193 0.3000000119
16188  33.445  -60.998  -0.568 0.3000000119
16176  32.659  -60.385  0.446 0.4000000060
17136  31.770  -59.288  0.326 0.4000000060
16201  33.675  -61.018  -1.425 0.3000000119
6871  31.248  -71.368  1.103 0.1000000015
6891  31.806  -70.902  0.264 0.1000000015
8502  32.413  -69.183  -0.771 0.2000000030
10871  31.980  -67.207  -1.187 0.3000000119
16177  28.931  -59.925  0.292 0.4000000060
14383  36.223  -61.575  -1.432 0.3000000119
12508  32.325  -65.031  -0.693 0.4000000060
13467  31.707  -63.088  -0.830 0.4000000060
10084  32.953  -68.009  -1.496 0.2000000030
10856  32.221  -66.226  -0.880 0.3000000119
13443  31.334  -63.972  -0.229 0.4000000060
14384  31.021  -62.880  -0.299 0.4000000060
16192  29.309  -60.419  0.031 0.4000000060
6861  30.880  -70.987  1.663 0.1000000015
9309  32.413  -68.586  -1.314 0.3000000119
13444  30.235  -63.697  -0.017 0.4000000060
14408  30.917  -62.131  -0.519 0.4000000060
15298  29.699  -61.468  -0.231 0.4000000060
6893  30.523  -71.558  0.534 0.1000000015
17139  27.883  -59.607  1.027 0.5000000000
8503  31.854  -69.484  -1.102 0.2000000030
10069  32.267  -67.771  -1.351 0.3000000119
11649  31.418  -65.892  -0.294 0.3000000119
14385  30.083  -62.507  -0.243 0.4000000060
17127  27.321  -59.603  1.468 0.4000000060
18106  26.066  -58.000  2.422 0.4000000060
12487  31.278  -65.065  -0.133 0.4000000060
14386  28.956  -62.418  -0.173 0.4000000060
15299  28.548  -61.384  0.069 0.4000000060
15284  28.382  -60.866  0.298 0.5000000000
6092  30.279  -71.980  -0.180 0.2000000030
6907  30.954  -71.820  -0.277 0.2000000030
6922  31.275  -71.316  -0.631 0.2000000030
9310  31.673  -68.717  -1.272 0.2000000030
7703  32.016  -70.325  -0.323 0.2000000030
10858  30.897  -66.581  -0.374 0.3000000119
11650  30.685  -65.765  -0.175 0.3000000119
6093  29.985  -71.885  0.029 0.1000000015
12488  30.450  -64.814  -0.052 0.4000000060
13445  29.210  -63.464  -0.214 0.4000000060
16179  27.441  -60.363  0.957 0.5000000000
16167  26.974  -60.118  1.354 0.5000000000
18121  25.944  -58.477  1.860 0.4000000060
12489  29.409  -64.649  -0.371 0.4000000060
14387  27.938  -62.359  -0.259 0.4000000060
15286  27.113  -61.094  0.619 0.5000000000
16180  26.461  -60.500  0.872 0.5000000000
17129  25.795  -59.169  1.200 0.4000000060
6923  30.697  -71.723  -1.103 0.2000000030
7722  31.441  -70.615  -0.985 0.2000000030
8504  31.030  -69.821  -1.436 0.2000000030
10070  31.429  -67.773  -1.115 0.4000000060
9311  30.840  -68.775  -1.364 0.2000000030
10048  30.991  -67.278  -0.674 0.3000000119
10071  30.537  -67.909  -1.056 0.4000000060
10859  30.259  -66.429  -0.535 0.3000000119
15300  27.474  -61.671  0.174 0.5000000000
17141  25.914  -59.827  1.009 0.5000000000
18122  25.353  -58.462  1.027 0.4000000060
19195  24.945  -57.429  1.721 0.4000000060
10050  30.013  -66.901  -0.853 0.4000000060
15301  26.391  -61.509  0.080 0.5000000000
7723  30.613  -70.977  -1.535 0.2000000030
6116  30.247  -72.181  -1.116 0.2000000030
8526  30.227  -70.415  -1.860 0.2000000030
20239  24.711  -56.326  0.654 0.4000000060
8505  30.341  -69.544  -1.669 0.2000000030
11651  29.936  -65.633  -0.469 0.3000000119
12490  28.467  -64.170  -0.590 0.4000000060
13446  28.261  -63.244  -0.419 0.4000000060
6104  29.542  -72.107  -0.443 0.2000000030
7746  30.042  -71.220  -1.969 0.2000000030
9312  29.993  -68.761  -1.526 0.3000000119
10072  29.736  -67.546  -1.384 0.4000000060
20222  24.601  -56.156  1.671 0.4000000060
10872  29.752  -66.453  -0.996 0.3000000119
14388  27.017  -62.391  -0.222 0.5000000000
16195  25.527  -60.301  -0.099 0.5000000000
23531  25.305  -53.854  1.380 0.4000000060
6134  29.376  -72.293  -1.864 0.2000000030
6946  30.084  -71.763  -1.712 0.2000000030
12509  28.734  -64.830  -1.001 0.4000000060
12491  27.687  -63.814  -0.857 0.4000000060
18159  25.356  -58.497  -0.186 0.5000000000
19211  25.138  -57.630  0.361 0.4000000060
6118  28.801  -72.303  -1.388 0.2000000030
7747  29.645  -70.907  -2.327 0.2000000030
8527  29.626  -69.822  -2.126 0.2000000030
9329  29.215  -68.731  -2.069 0.2000000030
11679  29.126  -65.492  -2.278 0.4000000060
14409  26.315  -62.202  -1.316 0.5000000000
15320  25.591  -60.782  -0.564 0.5000000000
6925  27.901  -71.666  -1.617 0.2000000030
10882  29.365  -66.573  -1.876 0.4000000060
11664  29.265  -65.558  -1.182 0.3000000119
13469  26.610  -62.833  -1.315 0.5000000000
15319  25.801  -61.384  -1.050 0.5000000000
18139  25.283  -58.494  0.416 0.5000000000
6119  28.020  -72.381  -2.137 0.2000000030
23512  27.985  -52.562  1.004 0.4000000060
25864  29.386  -51.427  1.504 0.2000000030
23530  25.827  -53.620  0.926 0.4000000060
21271  24.792  -55.210  0.600 0.4000000060
6947  29.500  -71.764  -2.312 0.2000000030
10086  29.015  -67.763  -2.514 0.4000000060
19232  25.565  -57.527  -0.710 0.4000000060
20251  25.310  -56.515  -0.313 0.4000000060
6152  28.928  -72.315  -2.578 0.2000000030
7748  29.095  -70.627  -2.754 0.2000000030
8528  28.928  -69.645  -2.713 0.2000000030
6965  29.014  -71.950  -2.908 0.2000000030
23529  26.713  -53.316  0.692 0.4000000060
22454  26.000  -54.546  -0.299 0.4000000060
21284  25.824  -55.585  -0.747 0.4000000060
12535  27.531  -64.021  -1.959 0.3000000119
17153  25.471  -59.397  -0.521 0.5000000000
11680  28.512  -64.796  -2.145 0.4000000060
12534  27.924  -64.171  -2.540 0.3000000119
13488  26.986  -63.345  -2.249 0.4000000060
15339  26.338  -61.138  -2.101 0.5000000000
7761  28.947  -70.330  -3.380 0.2000000030
23553  26.930  -53.796  -0.015 0.4000000060
18176  25.656  -58.510  -0.976 0.5000000000
18175  26.011  -58.396  -1.764 0.5000000000
13489  26.539  -62.500  -1.800 0.5000000000
17161  25.748  -59.353  -1.359 0.5000000000
15338  26.928  -61.103  -3.029 0.5000000000
14447  27.105  -62.362  -3.170 0.5000000000
16189  32.328  -60.336  -0.496 0.4000000060
15297  30.605  -61.557  -0.514 0.4000000060
24646  27.146  -52.814  1.147 0.4000000060
22428  25.641  -54.177  0.355 0.4000000060
17160  26.209  -59.213  -2.136 0.5000000000
13484  35.427  -63.397  -2.577 0.3000000119
14427  34.707  -62.641  -2.842 0.3000000119
15335  34.078  -61.839  -2.550 0.2000000030
16202  32.947  -61.067  -1.235 0.2000000030
11660  35.282  -64.903  -1.026 0.2000000030
12531  34.271  -64.770  -2.943 0.3000000119
13501  33.758  -64.542  -2.900 0.3000000119
10880  34.210  -65.866  -1.850 0.2000000030
11678  33.615  -65.651  -1.922 0.2000000030
12532  33.481  -64.912  -2.148 0.2000000030
8501  32.755  -68.731  -0.660 0.2000000030
6950  26.601  -72.014  -2.541 0.1000000015
6951  25.542  -72.001  -2.596 0.1000000015
10127  31.331  -67.233  -5.941 0.1000000015
13462  37.233  -62.972  -1.171 0.1000000015
15312  36.315  -61.743  -2.329 0.2000000030
15334  35.132  -61.772  -2.551 0.2000000030
13464  36.108  -63.419  -1.979 0.2000000030
14426  35.678  -62.373  -2.703 0.2000000030
12484  36.581  -64.068  -0.042 0.1000000015
11646  35.418  -65.109  -0.039 0.1000000015
12506  35.605  -64.149  -1.721 0.2000000030
12477  36.071  -64.656  0.399 0.1000000015
11633  35.475  -65.389  0.894 0.1000000015
6105  28.902  -72.098  -0.660 0.1000000015
6949  27.428  -72.041  -2.282 0.1000000015
7776  29.347  -70.656  -5.145 0.1000000015
8553  29.634  -69.613  -4.933 0.1000000015
9356  29.797  -68.305  -4.642 0.1000000015
10115  30.102  -67.243  -4.722 0.1000000015
6979  29.313  -71.196  -5.609 0.1000000015
9376  30.329  -68.891  -5.369 0.1000000015
9355  30.436  -68.003  -5.114 0.1000000015
10906  30.443  -66.433  -4.913 0.1000000015
9375  30.914  -68.215  -5.808 0.1000000015
11715  31.480  -65.319  -6.009 0.1000000015
12589  30.587  -64.425  -5.343 0.1000000015
12588  31.103  -64.454  -5.957 0.1000000015
14488  31.182  -62.479  -6.477 0.1000000015
13441  36.243  -63.658  -1.335 0.2000000030
12485  35.981  -64.263  -0.615 0.1000000015
12533  28.781  -64.724  -2.835 0.3000000119
6153  28.689  -72.555  -3.371 0.1000000015
6966  28.970  -71.448  -3.629 0.1000000015
8537  28.930  -69.505  -3.503 0.1000000015
10099  29.152  -67.777  -3.388 0.1000000015
11706  29.919  -65.076  -4.163 0.2000000030
12553  28.952  -64.570  -3.478 0.3000000119
14460  27.786  -62.642  -3.917 0.3000000119
16256  28.050  -60.896  -4.007 0.3000000119
6137  26.277  -72.653  -3.037 0.1000000015
6170  28.685  -72.562  -4.666 0.1000000015
9339  29.333  -68.173  -4.002 0.1000000015
10907  29.892  -66.175  -4.160 0.1000000015
12571  29.271  -64.377  -4.083 0.2000000030
14459  28.520  -62.547  -4.664 0.3000000119
11705  30.464  -65.389  -4.851 0.1000000015
14470  29.838  -62.434  -5.772 0.2000000030
15368  28.742  -61.513  -4.926 0.3000000119
14469  30.483  -62.510  -6.195 0.1000000015
15377  29.865  -61.333  -5.876 0.2000000030
17225  29.541  -59.880  -5.164 0.4000000060
13555  31.675  -63.388  -6.600 0.1000000015
15376  30.455  -61.625  -6.264 0.1000000015
16294  30.806  -60.636  -6.294 0.3000000119
16146  39.713  -61.214  3.079 0.1000000015
15263  39.329  -61.291  1.498 0.1000000015
18188  26.641  -58.203  -2.454 0.4000000060
16221  26.516  -60.020  -2.655 0.4000000060
16220  27.112  -60.078  -3.230 0.4000000060
17209  28.689  -59.891  -4.055 0.4000000060
18224  28.935  -59.265  -3.945 0.4000000060
17208  29.140  -59.687  -4.525 0.4000000060
17207  29.734  -59.095  -4.883 0.5000000000
16273  30.246  -60.637  -5.965 0.3000000119
17223  30.639  -59.051  -5.636 0.5000000000
15392  31.805  -61.558  -6.797 0.2000000030
14486  32.768  -62.614  -7.427 0.1000000015
15391  32.495  -61.696  -7.203 0.1000000015
16292  32.374  -60.672  -6.993 0.2000000030
16293  31.528  -60.576  -6.577 0.2000000030
11742  32.628  -65.462  -7.985 0.1000000015
14485  33.148  -62.929  -7.764 0.1000000015
16291  33.057  -60.443  -7.210 0.2000000030
11759  32.876  -64.914  -8.824 0.1000000015
13584  33.338  -63.320  -8.659 0.1000000015
19231  26.109  -57.147  -1.313 0.4000000060
20250  25.943  -56.494  -1.026 0.3000000119
19255  26.502  -57.369  -1.954 0.4000000060
18204  27.791  -58.515  -3.469 0.4000000060
17173  26.652  -59.033  -2.722 0.4000000060
17192  27.575  -59.556  -3.457 0.4000000060
19288  27.913  -57.708  -3.421 0.4000000060
19304  29.796  -57.762  -4.637 0.4000000060
19305  29.367  -57.638  -4.188 0.4000000060
18238  30.276  -58.455  -5.192 0.5000000000
18237  30.949  -58.529  -5.753 0.4000000060
17243  32.005  -59.692  -6.631 0.3000000119
18254  31.640  -58.702  -6.311 0.4000000060
19332  31.275  -57.734  -5.993 0.4000000060
16317  33.645  -60.809  -8.476 0.2000000030
16306  33.835  -60.171  -7.878 0.2000000030
17242  32.872  -59.806  -6.883 0.2000000030
14527  33.498  -62.610  -8.952 0.1000000015
15410  33.441  -61.711  -8.039 0.2000000030
11727  28.974  -65.263  -6.939 0.1000000015
20269  27.061  -56.472  -2.108 0.4000000060
21297  27.137  -55.562  -1.792 0.4000000060
20289  27.996  -56.572  -3.097 0.4000000060
20308  28.972  -57.118  -3.958 0.4000000060
20309  28.532  -56.750  -3.509 0.4000000060
20323  29.531  -56.769  -4.358 0.4000000060
20339  30.385  -56.864  -5.172 0.4000000060
20322  29.956  -56.981  -4.824 0.4000000060
20338  30.947  -56.866  -5.599 0.3000000119
20352  32.251  -56.828  -6.855 0.4000000060
20353  31.513  -56.837  -6.207 0.4000000060
18274  33.173  -58.722  -7.014 0.3000000119
19350  32.956  -57.959  -7.154 0.3000000119
19331  31.998  -57.825  -6.593 0.4000000060
16325  33.479  -60.499  -9.293 0.2000000030
16324  33.962  -59.851  -8.773 0.2000000030
17257  34.310  -59.492  -7.734 0.2000000030
17258  33.592  -59.854  -7.287 0.2000000030
14545  33.195  -62.551  -9.540 0.2000000030
11745  27.273  -65.199  -7.477 0.1000000015
11744  28.343  -64.710  -7.799 0.1000000015
12620  29.473  -64.550  -8.127 0.1000000015
22453  26.947  -54.340  -0.726 0.3000000119
21296  27.712  -55.145  -2.176 0.4000000060
22471  27.712  -54.488  -1.538 0.3000000119
21312  28.107  -55.569  -2.709 0.4000000060
23597  29.579  -54.103  -3.209 0.4000000060
21311  28.693  -55.382  -3.159 0.4000000060
21330  29.716  -55.495  -4.146 0.4000000060
21331  29.103  -55.876  -3.783 0.4000000060
22515  30.619  -55.092  -5.169 0.4000000060
21346  30.054  -56.015  -4.694 0.4000000060
21365  31.093  -55.947  -5.726 0.4000000060
20384  34.345  -56.141  -8.278 0.3000000119
21395  33.983  -55.979  -8.220 0.3000000119
21396  33.320  -55.598  -7.967 0.3000000119
21382  32.388  -55.726  -7.156 0.3000000119
21383  31.657  -55.827  -6.416 0.3000000119
18298  34.530  -58.907  -9.822 0.2000000030
18297  35.288  -58.513  -9.632 0.2000000030
19364  35.721  -57.453  -8.476 0.3000000119
19348  34.994  -57.549  -7.967 0.2000000030
20369  33.134  -56.773  -7.526 0.3000000119
17270  34.355  -59.354  -9.343 0.2000000030
18271  35.364  -58.126  -8.170 0.2000000030
15449  33.129  -61.600  -9.818 0.2000000030
23527  28.720  -52.779  0.133 0.3000000119
23526  29.835  -52.703  0.098 0.3000000119
23552  27.857  -53.612  -0.645 0.3000000119
23575  28.549  -53.708  -1.411 0.4000000060
22452  27.401  -54.319  -1.059 0.3000000119
24709  30.186  -52.796  -2.741 0.3000000119
24710  29.762  -52.901  -1.986 0.4000000060
23596  30.062  -53.736  -3.665 0.4000000060
23587  29.754  -53.553  -3.030 0.4000000060
22490  29.158  -54.761  -3.192 0.4000000060
24721  30.708  -52.805  -3.796 0.4000000060
22489  29.630  -54.785  -3.712 0.4000000060
23610  31.046  -53.219  -5.272 0.3000000119
22500  30.131  -54.780  -4.345 0.4000000060
23669  34.124  -54.154  -8.417 0.3000000119
23653  33.743  -53.702  -8.106 0.2000000030
23642  32.788  -53.622  -7.599 0.2000000030
23643  32.029  -53.666  -6.835 0.2000000030
22514  31.174  -54.914  -5.864 0.3000000119
23628  30.873  -54.292  -5.431 0.3000000119
21411  35.425  -55.288  -8.926 0.3000000119
21413  33.575  -55.011  -8.274 0.3000000119
22539  33.137  -54.476  -8.145 0.2000000030
22528  32.434  -54.619  -7.485 0.2000000030
22529  31.744  -54.720  -6.631 0.2000000030
19389  34.756  -57.263  -10.711 0.2000000030
20407  36.136  -56.083  -10.129 0.3000000119
21409  37.053  -55.685  -9.349 0.3000000119
20382  36.228  -56.347  -8.769 0.3000000119
23510  29.438  -52.529  0.792 0.3000000119
23511  28.506  -52.570  0.902 0.3000000119
24720  31.525  -52.365  -3.991 0.3000000119
24751  34.025  -52.611  -6.323 0.2000000030
24752  33.067  -52.652  -6.251 0.2000000030
24734  32.648  -52.394  -5.349 0.2000000030
24735  31.434  -52.634  -5.100 0.2000000030
24768  34.516  -52.552  -7.086 0.2000000030
24769  33.589  -52.905  -7.291 0.2000000030
24770  32.616  -52.999  -6.897 0.2000000030
24753  32.031  -52.773  -6.153 0.2000000030
24629  29.006  -52.156  1.359 0.2000000030
11781  32.880  -64.976  -9.138 0.1000000015
13597  33.196  -63.384  -9.231 0.1000000015
20408  35.012  -56.123  -10.826 0.3000000119
17271  33.468  -59.746  -9.631 0.2000000030
15316  32.654  -61.580  -1.739 0.3000000119
14428  33.604  -62.815  -2.689 0.3000000119
11662  33.183  -65.684  -1.419 0.2000000030
16148  38.632  -60.506  2.562 0.1000000015
14403  36.903  -62.002  -2.034 0.2000000030
10087  28.835  -68.200  -2.794 0.1000000015
9340  29.020  -68.637  -3.620 0.1000000015
21298  26.494  -55.664  -1.247 0.3000000119
10896  29.356  -66.611  -3.082 0.3000000119
13502  27.910  -63.739  -3.307 0.2000000030
11695  29.513  -65.222  -3.337 0.2000000030
7777  29.087  -70.353  -4.252 0.1000000015
12530  34.933  -64.434  -2.522 0.2000000030
13485  34.272  -63.875  -2.974 0.3000000119
11661  34.762  -65.479  -1.464 0.1000000015
11693  34.005  -65.484  -2.974 0.2000000030
13483  36.264  -62.735  -2.340 0.2000000030
6980  29.125  -71.420  -4.853 0.1000000015
8554  29.109  -69.382  -4.152 0.1000000015
10116  29.550  -67.361  -4.026 0.1000000015
10916  31.055  -66.155  -5.507 0.1000000015
11716  30.964  -65.152  -5.509 0.1000000015
13517  30.149  -63.759  -5.262 0.1000000015
13519  28.408  -63.634  -4.059 0.3000000119
12572  28.746  -64.236  -3.767 0.3000000119
15369  28.161  -61.625  -4.327 0.4000000060
16239  27.664  -60.418  -3.618 0.4000000060
13518  29.379  -63.371  -4.958 0.3000000119
14458  29.143  -62.276  -5.189 0.3000000119
15367  29.354  -61.447  -5.453 0.3000000119
19275  26.910  -57.525  -2.441 0.4000000060
19286  29.067  -57.990  -3.875 0.4000000060
15411  33.067  -61.706  -7.569 0.2000000030
16307  33.359  -60.805  -7.699 0.2000000030
20290  27.556  -56.512  -2.562 0.4000000060
19287  28.467  -57.692  -3.631 0.4000000060
16316  34.065  -59.856  -8.273 0.2000000030
21313  27.542  -55.873  -2.255 0.4000000060
19349  33.968  -57.740  -7.655 0.3000000119
18273  33.785  -58.806  -7.292 0.2000000030
18287  35.414  -58.494  -8.787 0.2000000030
22482  28.388  -54.413  -2.171 0.4000000060
23588  29.277  -53.743  -2.508 0.4000000060
21412  34.221  -55.452  -8.437 0.3000000119
18306  36.117  -57.451  -10.134 0.2000000030
19378  36.745  -57.387  -9.619 0.2000000030
23550  30.224  -52.663  -0.764 0.4000000060
23611  30.686  -53.598  -4.813 0.4000000060
23627  31.285  -53.671  -5.804 0.2000000030
23651  34.760  -52.952  -8.143 0.2000000030
24787  34.021  -53.183  -7.825 0.2000000030
23574  29.409  -53.105  -1.513 0.3000000119
23551  29.069  -53.002  -0.696 0.2000000030
24668  30.858  -52.577  -0.989 0.3000000119
10869  33.549  -66.409  -1.373 0.1000000015
10843  33.597  -67.055  0.035 0.1000000015
10047  33.300  -67.421  -0.496 0.1000000015
14381  37.323  -62.268  -1.037 0.1000000015
9290  32.739  -68.541  0.067 0.1000000015
10068  33.013  -67.583  -1.302 0.1000000015
9308  33.067  -68.248  -0.842 0.1000000015
25863  30.333  -51.339  1.264 0.1000000015
25860  33.153  -51.645  1.585 0.1000000015
24626  32.015  -52.191  1.233 0.1000000015
23509  30.473  -52.439  0.691 0.1000000015
23508  31.577  -52.662  0.755 0.1000000015
23525  30.978  -52.642  0.105 0.1000000015
22427  32.803  -53.507  0.191 0.2000000030
24689  31.214  -52.293  -2.047 0.2000000030
22451  32.840  -53.553  -0.149 0.2000000030
23549  31.378  -52.726  -0.554 0.2000000030
23548  32.476  -53.019  -0.855 0.2000000030
24690  30.407  -52.573  -1.563 0.2000000030
22425  34.132  -54.565  -0.074 0.2000000030
22450  33.551  -53.834  -0.668 0.2000000030
24666  31.996  -52.620  -1.624 0.2000000030
24708  31.331  -52.327  -3.022 0.2000000030
24719  32.449  -52.180  -4.362 0.1000000015
22426  33.375  -53.753  0.319 0.2000000030
23572  32.709  -52.940  -1.801 0.2000000030
23586  32.915  -52.732  -2.491 0.2000000030
24707  32.483  -52.337  -3.262 0.1000000015
23585  33.637  -52.896  -3.105 0.1000000015
24706  33.264  -52.419  -3.852 0.1000000015
24627  30.958  -52.054  1.072 0.1000000015
26972  31.740  -50.507  1.513 0.1000000015
25862  31.373  -51.357  1.287 0.1000000015
25861  32.404  -51.402  1.469 0.1000000015
24625  32.946  -52.225  1.392 0.1000000015
23483  33.533  -52.726  1.294 0.1000000015
23524  32.191  -53.164  0.141 0.2000000030
23547  33.270  -53.437  -1.431 0.2000000030
21436  35.275  -55.251  -10.610 0.2000000030
21426  35.992  -54.982  -9.381 0.2000000030
21435  35.674  -55.091  -9.882 0.2000000030
22581  34.510  -55.153  -11.195 0.2000000030
23691  34.658  -53.603  -10.479 0.2000000030
23682  35.423  -53.809  -9.162 0.2000000030
22572  35.183  -54.307  -10.270 0.2000000030
22565  35.491  -54.133  -9.581 0.2000000030
23692  33.917  -53.897  -10.721 0.2000000030
22552  34.493  -54.571  -8.709 0.2000000030
23690  35.281  -53.236  -9.906 0.1000000015
24828  34.751  -52.756  -10.162 0.2000000030
23681  35.521  -53.147  -9.139 0.2000000030
23666  35.462  -52.886  -8.673 0.2000000030
26019  34.438  -51.676  -9.515 0.1000000015
26018  35.118  -51.788  -9.369 0.1000000015
26006  35.315  -51.793  -8.738 0.1000000015
26009  32.738  -51.407  -8.987 0.1000000015
26010  31.825  -51.079  -8.253 0.1000000015
22404  34.295  -54.325  0.909 0.1000000015
24804  35.336  -52.766  -8.457 0.1000000015
25994  34.982  -51.338  -8.113 0.1000000015
24803  35.370  -52.419  -8.491 0.1000000015
27128  33.272  -50.959  -8.633 0.1000000015
25995  34.429  -51.117  -8.427 0.1000000015
27130  32.254  -50.583  -7.999 0.1000000015
27118  32.774  -50.453  -7.625 0.1000000015
27104  31.343  -50.620  -6.513 0.1000000015
21270  34.788  -55.252  0.249 0.1000000015
21248  35.883  -55.261  1.054 0.1000000015
21249  35.074  -55.185  0.968 0.1000000015
24785  34.973  -52.511  -7.942 0.1000000015
25978  35.299  -51.417  -7.422 0.1000000015
25993  35.328  -51.802  -7.839 0.1000000015
27117  33.765  -50.796  -8.046 0.1000000015
27084  31.929  -49.990  -5.866 0.1000000015
27103  32.433  -50.269  -6.702 0.1000000015
21269  35.668  -55.765  0.402 0.1000000015
22449  34.300  -54.695  -0.991 0.1000000015
25976  36.551  -52.064  -6.248 0.1000000015
24767  35.259  -52.331  -6.850 0.1000000015
27081  35.734  -51.124  -6.304 0.1000000015
25977  35.746  -51.716  -6.826 0.1000000015
24784  35.377  -52.069  -7.383 0.1000000015
27070  35.379  -50.864  -5.091 0.1000000015
27100  35.437  -51.289  -6.978 0.1000000015
27071  34.076  -50.285  -4.593 0.1000000015
27082  34.468  -50.607  -5.981 0.1000000015
27116  34.515  -51.046  -7.980 0.1000000015
27101  34.783  -50.940  -7.255 0.1000000015
28186  33.419  -49.540  -3.459 0.1000000015
27072  33.281  -50.104  -4.792 0.1000000015
20238  35.857  -56.217  -0.088 0.1000000015
21283  34.625  -55.235  -0.510 0.1000000015
24750  34.878  -52.613  -6.248 0.1000000015
27035  34.370  -50.286  -2.600 0.1000000015
28185  33.783  -49.850  -3.441 0.1000000015
23626  35.203  -52.936  -5.595 0.1000000015
24829  33.944  -52.988  -10.488 0.1000000015
26020  33.467  -51.754  -9.549 0.1000000015
27102  33.614  -50.306  -6.930 0.1000000015
28221  32.234  -49.710  -5.068 0.1000000015
24766  36.022  -52.267  -6.446 0.1000000015
12689  27.394  -64.457  -11.649 0.1000000015
13633  27.298  -63.429  -11.572 0.1000000015
11811  26.672  -65.677  -11.469 0.1000000015
11810  27.441  -65.489  -11.291 0.1000000015
9475  26.633  -68.166  -11.629 0.1000000015
8664  26.572  -68.930  -11.567 0.1000000015
6269  25.447  -71.848  -11.330 0.1000000015
12696  28.160  -64.034  -12.360 0.1000000015
14577  27.915  -62.916  -12.118 0.1000000015
11016  26.794  -66.847  -11.568 0.1000000015
10230  27.137  -67.537  -11.282 0.1000000015
14564  27.787  -62.527  -11.020 0.1000000015
15454  28.721  -61.873  -10.829 0.1000000015
14575  29.668  -62.360  -11.477 0.1000000015
13631  29.243  -63.270  -11.838 0.1000000015
13634  26.811  -64.103  -11.295 0.1000000015
15452  30.386  -61.002  -10.814 0.1000000015
15465  30.439  -61.424  -11.064 0.1000000015
14565  27.058  -62.710  -10.346 0.1000000015
15440  29.139  -61.265  -9.656 0.1000000015
15426  28.805  -61.145  -9.069 0.1000000015
14528  27.133  -62.222  -9.052 0.1000000015
14546  27.470  -62.278  -9.865 0.1000000015
15427  28.182  -61.527  -8.843 0.1000000015
14576  28.665  -62.318  -11.836 0.1000000015
6270  24.523  -72.301  -11.459 0.1000000015
3335  27.525  -75.438  13.164 0.1000000015
3336  27.385  -75.565  13.391 0.1000000015
3354  27.424  -75.484  12.941 0.1000000015
3375  27.318  -75.608  12.639 0.1000000015
3376  26.995  -75.858  12.263 0.1000000015
3377  26.688  -75.997  12.050 0.1000000015
3394  27.123  -76.041  12.235 0.1000000015
3897  26.918  -75.368  15.718 0.1000000015
3945  27.679  -75.282  13.113 0.1000000015
3946  27.787  -75.161  13.328 0.1000000015
3961  27.843  -75.115  13.034 0.1000000015
3981  27.686  -75.258  12.737 0.1000000015
3982  27.510  -75.323  12.494 0.1000000015
3983  27.632  -74.996  12.216 0.1000000015
3986  24.383  -76.008  12.120 0.1000000015
4582  29.227  -73.513  13.079 0.1000000015
5217  30.142  -72.835  13.881 0.1000000015
5234  29.763  -73.015  13.575 0.1000000015
5426  27.677  -73.267  -3.034 0.2000000030
5428  26.336  -73.143  -3.506 0.1000000015
5441  26.662  -73.498  -3.907 0.2000000030
5442  25.936  -73.192  -3.827 0.2000000030
5457  26.923  -73.631  -4.678 0.2000000030
5474  27.004  -73.300  -5.470 0.2000000030
5475  26.340  -73.266  -5.038 0.2000000030
5939  31.082  -72.221  13.732 0.1000000015
5941  30.082  -72.590  13.445 0.1000000015
6103  30.288  -72.144  -0.722 0.2000000030
6117  29.750  -72.316  -1.154 0.2000000030
6133  30.063  -72.130  -1.395 0.2000000030
6188  27.216  -72.465  -5.842 0.1000000015
6203  28.194  -71.879  -6.428 0.1000000015
6703  32.740  -70.718  13.738 0.1000000015
6726  32.986  -70.643  13.360 0.1000000015
6742  32.899  -70.763  13.184 0.1000000015
6743  32.712  -70.918  12.976 0.1000000015
6860  31.366  -70.955  1.722 0.1000000015
6872  30.905  -71.273  1.329 0.1000000015
6892  31.371  -71.411  0.446 0.2000000030
6894  29.553  -71.599  0.177 0.1000000015
6905  31.750  -70.894  -0.206 0.1000000015
6906  31.495  -71.258  -0.173 0.1000000015
6948  29.167  -71.380  -2.736 0.2000000030
7015  29.213  -71.148  -6.605 0.1000000015
7074  25.986  -71.584  -11.147 0.1000000015
7081  25.873  -70.977  -11.485 0.1000000015
7508  33.171  -70.403  13.416 0.1000000015
7530  32.945  -70.658  12.975 0.1000000015
7531  32.743  -70.607  12.821 0.1000000015
7532  32.414  -70.612  12.725 0.1000000015
7693  29.845  -71.105  0.733 0.1000000015
7704  31.617  -70.923  -0.486 0.2000000030
7721  31.947  -69.912  -0.801 0.2000000030
7796  27.418  -70.256  -5.947 0.1000000015
7834  30.096  -69.777  -7.674 0.1000000015
7835  29.761  -70.016  -7.499 0.1000000015
8299  29.240  -69.263  13.499 0.1000000015
8483  32.554  -68.958  -0.373 0.2000000030
8524  32.879  -68.686  -0.992 0.2000000030
8525  32.785  -68.629  -1.230 0.2000000030
8593  27.985  -69.628  -6.482 0.1000000015
8609  30.363  -69.388  -7.626 0.1000000015
8611  29.317  -69.568  -7.452 0.1000000015
9327  33.015  -68.267  -1.292 0.2000000030
9328  32.820  -68.287  -1.450 0.2000000030
9330  28.820  -68.670  -2.870 0.1000000015
9357  29.313  -68.816  -4.300 0.1000000015
9398  29.417  -67.875  -7.156 0.1000000015
9435  30.293  -68.018  -8.208 0.1000000015
9482  26.287  -68.261  -11.823 0.1000000015
9913  32.616  -67.615  13.052 0.1000000015
9937  26.010  -67.051  10.453 0.1000000015
10049  30.387  -67.121  -0.757 0.3000000119
10085  32.691  -67.987  -1.462 0.2000000030
10100  28.867  -68.188  -3.057 0.1000000015
10128  30.745  -67.228  -5.305 0.1000000015
10145  29.240  -67.236  -6.790 0.1000000015
10200  32.069  -66.495  -9.487 0.2000000030
10202  31.280  -66.612  -9.018 0.2000000030
10231  27.023  -67.817  -11.461 0.1000000015
10241  26.473  -67.676  -11.740 0.1000000015
10690  31.916  -67.050  13.321 0.1000000015
10694  28.877  -67.196  13.079 0.1000000015
10709  31.826  -66.514  13.381 0.1000000015
10857  31.691  -66.687  -0.769 0.3000000119
10868  34.243  -65.993  -0.981 0.2000000030
10881  33.796  -65.961  -2.216 0.2000000030
10894  34.149  -65.787  -2.481 0.2000000030
10895  33.859  -65.788  -2.644 0.2000000030
10949  29.586  -66.339  -7.237 0.2000000030
10989  32.031  -66.089  -9.750 0.2000000030
10990  31.463  -65.864  -9.430 0.2000000030
11468  31.424  -66.163  13.493 0.1000000015
11574  32.630  -65.856  5.915 0.1000000015
11575  32.025  -65.638  5.965 0.1000000015
11648  32.032  -65.819  -0.605 0.3000000119
11665  28.719  -65.052  -1.605 0.4000000060
11676  35.103  -64.903  -1.867 0.2000000030
11677  34.546  -65.297  -2.368 0.1000000015
11694  33.709  -65.496  -2.501 0.2000000030
11741  32.873  -64.859  -8.374 0.1000000015
11743  29.570  -64.970  -7.754 0.1000000015
11760  32.648  -65.622  -8.838 0.1000000015
11761  30.965  -65.147  -8.982 0.2000000030
11782  32.450  -65.410  -9.643 0.1000000015
11783  31.917  -65.150  -10.045 0.2000000030
11797  32.679  -64.694  -9.695 0.2000000030
11799  32.161  -64.613  -10.121 0.3000000119
12357  37.046  -63.698  10.217 0.1000000015
12394  23.627  -64.632  7.449 0.1000000015
12406  30.730  -64.886  5.967 0.1000000015
12409  28.886  -64.204  7.005 0.1000000015
12423  31.170  -64.654  5.419 0.1000000015
12486  31.806  -65.289  -0.362 0.3000000119
12510  28.034  -64.445  -1.500 0.3000000119
12511  27.432  -63.840  -1.536 0.3000000119
12551  33.869  -64.919  -3.195 0.3000000119
12552  33.687  -65.097  -2.828 0.2000000030
12554  28.429  -64.218  -3.351 0.3000000119
12570  30.019  -64.374  -4.715 0.2000000030
12618  32.955  -64.308  -8.203 0.1000000015
12621  29.150  -64.447  -8.141 0.1000000015
12633  33.066  -64.203  -8.771 0.1000000015
12634  30.470  -64.689  -8.776 0.2000000030
12635  29.741  -64.424  -8.591 0.1000000015
12653  32.903  -64.133  -9.463 0.2000000030
12654  31.587  -64.353  -9.701 0.2000000030
12672  32.568  -64.096  -9.798 0.2000000030
12674  31.936  -64.283  -10.022 0.2000000030
12687  28.889  -63.813  -11.764 0.1000000015
12697  27.910  -64.197  -12.161 0.1000000015
13332  32.781  -62.573  8.401 0.1000000015
13352  24.502  -64.074  7.506 0.1000000015
13363  29.883  -64.058  5.879 0.1000000015
13377  29.859  -63.811  5.821 0.1000000015
13442  31.872  -64.634  -0.399 0.4000000060
13447  27.419  -63.086  -0.536 0.4000000060
13448  26.831  -62.877  -0.731 0.5000000000
13463  36.776  -63.051  -1.678 0.1000000015
13468  27.052  -63.413  -1.156 0.5000000000
13486  33.530  -63.913  -2.475 0.3000000119
13487  27.531  -63.661  -2.857 0.2000000030
13500  34.017  -64.519  -3.180 0.3000000119
13503  27.462  -63.229  -3.243 0.2000000030
13520  27.859  -63.339  -3.662 0.2000000030
13534  31.292  -63.815  -6.273 0.1000000015
13535  30.613  -63.420  -5.961 0.1000000015
13536  29.993  -63.255  -5.498 0.1000000015
13553  32.856  -63.334  -7.577 0.1000000015
13554  32.379  -63.669  -7.152 0.1000000015
13556  31.186  -63.304  -6.368 0.1000000015
13569  33.097  -63.643  -8.035 0.1000000015
13570  32.767  -63.785  -7.602 0.1000000015
13598  31.733  -63.900  -9.842 0.1000000015
13616  32.361  -63.331  -9.899 0.3000000119
13620  27.223  -63.099  -11.139 0.1000000015
13632  28.775  -63.771  -12.006 0.1000000015
13642  28.885  -63.140  -12.359 0.1000000015
13643  28.502  -63.568  -12.289 0.1000000015
13644  27.833  -63.703  -12.270 0.1000000015
14211  26.894  -62.970  9.995 0.1000000015
14260  39.109  -62.144  7.590 0.1000000015
14314  29.846  -63.508  5.826 0.1000000015
14382  36.661  -61.721  -1.309 0.2000000030
14389  26.403  -62.274  -0.715 0.5000000000
14402  37.089  -62.585  -1.506 0.1000000015
14404  36.458  -61.606  -1.685 0.2000000030
14425  36.314  -62.093  -2.535 0.2000000030
14429  33.009  -62.487  -2.127 0.4000000060
14430  26.618  -62.091  -2.382 0.5000000000
14431  26.329  -61.878  -1.720 0.5000000000
14506  33.408  -62.651  -8.247 0.2000000030
14507  33.241  -62.336  -7.766 0.2000000030
14563  28.480  -62.146  -11.355 0.1000000015
14573  31.354  -61.915  -11.007 0.1000000015
14574  30.765  -61.998  -11.129 0.1000000015
14585  29.087  -62.729  -12.230 0.1000000015
14586  28.519  -62.936  -12.404 0.1000000015
14587  28.158  -63.268  -12.432 0.1000000015
15167  36.638  -61.817  12.669 0.1000000015
15168  36.139  -61.981  12.954 0.1000000015
15169  35.632  -61.801  12.911 0.1000000015
15239  39.519  -61.816  4.879 0.1000000015
15282  35.156  -61.270  -0.064 0.3000000119
15283  34.377  -61.237  0.214 0.4000000060
15285  27.892  -60.972  0.447 0.5000000000
15294  35.882  -61.622  -0.875 0.3000000119
15302  25.717  -61.038  -0.218 0.5000000000
15313  35.826  -61.442  -1.851 0.2000000030
15315  33.474  -61.282  -1.997 0.2000000030
15333  35.925  -61.771  -2.554 0.2000000030
15336  33.250  -61.971  -2.261 0.3000000119
15337  32.773  -62.096  -2.022 0.4000000060
15357  27.571  -61.515  -3.722 0.3000000119
15393  31.150  -61.368  -6.507 0.1000000015
15425  33.578  -61.908  -8.591 0.1000000015
15438  33.512  -61.686  -9.169 0.2000000030
15441  28.258  -61.943  -10.167 0.1000000015
15451  31.820  -61.847  -10.794 0.2000000030
15455  28.244  -62.102  -10.707 0.1000000015
15466  29.340  -61.881  -11.267 0.2000000030
15467  28.775  -61.982  -11.434 0.1000000015
16036  35.379  -61.253  11.884 0.1000000015
16037  34.919  -61.233  12.102 0.1000000015
16045  37.134  -61.167  11.323 0.1000000015
16062  35.792  -61.777  12.730 0.1000000015
16112  41.056  -59.748  5.849 0.1000000015
16123  39.139  -59.820  4.012 0.2000000030
16125  33.097  -60.125  4.021 0.3000000119
16132  40.218  -60.906  3.925 0.1000000015
16147  39.440  -60.892  2.729 0.1000000015
16159  39.206  -60.821  2.060 0.2000000030
16166  27.285  -60.034  1.273 0.5000000000
16178  28.395  -60.305  0.461 0.4000000060
16181  25.784  -60.205  0.573 0.5000000000
16193  28.671  -60.755  0.217 0.5000000000
16194  25.884  -60.791  0.326 0.5000000000
16205  30.973  -61.166  -0.720 0.5000000000
16206  25.957  -60.252  -1.731 0.5000000000
16207  25.551  -60.274  -0.915 0.5000000000
16238  28.287  -60.283  -3.920 0.4000000060
16254  29.074  -60.573  -5.105 0.3000000119
16255  28.589  -60.633  -4.409 0.4000000060
16274  29.702  -60.571  -5.544 0.4000000060
16308  32.871  -61.050  -7.363 0.1000000015
16319  29.069  -60.588  -8.760 0.1000000015
16320  28.515  -60.946  -8.448 0.1000000015
16327  29.943  -60.574  -9.571 0.2000000030
16328  29.399  -60.843  -9.305 0.2000000030
16334  32.465  -60.555  -10.568 0.2000000030
16335  30.439  -60.613  -10.451 0.2000000030
16336  30.070  -60.960  -10.124 0.2000000030
16343  30.764  -60.694  -10.951 0.1000000015
16956  35.559  -61.194  11.723 0.1000000015
16973  36.864  -60.982  11.136 0.1000000015
16994  34.550  -60.361  10.821 0.1000000015
17024  35.658  -59.703  9.784 0.1000000015
17043  35.891  -59.380  9.391 0.1000000015
17062  41.076  -59.599  6.047 0.1000000015
17065  39.831  -59.092  4.776 0.1000000015
17079  39.229  -59.314  4.446 0.1000000015
17080  38.266  -59.129  4.293 0.1000000015
17082  36.402  -59.317  4.357 0.2000000030
17101  34.619  -60.024  3.540 0.2000000030
17115  31.350  -59.665  2.305 0.5000000000
17124  31.363  -59.614  1.960 0.5000000000
17125  31.198  -59.546  2.141 0.5000000000
17126  27.665  -59.370  1.343 0.5000000000
17128  26.456  -59.562  1.444 0.4000000060
17137  31.351  -58.870  0.056 0.5000000000
17138  28.697  -59.507  0.590 0.5000000000
17140  27.480  -59.912  1.183 0.5000000000
17142  25.481  -59.327  0.448 0.5000000000
17172  27.057  -59.270  -3.172 0.4000000060
17191  28.257  -59.498  -3.748 0.4000000060
17224  30.224  -59.661  -5.561 0.5000000000
17244  31.032  -59.602  -6.125 0.3000000119
17245  30.559  -60.113  -6.016 0.3000000119
17263  35.179  -58.916  -8.779 0.2000000030
17264  34.784  -59.177  -8.532 0.2000000030
17265  29.615  -59.757  -8.711 0.2000000030
17269  35.123  -58.979  -9.038 0.2000000030
17272  30.476  -59.841  -9.765 0.2000000030
17277  33.947  -59.152  -9.835 0.2000000030
17288  31.673  -60.184  -11.042 0.1000000015
17289  31.214  -60.214  -10.921 0.2000000030
17290  30.861  -60.310  -10.763 0.2000000030
17978  29.621  -58.486  11.841 0.1000000015
17979  29.095  -58.090  11.989 0.1000000015
17992  32.030  -58.930  10.047 0.1000000015
17994  30.648  -58.188  10.638 0.1000000015
18025  36.323  -58.745  8.724 0.1000000015
18026  35.782  -59.019  8.953 0.1000000015
18041  32.396  -58.381  6.083 0.5000000000
18052  33.106  -58.431  5.754 0.5000000000
18070  33.174  -59.043  5.156 0.4000000060
18103  30.977  -59.378  2.474 0.5000000000
18104  31.155  -59.528  2.390 0.5000000000
18105  26.610  -58.179  2.409 0.4000000060
18116  31.139  -59.225  1.416 0.5000000000
18117  31.036  -59.405  1.987 0.5000000000
18118  31.012  -59.424  2.233 0.5000000000
18119  27.817  -58.912  1.563 0.5000000000
18134  31.122  -58.770  0.839 0.5000000000
18136  29.871  -58.477  0.631 0.5000000000
18156  31.071  -58.724  0.080 0.5000000000
18157  30.511  -58.764  0.175 0.5000000000
18187  27.042  -58.473  -3.039 0.4000000060
18202  29.127  -58.371  -3.874 0.4000000060
18203  28.758  -58.555  -3.776 0.4000000060
18222  29.804  -58.449  -4.715 0.4000000060
18223  29.371  -58.541  -4.198 0.4000000060
18252  33.259  -59.221  -6.971 0.2000000030
18253  32.588  -58.850  -6.744 0.3000000119
18272  34.753  -58.554  -7.813 0.2000000030
18275  28.797  -58.359  -7.526 0.1000000015
18286  36.100  -57.791  -9.282 0.2000000030
18288  35.166  -58.644  -8.299 0.2000000030
18291  29.232  -58.819  -8.037 0.1000000015
18296  36.201  -57.754  -9.876 0.2000000030
18301  30.314  -58.960  -9.067 0.2000000030
18307  35.494  -57.817  -10.253 0.2000000030
18311  31.688  -59.071  -10.422 0.2000000030
18312  31.293  -59.138  -10.100 0.2000000030
19054  28.826  -57.116  11.494 0.1000000015
19067  30.180  -57.171  10.499 0.1000000015
19079  36.547  -57.781  8.119 0.1000000015
19114  39.798  -58.091  6.622 0.1000000015
19119  32.639  -57.823  6.203 0.5000000000
19123  29.239  -57.532  6.596 0.5000000000
19138  28.825  -57.888  5.816 0.5000000000
19139  27.961  -57.535  5.763 0.5000000000
19145  29.933  -58.574  4.727 0.5000000000
19154  30.475  -59.039  3.446 0.5000000000
19171  30.552  -58.999  2.176 0.5000000000
19173  29.791  -58.219  2.713 0.5000000000
19188  30.581  -58.921  1.848 0.5000000000
19191  29.053  -57.708  1.722 0.5000000000
19194  25.617  -57.793  2.383 0.4000000060
19209  29.327  -58.130  0.987 0.5000000000
19229  30.791  -58.608  0.455 0.5000000000
19254  27.105  -57.075  -2.388 0.4000000060
19256  25.927  -57.791  -1.361 0.5000000000
19273  28.068  -57.228  -3.354 0.4000000060
19274  27.421  -57.510  -2.946 0.4000000060
19317  30.698  -57.660  -5.431 0.5000000000
19318  30.207  -57.537  -5.068 0.4000000060
19347  35.410  -57.733  -8.166 0.2000000030
19351  29.946  -56.936  -8.027 0.1000000015
19362  37.236  -56.752  -9.331 0.2000000030
19363  36.910  -57.144  -9.026 0.2000000030
19365  35.202  -57.108  -8.185 0.2000000030
19366  30.823  -57.610  -8.990 0.2000000030
19377  37.250  -56.908  -9.681 0.2000000030
19386  37.264  -56.884  -10.036 0.2000000030
19387  36.718  -57.094  -10.099 0.3000000119
19388  35.756  -57.008  -10.375 0.2000000030
20139  35.709  -57.015  7.243 0.2000000030
20149  32.264  -57.464  6.301 0.5000000000
20170  26.877  -57.058  4.779 0.5000000000
20184  25.977  -56.591  3.881 0.6000000238
20201  24.842  -56.329  2.708 0.5000000000
20223  24.570  -55.414  1.635 0.5000000000
20240  24.564  -55.614  1.130 0.5000000000
20270  26.566  -56.469  -1.561 0.4000000060
20367  34.874  -56.953  -8.118 0.2000000030
20368  34.185  -56.671  -8.059 0.3000000119
20370  29.765  -56.388  -7.840 0.1000000015
20380  37.357  -56.608  -9.491 0.3000000119
20381  37.098  -56.290  -9.272 0.3000000119
20383  35.055  -56.423  -8.360 0.3000000119
20395  37.463  -56.447  -9.740 0.3000000119
20396  37.018  -55.899  -9.759 0.3000000119
20397  36.376  -55.478  -9.730 0.2000000030
20398  31.858  -56.768  -9.956 0.3000000119
20399  31.320  -57.224  -9.418 0.2000000030
20405  37.518  -56.739  -10.006 0.2000000030
20406  37.092  -56.532  -10.035 0.3000000119
20411  32.364  -57.348  -10.404 0.3000000119
20415  34.671  -55.719  -11.058 0.2000000030
20416  34.521  -55.914  -11.057 0.4000000060
21045  25.528  -54.427  14.886 0.1000000015
21062  26.577  -55.312  13.175 0.1000000015
21164  35.021  -56.341  6.682 0.3000000119
21186  30.863  -55.349  5.610 0.5000000000
21188  26.694  -56.226  5.962 0.5000000000
21189  26.289  -55.808  5.622 0.5000000000
21196  25.570  -55.223  4.107 0.6000000238
21223  24.617  -55.093  2.024 0.5000000000
21250  24.607  -54.981  1.659 0.5000000000
21285  25.196  -55.457  -0.089 0.4000000060
21332  28.476  -56.021  -3.265 0.4000000060
21347  29.598  -56.027  -4.257 0.4000000060
21366  30.611  -56.157  -5.265 0.3000000119
21410  36.553  -55.583  -9.075 0.3000000119
21416  30.203  -55.595  -8.128 0.1000000015
21425  36.660  -55.519  -9.447 0.3000000119
21427  35.592  -54.684  -9.132 0.2000000030
21428  32.616  -55.132  -10.372 0.3000000119
21445  34.779  -55.389  -11.101 0.2000000030
21446  34.382  -55.565  -11.150 0.2000000030
22297  34.172  -55.573  8.255 0.1000000015
22311  33.874  -54.809  7.648 0.2000000030
22363  25.803  -54.045  3.828 0.5000000000
22364  25.240  -54.461  3.122 0.5000000000
22377  24.861  -54.492  2.156 0.5000000000
22406  24.929  -54.262  1.509 0.5000000000
22407  24.724  -54.663  1.602 0.5000000000
22429  25.047  -54.342  0.867 0.4000000060
22430  24.788  -54.532  1.277 0.5000000000
22455  25.269  -54.709  0.218 0.4000000060
22472  26.987  -54.841  -1.305 0.3000000119
22473  26.423  -54.962  -0.937 0.4000000060
22481  28.708  -54.758  -2.760 0.4000000060
22541  28.727  -54.788  -6.898 0.1000000015
22551  35.146  -54.235  -9.008 0.2000000030
22553  33.848  -54.548  -8.352 0.3000000119
22556  29.863  -54.909  -7.952 0.1000000015
22566  35.508  -54.379  -9.316 0.2000000030
22568  31.959  -54.637  -9.571 0.3000000119
22573  34.594  -54.628  -10.984 0.2000000030
22574  33.710  -54.812  -10.873 0.3000000119
22575  33.003  -54.842  -10.564 0.3000000119
22582  34.225  -55.104  -11.178 0.2000000030
23415  33.280  -54.256  6.639 0.3000000119
23417  27.907  -54.239  6.494 0.5000000000
23419  26.310  -54.060  6.205 0.5000000000
23457  26.059  -53.512  4.599 0.5000000000
23514  25.762  -53.375  1.857 0.4000000060
23515  25.185  -53.900  1.875 0.5000000000
23523  32.821  -53.390  0.406 0.2000000030
23528  27.667  -52.920  0.499 0.3000000119
23554  26.201  -53.838  0.277 0.4000000060
23573  29.954  -52.743  -1.324 0.3000000119
23589  28.881  -53.712  -1.903 0.4000000060
23652  34.434  -53.290  -8.162 0.2000000030
23667  35.137  -53.247  -8.611 0.2000000030
23668  34.499  -53.837  -8.541 0.3000000119
23683  32.798  -53.665  -10.121 0.2000000030
24545  26.964  -52.308  5.981 0.5000000000
24564  30.976  -51.818  4.831 0.3000000119
24565  30.586  -51.869  4.832 0.3000000119
24628  29.943  -52.052  1.149 0.1000000015
24645  27.623  -52.553  1.199 0.4000000060
24667  31.401  -52.562  -1.230 0.2000000030
24688  32.115  -52.490  -2.345 0.2000000030
24691  29.865  -52.792  -1.578 0.3000000119
24736  31.008  -52.744  -4.439 0.3000000119
24749  35.649  -52.628  -6.020 0.1000000015
24786  34.400  -52.899  -7.734 0.2000000030
24790  29.736  -52.738  -7.135 0.1000000015
24817  35.407  -52.397  -9.403 0.1000000015
24818  34.919  -52.186  -9.799 0.1000000015
24819  34.089  -52.204  -10.070 0.1000000015
24820  32.858  -52.643  -9.786 0.2000000030
24821  32.136  -53.029  -9.224 0.2000000030
24827  35.172  -52.603  -9.861 0.1000000015
25796  30.202  -51.463  5.083 0.2000000030
25797  29.766  -51.687  5.215 0.2000000030
25816  26.707  -51.416  3.408 0.4000000060
25838  27.321  -51.257  2.716 0.4000000060
25866  27.796  -51.593  1.920 0.5000000000
25980  30.493  -51.157  -6.249 0.1000000015
25981  29.735  -51.885  -6.200 0.1000000015
26007  34.812  -51.352  -8.922 0.1000000015
26008  33.867  -51.213  -8.928 0.1000000015
26021  32.875  -51.899  -9.461 0.2000000030
26903  29.765  -50.903  5.787 0.2000000030
26925  26.569  -50.844  4.150 0.5000000000
26937  27.150  -50.417  3.251 0.4000000060
26952  28.301  -50.059  1.965 0.3000000119
26974  29.625  -50.415  1.500 0.2000000030
27054  34.145  -50.183  -3.508 0.1000000015
27083  33.107  -50.143  -5.605 0.1000000015
27086  30.453  -50.727  -5.504 0.1000000015
27129  32.744  -50.744  -8.351 0.1000000015
28070  27.733  -48.948  3.166 0.2000000030
28082  31.750  -49.598  1.704 0.1000000015
28097  29.662  -49.743  1.564 0.2000000030
28166  33.890  -49.679  -2.962 0.1000000015
28206  33.688  -49.997  -3.827 0.1000000015
28207  33.205  -49.834  -4.207 0.1000000015
28220  32.828  -49.880  -4.793 0.1000000015
29102  30.214  -46.963  9.583 0.1000000015
29148  28.412  -49.302  8.456 0.1000000015
29231  28.527  -49.027  5.845 0.1000000015
29272  27.679  -48.882  3.421 0.3000000119
29295  30.429  -49.157  1.631 0.2000000030
30253  30.324  -46.760  9.515 0.1000000015
30307  30.730  -46.648  6.904 0.1000000015
30381  33.798  -47.181  4.238 0.1000000015
30403  29.618  -47.317  2.806 0.2000000030
30404  28.862  -47.516  2.998 0.2000000030
30422  31.077  -47.765  2.318 0.2000000030
30425  28.930  -47.842  2.588 0.2000000030
31554  30.541  -46.564  6.644 0.1000000015
31556  29.434  -47.002  6.646 0.1000000015
31601  31.432  -46.318  5.290 0.1000000015
31603  29.583  -46.626  5.450 0.1000000015
31629  32.826  -46.565  4.617 0.1000000015
135815  29.938  -46.891  9.773 0.1000000015
