#!ascii label  , from subject sub.01.bl.02 vox2ras=TkReg
612
63666  14.890  -20.717  -13.165 0.1428571492
62432  13.999  -21.302  -12.851 0.1428571492
64910  14.441  -19.805  -13.562 0.1428571492
63634  15.409  -21.158  -12.142 0.1428571492
64909  15.523  -19.995  -13.424 0.2857142985
64899  15.806  -20.078  -12.743 0.1428571492
66128  15.666  -18.675  -14.891 0.5714285970
64908  16.501  -19.401  -13.734 0.1428571492
64906  18.010  -18.925  -13.669 0.2857142985
64907  17.470  -19.204  -13.547 0.2857142985
66113  18.474  -18.251  -13.848 0.1428571492
69618  18.516  -15.513  -14.950 0.2857142985
68408  18.461  -16.528  -14.954 0.1428571492
67322  18.181  -17.247  -15.306 0.2857142985
70861  18.811  -14.041  -15.657 0.2857142985
70844  18.787  -14.706  -14.881 0.2857142985
73387  19.731  -12.615  -16.766 0.2857142985
72142  19.182  -13.333  -16.351 0.2857142985
74676  20.181  -11.460  -18.044 0.2857142985
77272  21.381  -9.849  -19.862 0.8571428657
76006  20.497  -10.693  -18.483 0.4285714328
74646  20.265  -11.785  -16.791 0.2857142985
79613  22.641  -8.237  -20.739 0.7142857313
78493  22.178  -8.681  -20.130 0.7142857313
78478  21.735  -9.118  -19.556 0.7142857313
76026  20.876  -10.277  -19.268 0.7142857313
79612  23.148  -7.666  -21.359 0.8571428657
79626  22.220  -8.202  -21.932 0.8571428657
78494  21.734  -9.301  -20.463 0.7142857313
81777  25.052  -5.763  -22.600 0.4285714328
80717  23.805  -7.067  -21.862 0.7142857313
84024  27.419  -3.649  -22.912 0.2857142985
84045  27.394  -3.723  -24.023 0.5714285970
80732  24.567  -6.364  -23.178 0.8571428657
80731  25.287  -5.815  -23.364 0.7142857313
80733  24.019  -7.091  -22.868 0.8571428657
84025  26.546  -3.183  -22.835 0.1428571492
81814  26.125  -4.608  -24.410 0.5714285970
81794  25.285  -5.680  -24.074 0.8571428657
86333  25.895  -1.377  -21.973 0.1428571492
85171  25.975  -2.349  -22.357 0.1428571492
84026  25.612  -3.308  -22.891 0.4285714328
82918  24.774  -4.745  -25.255 0.8571428657
87399  26.427  -0.117  -22.362 0.1428571492
86332  26.593  -1.055  -22.799 0.1428571492
87400  26.116  -0.613  -22.006 0.1428571492
86334  25.035  -1.903  -21.914 0.4285714328
84036  24.802  -3.816  -23.504 0.7142857313
81795  23.837  -5.118  -24.479 0.8571428657
87377  25.964  0.052  -21.722 0.1428571492
88393  25.332  0.709  -21.483 0.1428571492
87378  25.353  -0.373  -21.366 0.1428571492
86313  24.954  -1.246  -21.366 0.5714285970
85182  24.010  -3.356  -23.278 0.8571428657
82884  24.343  -4.301  -24.397 0.8571428657
84037  23.743  -3.783  -23.728 0.8571428657
89552  25.471  1.723  -21.968 0.1428571492
89553  24.445  1.516  -21.238 0.2857142985
88394  24.384  0.562  -21.195 0.1428571492
86314  23.920  -1.574  -21.570 0.8571428657
85172  24.274  -2.747  -22.499 0.7142857313
85159  23.229  -2.085  -21.990 0.8571428657
91788  23.973  3.240  -21.134 0.1428571492
91768  24.049  3.999  -21.033 0.1428571492
89554  23.452  1.459  -21.096 0.4285714328
88396  22.447  0.418  -21.553 0.8571428657
88395  23.418  0.584  -21.211 0.8571428657
86315  22.727  -1.339  -21.983 0.8571428657
85160  22.746  -1.938  -22.093 0.8571428657
90667  23.688  2.387  -21.040 0.4285714328
87380  23.122  -0.477  -21.527 0.8571428657
87381  22.094  -0.395  -21.998 0.8571428657
91769  23.918  3.851  -20.902 0.1428571492
92861  23.257  4.766  -20.459 0.2857142985
90646  23.380  2.853  -20.841 0.5714285970
90647  23.011  2.871  -20.659 0.8571428657
90668  22.316  2.575  -21.042 0.8571428657
89555  22.378  1.401  -21.402 0.8571428657
89556  22.011  0.945  -21.662 0.8571428657
89573  21.419  1.428  -21.828 0.8571428657
87382  21.615  0.100  -22.272 0.8571428657
93964  22.786  5.580  -20.760 0.2857142985
92878  22.288  4.837  -20.583 0.7142857313
91770  23.117  3.774  -20.410 0.5714285970
91789  21.951  3.980  -20.809 0.8571428657
90688  21.503  2.194  -21.542 0.8571428657
90689  20.684  2.658  -22.386 0.8571428657
88414  21.230  0.639  -22.401 0.8571428657
92879  21.406  4.801  -20.974 0.8571428657
92880  20.768  4.770  -21.670 0.8571428657
90670  20.763  3.325  -22.167 0.8571428657
91822  20.029  3.609  -23.280 0.7142857313
93966  21.063  5.753  -21.523 0.8571428657
93984  20.511  5.748  -22.362 0.8571428657
91791  20.808  3.891  -21.995 0.8571428657
94001  19.997  5.615  -23.088 0.8571428657
92917  19.941  4.623  -23.164 0.7142857313
96219  21.071  7.743  -22.845 0.7142857313
96232  20.636  7.983  -23.626 0.8571428657
97369  20.529  8.804  -24.311 0.7142857313
92900  20.401  4.735  -22.464 0.8571428657
95064  20.137  6.910  -23.306 0.8571428657
100390  23.761  11.899  -23.939 0.1428571492
97357  21.266  8.614  -23.498 0.8571428657
98385  21.097  9.308  -23.838 0.7142857313
98399  21.327  9.874  -23.953 0.7142857313
96248  20.035  7.921  -24.076 0.8571428657
102243  24.372  13.046  -24.940 0.1428571492
99384  21.717  10.093  -23.876 0.5714285970
99397  22.046  11.110  -24.091 0.5714285970
100403  21.418  11.551  -25.019 0.5714285970
100391  22.738  11.578  -24.205 0.1428571492
102257  24.669  13.912  -26.388 0.1428571492
101328  21.360  12.458  -25.354 0.5714285970
102274  23.666  14.592  -26.727 0.1428571492
136410  24.148  14.558  -27.793 0.1428571492
102245  23.092  13.213  -25.032 0.1428571492
136409  23.462  15.259  -28.737 0.1428571492
101315  22.285  12.519  -24.844 0.5714285970
103189  23.133  14.991  -27.219 0.1428571492
104024  22.440  15.720  -27.809 0.1428571492
62397  14.668  -22.117  -12.110 0.1428571492
62417  14.249  -21.878  -12.560 0.1428571492
64898  16.258  -19.781  -12.825 0.1428571492
68397  19.192  -16.491  -14.045 0.2857142985
68398  18.822  -16.992  -14.442 0.2857142985
67312  18.520  -17.487  -14.658 0.1428571492
74662  19.927  -12.059  -17.628 0.2857142985
73403  19.632  -12.567  -17.389 0.2857142985
76005  20.910  -10.115  -18.590 0.4285714328
74691  20.086  -11.402  -18.808 0.5714285970
80704  23.649  -6.942  -20.775 0.2857142985
76045  20.922  -10.506  -20.185 0.7142857313
82870  25.560  -5.273  -22.076 0.1428571492
79641  23.525  -7.341  -23.424 0.8571428657
82882  25.957  -3.806  -24.579 0.7142857313
88392  26.151  0.734  -21.925 0.1428571492
87379  24.200  -0.440  -21.281 0.8571428657
85173  22.628  -2.405  -22.457 0.8571428657
86316  22.221  -0.970  -22.228 0.8571428657
93965  21.905  5.677  -21.077 0.8571428657
96203  21.424  7.313  -22.064 0.8571428657
97351  21.704  8.325  -22.996 0.8571428657
98384  21.831  9.422  -23.632 0.7142857313
136400  24.101  14.354  -26.635 0.1428571492
136418  24.196  14.966  -29.925 0.1428571492
61164  13.829  -22.405  -12.314 0.1428571492
64921  16.131  -19.146  -14.432 0.4285714328
66126  17.666  -18.275  -14.943 0.2857142985
66115  17.105  -19.138  -14.059 0.4285714328
66125  18.264  -18.010  -14.692 0.1428571492
69617  19.324  -15.342  -14.133 0.2857142985
70862  18.380  -14.906  -15.630 0.2857142985
76027  20.247  -10.915  -19.542 0.7142857313
85169  26.998  -1.605  -22.927 0.1428571492
88413  26.726  0.604  -22.513 0.1428571492
90666  24.549  2.586  -21.469 0.1428571492
91787  24.453  3.703  -21.679 0.1428571492
88377  23.577  0.975  -21.142 0.8571428657
85183  23.237  -3.165  -23.185 0.8571428657
84038  22.725  -3.710  -23.706 1.0000000000
93945  24.252  5.144  -20.692 0.1428571492
95004  23.967  5.697  -20.865 0.1428571492
95023  22.451  6.432  -21.229 0.2857142985
90699  20.122  2.529  -23.616 0.8571428657
95024  21.585  6.570  -21.553 0.5714285970
96218  21.857  7.918  -22.377 0.5714285970
97350  22.333  8.563  -22.783 0.5714285970
99383  22.421  10.403  -23.610 0.4285714328
99371  22.997  9.934  -23.015 0.2857142985
100374  23.331  11.103  -23.694 0.2857142985
101314  23.342  12.519  -24.548 0.1428571492
102261  21.476  13.413  -25.569 0.2857142985
102258  24.478  13.381  -25.409 0.1428571492
103176  23.053  14.689  -26.388 0.1428571492
103166  22.589  14.426  -25.883 0.1428571492
103177  22.115  15.125  -26.620 0.1428571492
104032  22.860  15.862  -28.792 0.1428571492
104958  22.413  16.226  -28.427 0.1428571492
104036  22.717  16.400  -29.638 0.1428571492
96201  23.012  7.134  -21.495 0.4285714328
96217  22.685  7.908  -22.090 0.4285714328
97349  23.241  8.562  -22.498 0.4285714328
98371  22.797  9.271  -23.003 0.4285714328
98372  22.253  9.090  -23.249 0.5714285970
98383  22.363  9.583  -23.349 0.5714285970
63653  15.509  -20.621  -12.581 0.1428571492
62431  14.456  -21.216  -12.873 0.1428571492
62418  13.679  -21.521  -12.377 0.1428571492
64923  15.021  -19.697  -14.048 0.4285714328
64922  15.583  -19.388  -14.217 0.5714285970
64897  17.201  -19.662  -12.638 0.1428571492
66114  17.609  -18.826  -14.153 0.1428571492
78510  21.392  -9.121  -21.360 0.7142857313
80716  24.367  -6.386  -22.290 0.8571428657
79625  23.246  -7.587  -22.502 0.8571428657
81775  26.810  -4.786  -23.256 0.5714285970
84035  26.114  -3.621  -23.911 0.5714285970
85170  26.658  -1.723  -22.487 0.1428571492
90669  21.113  3.007  -21.674 0.8571428657
90687  22.052  1.999  -21.431 0.8571428657
89574  20.689  1.551  -22.755 0.8571428657
91790  21.272  3.769  -21.307 0.8571428657
95045  20.888  6.705  -22.227 0.8571428657
101313  24.307  12.605  -24.510 0.1428571492
100392  21.886  11.603  -24.516 0.5714285970
99398  21.397  10.641  -24.470 0.5714285970
101342  25.341  13.216  -27.533 0.1428571492
101327  21.867  13.000  -25.246 0.4285714328
102259  23.593  14.027  -25.773 0.1428571492
136416  24.000  14.839  -29.270 0.1428571492
102260  22.380  13.564  -25.423 0.1428571492
136411  23.282  15.338  -28.016 0.1428571492
96202  22.113  7.309  -21.667 0.5714285970
66140  16.251  -18.405  -15.107 0.4285714328
70882  18.238  -14.657  -16.778 0.5714285970
103167  21.703  14.275  -25.859 0.1428571492
70883  17.672  -15.201  -17.026 0.5714285970
69670  16.996  -15.195  -17.419 0.5714285970
70884  16.208  -14.677  -17.126 0.2857142985
70900  18.130  -14.383  -17.922 0.5714285970
70915  17.145  -14.514  -18.088 0.5714285970
68436  15.816  -16.071  -16.447 0.4285714328
70885  15.672  -14.435  -16.869 0.2857142985
70902  16.585  -14.626  -17.618 0.4285714328
73419  19.467  -12.749  -18.080 0.4285714328
73421  18.487  -13.370  -19.025 0.5714285970
72179  17.799  -13.696  -18.824 0.5714285970
72193  17.278  -13.434  -18.924 0.4285714328
73434  19.396  -12.548  -18.832 0.5714285970
73435  18.907  -12.750  -19.309 0.5714285970
74692  19.509  -11.821  -19.401 0.7142857313
74693  18.563  -12.079  -19.765 0.4285714328
76028  19.624  -11.091  -20.018 0.4285714328
72180  16.990  -13.860  -18.477 0.4285714328
72163  15.810  -13.788  -17.269 0.2857142985
72192  17.457  -13.285  -19.148 0.4285714328
76046  20.130  -10.618  -20.516 0.7142857313
77289  18.874  -9.808  -21.097 0.4285714328
77301  20.004  -9.710  -21.388 0.7142857313
78512  19.247  -9.029  -21.446 0.5714285970
78511  20.381  -9.063  -21.641 0.7142857313
79629  18.858  -7.909  -21.807 0.2857142985
76061  20.807  -10.430  -20.929 0.5714285970
76062  20.311  -10.216  -21.115 0.7142857313
79627  20.910  -8.259  -21.999 0.7142857313
79644  20.227  -7.473  -22.513 0.7142857313
79645  19.240  -7.314  -22.217 0.4285714328
80737  19.507  -6.468  -22.762 0.4285714328
78509  22.107  -8.795  -20.964 0.5714285970
79643  21.362  -7.446  -22.612 0.5714285970
80735  21.595  -6.522  -23.187 0.7142857313
81797  21.814  -5.607  -23.332 0.7142857313
80751  20.660  -6.153  -23.353 0.7142857313
81799  19.742  -5.616  -23.289 0.5714285970
82888  20.030  -4.468  -23.559 0.5714285970
79653  24.202  -6.673  -24.079 0.7142857313
79655  23.245  -7.247  -23.722 0.5714285970
79642  22.569  -7.370  -23.220 0.5714285970
80734  22.432  -6.475  -23.456 0.7142857313
82886  22.309  -4.587  -23.534 0.8571428657
84039  21.643  -3.596  -23.548 0.7142857313
84040  20.525  -3.452  -23.783 0.5714285970
80749  23.135  -6.755  -23.826 0.5714285970
81779  22.065  -6.182  -23.240 0.7142857313
85185  21.052  -2.426  -24.070 0.7142857313
85186  20.387  -2.899  -24.417 0.5714285970
86356  20.135  -1.253  -24.519 0.2857142985
82885  23.363  -4.534  -23.853 0.7142857313
85184  22.103  -2.961  -23.273 0.7142857313
87415  20.631  -0.274  -23.749 0.7142857313
85174  21.632  -2.109  -23.089 0.8571428657
85175  21.324  -1.789  -23.645 0.8571428657
86347  20.477  -0.772  -24.195 0.5714285970
87403  20.761  0.168  -23.288 0.8571428657
88432  20.183  0.626  -24.391 0.7142857313
87402  21.382  -0.335  -22.842 0.8571428657
88424  20.480  0.690  -23.699 0.8571428657
88415  20.742  0.675  -23.031 0.8571428657
89583  20.442  1.488  -23.570 0.7142857313
94002  19.618  5.505  -23.833 0.7142857313
95065  19.687  6.188  -23.601 0.5714285970
94015  19.598  5.468  -24.851 0.7142857313
95082  19.540  6.641  -24.423 0.7142857313
95081  19.647  7.360  -24.042 0.8571428657
96267  19.580  7.489  -25.484 0.7142857313
95096  19.484  6.473  -25.683 0.7142857313
97400  19.510  8.599  -26.163 0.7142857313
97401  18.867  8.517  -27.094 0.5714285970
97370  20.193  8.212  -24.844 0.7142857313
97399  19.965  9.202  -26.086 0.7142857313
98423  20.178  9.767  -25.863 0.4285714328
98424  19.526  9.740  -26.495 0.5714285970
98425  19.076  9.284  -26.952 0.5714285970
97385  20.218  8.864  -25.451 0.5714285970
97410  18.222  8.637  -27.722 0.5714285970
99425  20.045  10.593  -26.473 0.5714285970
98434  19.035  9.961  -27.208 0.5714285970
98435  18.569  9.571  -27.664 0.4285714328
98436  17.821  9.524  -28.086 0.5714285970
97411  17.512  8.652  -27.778 0.4285714328
99433  18.135  10.456  -28.144 0.5714285970
99435  16.935  10.020  -27.256 0.4285714328
97413  15.996  8.112  -27.273 0.4285714328
99434  17.519  10.383  -27.673 0.5714285970
98437  17.159  9.437  -27.608 0.5714285970
100405  17.299  11.287  -26.239 0.4285714328
77258  21.321  -9.621  -18.832 0.2857142985
100419  17.829  11.290  -27.143 0.2857142985
99427  17.049  10.699  -26.911 0.4285714328
99414  16.831  10.603  -25.989 0.2857142985
69653  17.204  -15.724  -16.877 0.5714285970
68435  16.618  -16.239  -16.707 0.5714285970
72161  18.655  -13.919  -17.613 0.2857142985
69671  16.769  -15.253  -17.254 0.5714285970
72160  19.179  -13.192  -17.323 0.2857142985
72177  19.028  -13.439  -18.067 0.5714285970
69654  16.308  -15.282  -16.903 0.2857142985
73422  16.442  -13.265  -18.325 0.4285714328
73436  17.952  -12.933  -19.400 0.4285714328
73405  16.125  -13.176  -17.784 0.2857142985
73437  16.829  -12.887  -19.215 0.2857142985
76047  19.117  -10.678  -20.511 0.5714285970
78477  22.141  -8.471  -19.267 0.2857142985
78496  18.490  -9.156  -21.120 0.2857142985
79628  19.815  -8.208  -21.993 0.7142857313
86355  20.705  -1.735  -24.332 0.7142857313
92918  19.581  4.526  -23.995 0.7142857313
91823  19.604  3.577  -24.100 0.7142857313
96283  19.214  7.505  -26.426 0.7142857313
96299  17.909  8.103  -27.647 0.5714285970
98426  16.474  9.413  -27.182 0.2857142985
98400  20.852  9.780  -24.345 0.5714285970
99399  20.797  10.197  -24.799 0.5714285970
99413  20.628  10.637  -25.450 0.5714285970
99432  18.665  10.551  -27.552 0.5714285970
100425  18.908  11.287  -27.305 0.2857142985
74694  17.594  -12.032  -19.875 0.4285714328
70881  18.704  -13.944  -16.428 0.2857142985
77287  21.272  -9.926  -20.751 0.5714285970
81816  24.497  -5.343  -24.945 0.7142857313
81796  22.980  -5.667  -23.609 0.7142857313
86336  22.008  -1.407  -22.489 0.7142857313
96249  19.798  7.634  -24.717 0.8571428657
70901  17.447  -14.870  -17.551 0.5714285970
70903  16.105  -14.377  -17.197 0.4285714328
72178  18.508  -13.820  -18.439 0.5714285970
70914  17.600  -14.289  -18.270 0.5714285970
68420  16.240  -16.975  -16.320 0.5714285970
72162  16.366  -13.718  -17.971 0.4285714328
73420  19.050  -13.197  -18.693 0.5714285970
74709  19.048  -11.435  -20.051 0.5714285970
74710  18.306  -11.337  -20.266 0.4285714328
77288  19.674  -10.170  -21.057 0.7142857313
77302  19.474  -9.695  -21.283 0.5714285970
78495  18.897  -9.326  -21.209 0.4285714328
77290  17.890  -9.718  -20.989 0.4285714328
76048  18.139  -10.557  -20.778 0.4285714328
77300  20.767  -9.830  -21.323 0.7142857313
80736  20.582  -6.746  -22.926 0.7142857313
80750  21.218  -5.971  -23.442 0.7142857313
81798  20.773  -5.422  -23.557 0.7142857313
82887  21.189  -4.517  -23.551 0.7142857313
82905  19.249  -4.037  -23.789 0.2857142985
85194  20.452  -1.943  -24.480 0.5714285970
85195  19.759  -2.296  -24.809 0.2857142985
87414  21.175  -0.786  -23.508 0.8571428657
97386  19.896  8.137  -25.363 0.8571428657
99426  19.311  10.614  -27.055 0.7142857313
100427  17.834  11.010  -27.954 0.5714285970
73438  16.053  -12.028  -19.137 0.1428571492
74695  16.579  -11.600  -19.858 0.4285714328
66129  14.658  -18.974  -14.278 0.4285714328
72126  19.605  -13.176  -15.349 0.1428571492
73370  19.820  -12.811  -16.080 0.1428571492
75985  20.498  -11.004  -17.382 0.1428571492
73386  20.157  -12.384  -16.300 0.1428571492
72125  20.098  -12.766  -14.872 0.1428571492
75984  21.085  -9.996  -17.755 0.1428571492
74624  20.420  -12.085  -16.169 0.1428571492
79599  22.560  -8.019  -19.735 0.2857142985
105815  21.303  17.590  -30.572 0.1428571492
89592  19.848  1.521  -25.026 0.4285714328
104976  21.028  17.430  -29.939 0.1428571492
104009  21.767  15.619  -27.258 0.1428571492
91841  19.242  3.310  -25.449 0.4285714328
92928  19.469  4.431  -24.902 0.5714285970
94026  19.130  4.701  -26.180 0.4285714328
103179  19.974  14.207  -26.605 0.2857142985
101343  19.933  12.338  -26.700 0.2857142985
100417  19.652  11.431  -26.947 0.2857142985
102275  20.180  13.154  -26.362 0.2857142985
92948  16.978  4.569  -26.341 0.1428571492
94025  19.441  5.326  -26.017 0.5714285970
101344  19.061  12.168  -27.032 0.2857142985
94040  18.478  5.367  -26.442 0.4285714328
95114  18.438  6.502  -26.794 0.5714285970
95115  17.437  6.632  -26.805 0.4285714328
95132  16.470  7.003  -27.095 0.2857142985
100418  18.331  11.565  -27.208 0.1428571492
101353  18.695  11.509  -27.327 0.1428571492
101354  18.587  11.679  -27.195 0.1428571492
95133  15.884  6.824  -26.941 0.1428571492
96301  16.503  7.663  -27.367 0.4285714328
101346  17.791  11.829  -26.309 0.1428571492
101345  18.442  12.159  -26.644 0.1428571492
102277  18.950  13.370  -26.559 0.1428571492
96302  15.850  7.463  -27.188 0.2857142985
101331  17.551  11.767  -25.556 0.2857142985
100393  17.531  11.051  -24.676 0.1428571492
101317  18.120  11.893  -24.699 0.1428571492
101330  18.043  12.439  -25.726 0.1428571492
67315  14.863  -18.038  -15.022 0.4285714328
68409  14.181  -17.037  -14.997 0.2857142985
70843  19.525  -13.971  -14.421 0.1428571492
74645  20.673  -11.300  -16.490 0.1428571492
77241  21.647  -9.281  -18.036 0.1428571492
91832  19.440  3.489  -24.808 0.2857142985
101329  20.600  12.363  -26.069 0.2857142985
67302  18.943  -17.375  -13.982 0.1428571492
66112  19.118  -17.759  -13.538 0.1428571492
79598  23.062  -7.490  -20.228 0.1428571492
95116  16.491  6.333  -26.618 0.1428571492
90708  19.791  2.465  -24.640 0.4285714328
96284  18.424  7.553  -27.167 0.5714285970
100404  20.891  11.599  -25.553 0.4285714328
103180  18.993  14.619  -27.056 0.2857142985
102262  20.795  13.154  -25.904 0.2857142985
103169  20.457  13.600  -26.249 0.2857142985
104011  20.011  15.278  -27.066 0.1428571492
104026  20.293  16.129  -27.604 0.1428571492
104025  21.402  16.119  -27.626 0.1428571492
102263  18.542  13.371  -25.989 0.2857142985
104010  21.076  15.565  -27.019 0.1428571492
104959  21.839  16.498  -28.307 0.1428571492
104012  19.392  14.962  -27.227 0.2857142985
103168  20.840  13.931  -26.007 0.2857142985
103178  20.922  14.779  -26.439 0.1428571492
92934  19.218  4.235  -25.565 0.4285714328
94039  18.982  5.861  -26.643 0.5714285970
100416  20.393  11.486  -26.328 0.2857142985
100394  17.133  11.164  -25.365 0.2857142985
90700  19.675  2.988  -24.267 0.5714285970
95113  19.145  6.508  -26.610 0.5714285970
96300  17.409  7.662  -27.425 0.5714285970
73369  20.322  -12.461  -15.615 0.1428571492
75983  21.660  -9.521  -17.531 0.1428571492
91842  18.939  3.180  -26.042 0.2857142985
102276  19.460  13.304  -26.605 0.2857142985
94041  17.275  5.483  -26.406 0.2857142985
96285  17.946  7.080  -27.096 0.5714285970
95131  16.935  7.238  -27.207 0.4285714328
67316  13.870  -17.895  -14.071 0.2857142985
77240  22.128  -9.139  -17.459 0.1428571492
90715  19.285  2.432  -25.538 0.2857142985
103181  18.739  14.670  -26.508 0.1428571492
104028  18.264  15.887  -27.198 0.1428571492
102247  18.613  13.111  -24.936 0.1428571492
103191  18.530  15.099  -27.176 0.1428571492
103171  18.920  14.344  -25.143 0.1428571492
104000  19.439  15.249  -24.745 0.1428571492
104013  18.889  15.903  -25.820 0.1428571492
84048  19.854  -3.201  -24.448 0.2857142985
74677  19.813  -12.036  -18.488 0.2857142985
103190  18.540  15.309  -27.442 0.1428571492
103170  19.386  14.627  -24.439 0.1428571492
68419  17.144  -16.748  -16.392 0.4285714328
67323  17.618  -17.539  -15.645 0.2857142985
69634  17.539  -16.254  -16.303 0.2857142985
68418  17.809  -16.694  -15.779 0.1428571492
69633  17.940  -15.708  -15.987 0.2857142985
67324  16.829  -17.657  -15.925 0.2857142985
67313  18.140  -17.790  -15.138 0.1428571492
69652  17.751  -15.346  -16.692 0.2857142985
68434  16.998  -16.292  -16.729 0.4285714328
67325  15.812  -17.800  -15.484 0.2857142985
67326  14.878  -17.231  -15.516 0.2857142985
68421  15.339  -16.740  -15.991 0.2857142985
74711  17.417  -11.149  -20.383 0.2857142985
76049  17.279  -10.325  -20.693 0.2857142985
79646  18.616  -7.244  -21.966 0.1428571492
81800  18.770  -5.401  -23.151 0.1428571492
85203  19.087  -2.673  -25.011 0.1428571492
86357  19.220  -1.268  -25.030 0.1428571492
87423  20.089  -0.245  -24.486 0.1428571492
88433  19.625  0.588  -25.068 0.1428571492
88441  18.881  0.518  -25.641 0.1428571492
92935  18.809  4.093  -26.102 0.1428571492
91854  17.526  3.575  -26.304 0.1428571492
91853  18.302  3.506  -26.257 0.1428571492
97412  16.638  8.547  -27.515 0.1428571492
98414  16.236  9.308  -26.438 0.1428571492
97388  15.491  7.819  -26.196 0.1428571492
99428  16.645  10.007  -26.615 0.1428571492
99402  16.635  9.593  -25.345 0.1428571492
99415  16.559  9.838  -25.828 0.1428571492
66139  16.772  -18.234  -15.335 0.1428571492
89599  19.106  1.517  -25.656 0.1428571492
92947  17.911  4.431  -26.326 0.1428571492
66130  14.054  -18.702  -13.838 0.2857142985
80738  18.376  -6.566  -22.286 0.1428571492
82889  19.006  -4.748  -23.534 0.1428571492
82906  18.431  -3.960  -23.757 0.1428571492
84041  19.731  -3.644  -23.875 0.1428571492
85204  18.515  -2.256  -25.184 0.1428571492
86365  18.522  -1.336  -25.453 0.1428571492
87431  18.666  -0.449  -25.540 0.1428571492
90727  17.853  2.977  -26.295 0.1428571492
97387  15.753  8.600  -26.268 0.1428571492
97402  15.886  8.775  -27.070 0.1428571492
74712  16.805  -10.767  -20.268 0.2857142985
67314  15.430  -18.201  -15.181 0.2857142985
81781  18.637  -5.869  -22.788 0.1428571492
96286  15.441  7.238  -26.733 0.1428571492
85205  17.432  -2.344  -25.213 0.1428571492
68399  12.925  -17.259  -13.598 0.1428571492
68400  12.039  -17.074  -13.326 0.1428571492
68410  13.360  -16.516  -14.418 0.1428571492
68437  15.000  -15.853  -16.119 0.1428571492
80703  24.177  -6.295  -21.305 0.1428571492
81749  24.401  -5.446  -20.883 0.1428571492
96216  23.617  7.818  -21.834 0.1428571492
66117  13.516  -18.844  -13.194 0.1428571492
68423  13.814  -16.192  -15.137 0.1428571492
68422  14.461  -16.297  -15.641 0.1428571492
70886  14.744  -14.567  -16.586 0.1428571492
72145  15.071  -13.751  -16.901 0.1428571492
96200  23.892  6.888  -21.504 0.1428571492
66116  14.169  -19.093  -13.746 0.1428571492
81764  24.669  -5.593  -21.832 0.1428571492
69655  15.366  -15.229  -16.500 0.1428571492
67303  13.196  -17.999  -13.422 0.1428571492
69656  14.614  -15.213  -16.236 0.1428571492
62433  13.815  -21.262  -12.684 0.1428571492
63633  15.891  -20.859  -11.718 0.1428571492
63651  16.610  -19.960  -12.366 0.1428571492
63652  16.115  -20.184  -12.275 0.1428571492
66127  16.735  -18.841  -14.644 0.4285714328
70913  18.040  -14.131  -18.448 0.5714285970
72143  18.736  -13.788  -16.914 0.2857142985
72144  15.538  -13.967  -16.969 0.2857142985
73404  16.359  -13.387  -18.031 0.4285714328
74661  20.210  -11.566  -17.456 0.2857142985
75964  20.604  -11.167  -16.777 0.1428571492
79580  22.472  -7.951  -18.977 0.2857142985
79640  24.212  -6.958  -23.701 0.7142857313
79654  23.738  -7.084  -24.073 0.8571428657
80746  25.290  -5.734  -23.833 0.8571428657
80747  24.735  -6.061  -23.999 0.8571428657
80748  24.016  -6.086  -24.113 0.7142857313
80752  20.103  -6.299  -23.160 0.7142857313
80763  24.882  -5.822  -24.376 0.8571428657
80764  24.655  -5.795  -24.456 0.7142857313
81776  26.089  -5.381  -22.701 0.1428571492
81778  22.348  -6.007  -23.326 0.7142857313
81780  19.172  -5.809  -22.937 0.4285714328
81792  26.704  -4.559  -23.999 0.5714285970
81793  25.906  -5.314  -23.807 0.7142857313
81813  26.653  -4.417  -24.306 0.5714285970
81815  25.214  -5.452  -24.562 0.8571428657
81825  25.439  -4.665  -24.839 0.8571428657
81826  24.980  -4.990  -25.147 0.8571428657
81827  24.683  -5.019  -25.248 0.8571428657
82855  27.051  -4.118  -22.337 0.2857142985
82867  27.722  -3.858  -23.319 0.2857142985
82868  27.391  -4.270  -22.945 0.2857142985
82869  26.148  -5.207  -22.130 0.1428571492
82880  27.828  -3.796  -23.593 0.2857142985
82881  27.444  -4.185  -23.657 0.5714285970
82883  25.367  -3.931  -24.512 0.7142857313
82900  27.649  -3.829  -23.914 0.5714285970
82901  26.966  -4.134  -24.335 0.5714285970
82902  25.960  -4.080  -24.899 0.7142857313
82903  24.968  -4.274  -25.096 0.8571428657
82904  24.414  -4.755  -25.044 0.8571428657
82917  25.196  -4.526  -25.110 0.8571428657
82919  24.506  -4.935  -25.222 0.8571428657
84023  27.861  -3.660  -23.385 0.2857142985
84033  27.869  -3.496  -23.677 0.2857142985
84034  27.151  -3.533  -23.651 0.4285714328
84046  26.718  -3.763  -24.308 0.5714285970
84047  26.238  -3.781  -24.531 0.7142857313
84049  19.053  -3.425  -24.253 0.1428571492
85196  19.040  -1.819  -25.209 0.1428571492
86335  22.480  -1.809  -22.180 0.8571428657
86337  21.458  -1.291  -23.284 0.8571428657
86346  21.008  -1.269  -24.042 0.7142857313
87401  21.948  -0.772  -22.394 0.8571428657
87424  19.401  -0.354  -24.996 0.1428571492
88376  23.830  0.871  -21.150 0.8571428657
88397  21.778  0.512  -21.912 0.8571428657
89533  24.000  1.107  -21.125 0.8571428657
89534  23.752  1.137  -21.135 0.8571428657
89572  21.869  1.769  -21.568 0.8571428657
89591  20.229  1.471  -24.255 0.7142857313
90707  20.200  1.994  -24.039 0.7142857313
90726  18.050  3.161  -26.313 0.1428571492
91810  20.456  3.805  -22.580 0.8571428657
92859  24.282  4.506  -21.063 0.1428571492
92860  24.004  4.602  -20.582 0.1428571492
93946  23.609  5.365  -20.607 0.2857142985
95022  23.400  6.202  -21.043 0.1428571492
97356  21.908  8.765  -23.286 0.8571428657
97403  15.485  8.047  -26.911 0.4285714328
98413  20.551  9.654  -25.060 0.5714285970
99372  22.618  9.800  -23.230 0.2857142985
99412  21.101  11.091  -25.145 0.5714285970
100426  18.356  11.264  -27.659 0.1428571492
101316  21.707  12.046  -24.887 0.5714285970
102244  23.880  13.214  -24.936 0.1428571492
104023  22.939  15.592  -28.261 0.1428571492
136412  23.143  15.499  -28.450 0.1428571492
