#!ascii label  , from subject sub.01.bl.02 vox2ras=TkReg
271
81796  22.980  -5.667  -23.609 0.0000000000
72177  19.028  -13.439  -18.067 0.0000000000
87415  20.631  -0.274  -23.749 0.0000000000
98434  19.035  9.961  -27.208 0.0000000000
70901  17.447  -14.870  -17.551 0.0000000000
90688  21.503  2.194  -21.542 0.0000000000
94001  19.997  5.615  -23.088 0.0000000000
79644  20.227  -7.473  -22.513 0.0000000000
77300  20.767  -9.830  -21.323 0.0000000000
79626  22.220  -8.202  -21.932 0.0000000000
85182  24.010  -3.356  -23.278 0.0000000000
80731  25.287  -5.815  -23.364 0.0000000000
85185  21.052  -2.426  -24.070 0.0000000000
87380  23.122  -0.477  -21.527 0.0000000000
96283  19.214  7.505  -26.426 0.0000000000
96248  20.035  7.921  -24.076 0.0000000000
74691  20.086  -11.402  -18.808 0.0000000000
91822  20.029  3.609  -23.280 0.0000000000
94002  19.618  5.505  -23.833 0.0000000000
80735  21.595  -6.522  -23.187 0.0000000000
79643  21.362  -7.446  -22.612 0.0000000000
79655  23.245  -7.247  -23.722 0.0000000000
70900  18.130  -14.383  -17.922 0.0000000000
86355  20.705  -1.735  -24.332 0.0000000000
85174  21.632  -2.109  -23.089 0.0000000000
87402  21.382  -0.335  -22.842 0.0000000000
91789  21.951  3.980  -20.809 0.0000000000
90668  22.316  2.575  -21.042 0.0000000000
98437  17.159  9.437  -27.608 0.0000000000
96300  17.409  7.662  -27.425 0.0000000000
97401  18.867  8.517  -27.094 0.0000000000
101315  22.285  12.519  -24.844 0.0000000000
99397  22.046  11.110  -24.091 0.0000000000
98400  20.852  9.780  -24.345 0.0000000000
98384  21.831  9.422  -23.632 0.0000000000
97351  21.704  8.325  -22.996 0.0000000000
78494  21.734  -9.301  -20.463 0.0000000000
76045  20.922  -10.506  -20.185 0.0000000000
69671  16.769  -15.253  -17.254 0.0000000000
88415  20.742  0.675  -23.031 0.0000000000
90699  20.122  2.529  -23.616 0.0000000000
91791  20.808  3.891  -21.995 0.0000000000
93966  21.063  5.753  -21.523 0.0000000000
78512  19.247  -9.029  -21.446 0.0000000000
79628  19.815  -8.208  -21.993 0.0000000000
78510  21.392  -9.121  -21.360 0.0000000000
79613  22.641  -8.237  -20.739 0.0000000000
82885  23.363  -4.534  -23.853 0.0000000000
81816  24.497  -5.343  -24.945 0.0000000000
82882  25.957  -3.806  -24.579 0.0000000000
81798  20.773  -5.422  -23.557 0.0000000000
84040  20.525  -3.452  -23.783 0.0000000000
84039  21.643  -3.596  -23.548 0.0000000000
85183  23.237  -3.165  -23.185 0.0000000000
85159  23.229  -2.085  -21.990 0.0000000000
87379  24.200  -0.440  -21.281 0.0000000000
89556  22.011  0.945  -21.662 0.0000000000
88377  23.577  0.975  -21.142 0.0000000000
94039  18.982  5.861  -26.643 0.0000000000
99425  20.045  10.593  -26.473 0.0000000000
97399  19.965  9.202  -26.086 0.0000000000
96267  19.580  7.489  -25.484 0.0000000000
95082  19.540  6.641  -24.423 0.0000000000
95064  20.137  6.910  -23.306 0.0000000000
96203  21.424  7.313  -22.064 0.0000000000
73435  18.907  -12.750  -19.309 0.0000000000
77288  19.674  -10.170  -21.057 0.0000000000
80733  24.019  -7.091  -22.868 0.0000000000
79612  23.148  -7.666  -21.359 0.0000000000
92928  19.469  4.431  -24.902 0.0000000000
94015  19.598  5.468  -24.851 0.0000000000
81779  22.065  -6.182  -23.240 0.0000000000
80734  22.432  -6.475  -23.456 0.0000000000
68420  16.240  -16.975  -16.320 0.0000000000
68435  16.618  -16.239  -16.707 0.0000000000
72178  18.508  -13.820  -18.439 0.0000000000
86347  20.477  -0.772  -24.195 0.0000000000
87414  21.175  -0.786  -23.508 0.0000000000
92878  22.288  4.837  -20.583 0.0000000000
91770  23.117  3.774  -20.410 0.0000000000
98436  17.821  9.524  -28.086 0.0000000000
97410  18.222  8.637  -27.722 0.0000000000
98425  19.076  9.284  -26.952 0.0000000000
99384  21.717  10.093  -23.876 0.0000000000
98383  22.363  9.583  -23.349 0.0000000000
78478  21.735  -9.118  -19.556 0.0000000000
77272  21.381  -9.849  -19.862 0.0000000000
72179  17.799  -13.696  -18.824 0.0000000000
89583  20.442  1.488  -23.570 0.0000000000
92917  19.941  4.623  -23.164 0.0000000000
92900  20.401  4.735  -22.464 0.0000000000
92880  20.768  4.770  -21.670 0.0000000000
93984  20.511  5.748  -22.362 0.0000000000
100427  17.834  11.010  -27.954 0.0000000000
79627  20.910  -8.259  -21.999 0.0000000000
78509  22.107  -8.795  -20.964 0.0000000000
69670  16.996  -15.195  -17.419 0.0000000000
69653  17.204  -15.724  -16.877 0.0000000000
84037  23.743  -3.783  -23.728 0.0000000000
82884  24.343  -4.301  -24.397 0.0000000000
84036  24.802  -3.816  -23.504 0.0000000000
81799  19.742  -5.616  -23.289 0.0000000000
85186  20.387  -2.899  -24.417 0.0000000000
84038  22.725  -3.710  -23.706 0.0000000000
85184  22.103  -2.961  -23.273 0.0000000000
86316  22.221  -0.970  -22.228 0.0000000000
85160  22.746  -1.938  -22.093 0.0000000000
86315  22.727  -1.339  -21.983 0.0000000000
86314  23.920  -1.574  -21.570 0.0000000000
89574  20.689  1.551  -22.755 0.0000000000
88414  21.230  0.639  -22.401 0.0000000000
89573  21.419  1.428  -21.828 0.0000000000
89554  23.452  1.459  -21.096 0.0000000000
88394  24.384  0.562  -21.195 0.0000000000
96284  18.424  7.553  -27.167 0.0000000000
96285  17.946  7.080  -27.096 0.0000000000
95114  18.438  6.502  -26.794 0.0000000000
95113  19.145  6.508  -26.610 0.0000000000
100403  21.418  11.551  -25.019 0.0000000000
101328  21.360  12.458  -25.354 0.0000000000
99413  20.628  10.637  -25.450 0.0000000000
98423  20.178  9.767  -25.863 0.0000000000
97369  20.529  8.804  -24.311 0.0000000000
97370  20.193  8.212  -24.844 0.0000000000
96249  19.798  7.634  -24.717 0.0000000000
95081  19.647  7.360  -24.042 0.0000000000
96232  20.636  7.983  -23.626 0.0000000000
97350  22.333  8.563  -22.783 0.0000000000
96219  21.071  7.743  -22.845 0.0000000000
96218  21.857  7.918  -22.377 0.0000000000
96202  22.113  7.309  -21.667 0.0000000000
74693  18.563  -12.079  -19.765 0.0000000000
77301  20.004  -9.710  -21.388 0.0000000000
77302  19.474  -9.695  -21.283 0.0000000000
76062  20.311  -10.216  -21.115 0.0000000000
76027  20.247  -10.915  -19.542 0.0000000000
74692  19.509  -11.821  -19.401 0.0000000000
81794  25.285  -5.680  -24.074 0.0000000000
79653  24.202  -6.673  -24.079 0.0000000000
80732  24.567  -6.364  -23.178 0.0000000000
90700  19.675  2.988  -24.267 0.0000000000
91823  19.604  3.577  -24.100 0.0000000000
92918  19.581  4.526  -23.995 0.0000000000
80736  20.582  -6.746  -22.926 0.0000000000
79642  22.569  -7.370  -23.220 0.0000000000
70883  17.672  -15.201  -17.026 0.0000000000
70882  18.238  -14.657  -16.778 0.0000000000
85172  24.274  -2.747  -22.499 0.0000000000
84026  25.612  -3.308  -22.891 0.0000000000
85194  20.452  -1.943  -24.480 0.0000000000
85175  21.324  -1.789  -23.645 0.0000000000
86336  22.008  -1.407  -22.489 0.0000000000
87381  22.094  -0.395  -21.998 0.0000000000
90669  21.113  3.007  -21.674 0.0000000000
90687  22.052  1.999  -21.431 0.0000000000
90647  23.011  2.871  -20.659 0.0000000000
90646  23.380  2.853  -20.841 0.0000000000
96299  17.909  8.103  -27.647 0.0000000000
100392  21.886  11.603  -24.516 0.0000000000
99398  21.397  10.641  -24.470 0.0000000000
99399  20.797  10.197  -24.799 0.0000000000
98399  21.327  9.874  -23.953 0.0000000000
98385  21.097  9.308  -23.838 0.0000000000
97357  21.266  8.614  -23.498 0.0000000000
98372  22.253  9.090  -23.249 0.0000000000
77287  21.272  -9.926  -20.751 0.0000000000
76061  20.807  -10.430  -20.929 0.0000000000
76026  20.876  -10.277  -19.268 0.0000000000
69654  16.308  -15.282  -16.903 0.0000000000
70902  16.585  -14.626  -17.618 0.0000000000
70915  17.145  -14.514  -18.088 0.0000000000
70914  17.600  -14.289  -18.270 0.0000000000
73421  18.487  -13.370  -19.025 0.0000000000
88432  20.183  0.626  -24.391 0.0000000000
87403  20.761  0.168  -23.288 0.0000000000
88424  20.480  0.690  -23.699 0.0000000000
90689  20.684  2.658  -22.386 0.0000000000
90670  20.763  3.325  -22.167 0.0000000000
91790  21.272  3.769  -21.307 0.0000000000
92879  21.406  4.801  -20.974 0.0000000000
93965  21.905  5.677  -21.077 0.0000000000
99434  17.519  10.383  -27.673 0.0000000000
99433  18.135  10.456  -28.144 0.0000000000
99432  18.665  10.551  -27.552 0.0000000000
78511  20.381  -9.063  -21.641 0.0000000000
78493  22.178  -8.681  -20.130 0.0000000000
81795  23.837  -5.118  -24.479 0.0000000000
82918  24.774  -4.745  -25.255 0.0000000000
81814  26.125  -4.608  -24.410 0.0000000000
84035  26.114  -3.621  -23.911 0.0000000000
84045  27.394  -3.723  -24.023 0.0000000000
81775  26.810  -4.786  -23.256 0.0000000000
80751  20.660  -6.153  -23.353 0.0000000000
80750  21.218  -5.971  -23.442 0.0000000000
81797  21.814  -5.607  -23.332 0.0000000000
82888  20.030  -4.468  -23.559 0.0000000000
82887  21.189  -4.517  -23.551 0.0000000000
82886  22.309  -4.587  -23.534 0.0000000000
85173  22.628  -2.405  -22.457 0.0000000000
86313  24.954  -1.246  -21.366 0.0000000000
87382  21.615  0.100  -22.272 0.0000000000
88396  22.447  0.418  -21.553 0.0000000000
89555  22.378  1.401  -21.402 0.0000000000
88395  23.418  0.584  -21.211 0.0000000000
94025  19.441  5.326  -26.017 0.0000000000
99426  19.311  10.614  -27.055 0.0000000000
98424  19.526  9.740  -26.495 0.0000000000
97400  19.510  8.599  -26.163 0.0000000000
97385  20.218  8.864  -25.451 0.0000000000
97386  19.896  8.137  -25.363 0.0000000000
95096  19.484  6.473  -25.683 0.0000000000
95065  19.687  6.188  -23.601 0.0000000000
95045  20.888  6.705  -22.227 0.0000000000
95024  21.585  6.570  -21.553 0.0000000000
73420  19.050  -13.197  -18.693 0.0000000000
76047  19.117  -10.678  -20.511 0.0000000000
76046  20.130  -10.618  -20.516 0.0000000000
76028  19.624  -11.091  -20.018 0.0000000000
74709  19.048  -11.435  -20.051 0.0000000000
73434  19.396  -12.548  -18.832 0.0000000000
80749  23.135  -6.755  -23.826 0.0000000000
79641  23.525  -7.341  -23.424 0.0000000000
79625  23.246  -7.587  -22.502 0.0000000000
80716  24.367  -6.386  -22.290 0.0000000000
80717  23.805  -7.067  -21.862 0.0000000000
70913  18.040  -14.131  -18.448 0.0000000000
79640  24.212  -6.958  -23.701 0.0000000000
79654  23.738  -7.084  -24.073 0.0000000000
80746  25.290  -5.734  -23.833 0.0000000000
80747  24.735  -6.061  -23.999 0.0000000000
80748  24.016  -6.086  -24.113 0.0000000000
80752  20.103  -6.299  -23.160 0.0000000000
80763  24.882  -5.822  -24.376 0.0000000000
80764  24.655  -5.795  -24.456 0.0000000000
81778  22.348  -6.007  -23.326 0.0000000000
81792  26.704  -4.559  -23.999 0.0000000000
81793  25.906  -5.314  -23.807 0.0000000000
81813  26.653  -4.417  -24.306 0.0000000000
81815  25.214  -5.452  -24.562 0.0000000000
81825  25.439  -4.665  -24.839 0.0000000000
81826  24.980  -4.990  -25.147 0.0000000000
81827  24.683  -5.019  -25.248 0.0000000000
82881  27.444  -4.185  -23.657 0.0000000000
82883  25.367  -3.931  -24.512 0.0000000000
82900  27.649  -3.829  -23.914 0.0000000000
82901  26.966  -4.134  -24.335 0.0000000000
82902  25.960  -4.080  -24.899 0.0000000000
82903  24.968  -4.274  -25.096 0.0000000000
82904  24.414  -4.755  -25.044 0.0000000000
82917  25.196  -4.526  -25.110 0.0000000000
82919  24.506  -4.935  -25.222 0.0000000000
84046  26.718  -3.763  -24.308 0.0000000000
84047  26.238  -3.781  -24.531 0.0000000000
86335  22.480  -1.809  -22.180 0.0000000000
86337  21.458  -1.291  -23.284 0.0000000000
86346  21.008  -1.269  -24.042 0.0000000000
87401  21.948  -0.772  -22.394 0.0000000000
88376  23.830  0.871  -21.150 0.0000000000
88397  21.778  0.512  -21.912 0.0000000000
89533  24.000  1.107  -21.125 0.0000000000
89534  23.752  1.137  -21.135 0.0000000000
89572  21.869  1.769  -21.568 0.0000000000
89591  20.229  1.471  -24.255 0.0000000000
90707  20.200  1.994  -24.039 0.0000000000
91810  20.456  3.805  -22.580 0.0000000000
91832  19.440  3.489  -24.808 0.0000000000
95115  17.437  6.632  -26.805 0.0000000000
97356  21.908  8.765  -23.286 0.0000000000
98413  20.551  9.654  -25.060 0.0000000000
99412  21.101  11.091  -25.145 0.0000000000
101316  21.707  12.046  -24.887 0.0000000000
